25954
22672
21864
7465
1718
21652
9372
15372
467
25644
23104
14360
22537
7870
7735
3956
28019
31809
23460
18310
7538
26602
6399
13494
29529
26119
5737
28533
23402
20779
9788
6782
24578
29323
29671
24156
18192
31144
11513
15917
9163
5934
16507
10661
12453
16156
10371
28758
1402
22054
29190
31278
32270
20056
30446
26945
25782
30459
32364
2248
13653
956
14224
11626
3210
3851
16919
27323
5928
7106
14724
16899
5607
23047
30322
11840
18777
13171
31272
12654
23071
25204
14446
18181
4444
6383
13215
24516
30058
31274
7936
19117
7884
27626
31568
12113
22884
728
24992
32077
26086
3625
28773
29973
28557
1662
3788
11760
2573
25609
31309
15684
19400
8178
21123
25364
22596
25849
5947
24519
28381
13148
19659
22315
20919
31739
15013
25785
6391
30394
30763
17691
17971
14375
15301
14571
11302
19037
8241
1214
32425
19752
21531
12897
7903
24937
26606
30562
30639
25532
11753
25810
32375
14937
24693
17482
11262
14904
694
17964
427
26489
12128
25899
28405
5378
18892
8974
11035
10090
17739
688
22293
32534
30394
25420
31690
19873
9302
8439
14467
23169
18386
7790
13728
31464
13991
7186
12170
16617
9388
49
11752
9692
13542
29831
15126
13315
3233
32005
12242
29550
7359
27601
26425
7707
5457
22157
28403
24418
14180
28892
1962
8848
31005
28706
2496
13523
12297
23692
577
15958
13742
29521
7190
22188
14950
32311
10620
14450
14957
17496
25013
22576
18744
30758
9981
25217
9992
18093
26816
25972
21696
27672
30218
10545
6643
29047
21567
31712
12610
30655
28172
29894
3813
13330
11933
29361
30087
321
23825
22935
19799
10896
19499
21370
29020
21433
12874
6286
26376
8755
15771
670
13329
2995
14477
28588
18044
28148
21125
14296
8955
21428
24788
14979
19832
2815
11238
18099
8178
28847
7355
25273
904
5428
24219
14098
16339
7825
18694
8332
21625
2983
9707
11689
4351
15542
10266
2888
24287
25889
9722
9346
29147
19057
27775
31187
21136
29853
15959
29562
30542
13193
21348
13090
24359
7628
27759
10433
25414
27830
20251
28353
12931
22930
15895
12638
11060
24616
16792
9551
1861
2694
21511
20904
3723
10752
18166
12543
17237
8566
29785
28109
15684
9429
4083
15896
9821
4576
11534
8783
3677
17969
19567
2934
2124
5754
1673
11394
18005
19217
9713
31495
10197
17836
17938
8976
28082
13417
18978
29262
2286
30225
16469
32374
14204
5021
1360
2788
25426
29433
15328
29060
30655
9993
27884
4850
8447
234
25512
4576
10765
18042
6668
23993
27832
12826
18821
20611
2041
8114
29674
25610
20612
2806
30897
16955
12189
17128
2659
13518
25645
30366
6221
14376
23061
32582
121
13695
3010
2919
7644
10303
8705
3946
1745
12972
17941
8024
4038
26057
23048
5605
26165
16505
2878
11438
22487
10725
29520
27071
6676
27421
15127
1624
9661
27650
29702
13041
31485
14179
7101
23675
24973
2662
32220
22249
31016
29482
26645
4335
11839
17066
25734
13577
26349
21989
28229
23488
31789
31292
21564
13097
21323
28955
15927
16302
11160
22235
2107
6672
29794
28903
26650
20141
16163
10014
4420
16895
8697
11385
19168
15974
7766
6894
11291
3879
24569
1684
29376
19636
26653
19463
10250
15918
30960
7694
1974
29736
21830
5755
23899
174
10383
20051
19454
28805
11014
16687
13281
27061
22060
32738
10909
4933
15733
30300
14704
10822
24385
18639
21976
26643
525
3088
18529
7638
29163
23871
30139
10574
12847
7338
15887
9936
30572
20463
26259
1164
32159
28513
16733
23314
3753
8877
1909
12053
19715
12478
6445
110
5805
9949
6325
19043
5223
31517
4842
22826
18724
11766
10863
6313
13756
12080
30975
16512
25825
2562
6913
329
29524
7292
6493
5918
26712
24098
9615
25948
29288
31194
23546
32679
23589
16136
126
17455
19858
11767
26956
27441
11651
9083
3065
12224
14163
26580
24786
30149
6358
9430
4208
4421
11406
1863
8076
4834
9250
3977
3348
15781
14091
21880
5757
2554
10641
17302
5724
23036
16374
3430
12592
17139
29169
25877
17538
4123
29278
13407
19505
25256
24371
23729
12807
4870
11702
17035
15247
14181
9965
10281
2603
29557
2134
7010
24929
30062
7385
31440
10102
17492
25083
22065
21566
17273
3412
11789
16946
3907
1603
22170
5571
5935
10208
476
12014
6422
24370
13584
22801
25008
31139
11595
11517
30294
14256
30559
22860
3084
30693
16126
17653
28606
3593
6434
16413
17354
6806
19883
14128
14015
30316
25674
7217
5988
1733
30879
31310
27133
3436
6558
26552
25289
18730
14391
18865
27087
31361
26934
7911
3035
8349
32360
17408
31939
648
15103
26230
3822
22685
10039
6565
17431
10815
18234
16930
23375
13259
14657
19279
65
26826
32509
23340
32698
26220
30261
30832
9577
27186
17584
22233
9955
8426
15189
15808
16361
25056
29841
15600
25582
10835
12793
9144
10452
27942
15665
28223
20215
2776
20492
7448
2668
1462
18420
11030
29067
17999
10381
5474
13482
1065
12693
10698
812
9906
3087
3932
16827
12921
21152
15668
30161
5790
31033
21394
2685
28296
22518
2864
21092
3029
23878
11986
27398
23703
11085
21278
25922
445
9350
16558
22300
10703
11181
17508
15039
991
6876
23037
16062
24252
13812
25833
27551
18536
7230
27482
17050
16844
32082
1948
14750
23211
5432
932
14485
18901
13262
21227
31721
21917
21353
24189
71
8332
703
22348
23459
11863
9733
715
10108
13583
21332
13752
24673
3736
20049
28985
24244
24156
26381
22059
19630
16192
16426
25271
15779
3544
16448
11814
19079
8918
12926
5878
22450
4553
23189
5933
26592
16388
32721
13037
8316
26587
13193
13641
25374
23574
22202
12119
8274
8095
8943
28038
18331
9598
14948
22322
30903
19719
874
27766
23077
28242
21261
22082
14565
2796
10997
15533
21887
30412
3722
22412
582
3465
13148
27971
30430
18378
4289
13275
31996
17661
4800
18517
23149
7500
29741
12350
7258
4044
1046
6532
10186
24824
23134
19592
13160
32095
16296
1140
3719
13465
19574
8655
22883
8319
914
27471
4777
3228
27566
20718
7738
29150
27719
25919
10540
23185
29135
259
3858
17038
7434
17656
9342
18352
441
28145
2756
16008
14454
12075
28928
32594
18399
1759
26202
32551
10486
16660
8584
2420
27336
7351
24981
