1366
14931
24124
8021
13629
2268
11053
5404
11098
22641
32233
21178
25156
12448
6611
16346
19855
30462
19772
13397
23873
13513
12411
2805
21893
24524
23360
20862
20132
10883
1061
14831
28976
8064
16006
12549
17027
3085
19091
15873
5480
32275
11171
4011
29463
22842
30924
23191
4199
18258
7088
27815
9023
2034
29081
6609
11341
25438
713
26146
2299
17582
17419
4355
24991
16173
5774
26044
18418
768
31219
30006
6596
1288
9381
7429
31726
24073
30313
32677
391
9483
31030
20996
21339
18688
25670
8769
27544
11688
21869
31668
14795
4018
13482
3118
17163
29732
30204
11906
4724
9980
11638
32324
3544
3351
10646
22736
688
19795
2003
28558
32601
5361
30581
20341
19581
31549
7849
462
6863
18544
21973
10811
14587
9173
11561
17911
26076
27947
28791
28767
4848
17739
7492
20658
11018
2570
32543
5397
12615
18785
26161
7898
19523
28619
11286
17409
4493
13807
31467
18943
9560
4479
2728
32191
627
11616
18608
3303
32379
11531
7591
1116
24143
16179
17796
6152
3780
17320
28135
6107
21914
2171
3756
13839
3759
25187
12480
689
18803
9311
5939
16477
23196
15005
32399
30281
13851
27803
26217
25476
9550
2700
6453
14208
11639
2557
26207
13263
14957
21944
17047
6954
24977
21736
17004
4535
20740
28031
8988
21132
16151
1493
21930
24175
28163
18833
16434
2015
6107
13773
10618
89
22206
12405
713
19156
23889
12016
1020
14222
4972
12291
19926
19722
27412
3314
1688
16985
426
26088
9425
28314
24929
11672
23672
20925
30454
6181
25144
6796
3995
28991
30987
19947
29492
7568
32266
29534
28357
19286
26244
27341
25387
5713
25677
20356
11275
8927
9304
3198
29449
29798
23432
1507
17210
754
5572
31695
28891
21535
31562
2645
10563
6970
69
27332
16150
9379
12961
23080
1724
4213
6686
18708
22289
8297
24227
14495
606
7416
10454
26797
23433
5568
28905
15216
7048
297
12214
29230
15131
32584
9743
10052
5307
17412
11855
10603
25293
27767
19509
7226
28188
17303
28403
492
134
14869
6529
4708
28662
5509
25911
878
21906
6848
4763
9800
17717
14214
7288
32353
6431
28520
304
13664
9707
4069
13906
4200
27330
28628
31343
19098
4559
15874
31018
30940
21746
8987
30095
23257
6841
15054
28326
15689
24460
10284
29255
20851
16167
18769
4655
7664
12878
20039
12116
27825
21691
14119
3958
23108
18268
32129
28919
27218
699
27902
4332
17773
11710
28484
22388
1032
19600
20250
7753
10951
23519
14029
17812
15354
11336
28114
2822
612
4623
6572
22308
31040
15636
1553
29922
30086
19714
14408
26484
29802
30154
20949
21089
13093
18512
1624
10201
29689
29539
10419
4424
5231
4339
4971
17963
22756
21374
28753
17699
4419
10188
9057
9031
31508
7900
23786
26047
1206
13342
5871
6543
21992
17379
461
7600
16783
17937
9247
21349
1203
8475
12767
10444
30410
10544
24270
12723
3897
8115
12309
17070
25624
18156
4396
16998
1589
24061
12283
9524
24156
6423
25663
18159
28630
27117
9776
5890
9264
11369
22625
19137
1086
2974
26855
2557
606
13055
3517
18901
14849
8142
8295
18896
18536
9943
23766
26409
8876
605
1932
14954
3329
31829
16128
13116
5947
2258
31812
9854
17042
25793
1765
660
13474
3286
24595
7682
7094
8390
26881
21561
10309
1719
18575
25776
16317
25332
21543
18487
19584
14310
32740
28809
20268
16960
6650
9760
5408
25977
21842
30797
14396
15487
26484
29575
19431
8874
15786
4612
23383
18670
3426
6790
7437
11094
17365
24952
32670
31405
6374
8249
29625
20094
18765
22200
5990
13120
15348
27457
9868
26826
5793
31894
21686
25869
1494
6722
29718
28417
15350
22314
3531
26080
27560
27237
20319
2195
16768
21069
29076
20841
8413
11734
31840
14863
10253
16415
3126
31677
16312
21063
31879
8109
14715
26498
7049
29649
16851
30572
19255
14277
10557
8861
13209
5635
18587
5501
27205
15702
1242
3417
13094
11921
13778
13239
15996
4736
29805
17383
2084
11295
5132
11995
15386
15114
19238
12601
17468
25141
20274
4013
25424
26333
26568
28036
329
23486
15619
29047
3270
3207
25897
11460
5596
15755
30094
30852
1557
5049
6837
15672
6584
14542
31673
22693
32331
4041
27883
5602
14935
3487
13757
27567
17003
2609
28127
29960
24419
7547
13735
22522
18922
23822
19894
3766
7998
3520
20953
18148
4916
7586
6957
19257
891
31282
3463
11084
20516
5842
21522
5541
7522
14201
20794
6167
25231
21417
17865
14929
27248
9633
29520
9903
10426
14803
15817
21846
2261
4760
4218
28031
6623
13347
2589
20755
15348
11443
13373
1657
12973
27917
18915
29867
16614
1322
20850
9616
12741
6445
3536
646
29432
8856
2758
16189
9277
20926
18602
26316
16424
9084
19259
16126
16929
32548
4044
30189
28076
28858
11941
19923
6893
21347
11174
15132
11371
26
14893
10432
4628
21669
30778
22223
32129
9927
25809
1870
11132
30648
5536
27969
26303
31698
28642
4617
10239
19085
26755
9456
30505
19117
3973
26883
29164
11962
27298
13600
7031
5553
25395
14927
22916
9209
19280
1109
17045
10392
15929
26759
8573
8871
24564
22237
21027
15107
16440
16711
23427
1606
25738
3396
27381
8950
15782
17328
5298
2044
3104
29405
32148
5975
30795
30438
21021
18705
24922
7232
11963
626
10181
20626
23882
28021
30447
21959
3035
25720
20997
11105
24756
17975
26665
8720
3992
17915
29648
19843
21576
3087
10600
18558
30281
14964
31039
32557
14824
10709
10400
29624
25212
29373
1599
12567
10731
5896
15830
24616
20847
24472
3857
13054
12186
16969
27560
6780
24472
25638
16586
31267
30133
3037
28610
20009
23838
6256
14805
30667
17132
20526
9065
9188
12894
7138
4717
32701
18022
586
11252
12327
5224
30666
13603
16071
13374
22114
31566
29106
2431
4574
1886
16698
12801
31820
8310
24583
15772
11955
25046
2409
4913
27138
26623
2540
9963
1095
22807
13869
26053
13857
19600
17389
31309
23672
22021
14692
20135
619
14180
26327
28628
18314
32338
7789
13877
30278
4299
7743
22346
24229
27913
24750
17600
18747
8360
18169
31915
5717
15111
21007
12048
23927
16113
23969
23718
8457
22397
4476
21213
27213
21554
32022
10528
24980
12399
4454
9047
14002
10762
27897
7601
28079
11064
11843
26016
25535
2989
16435
9253
8308
27908
21770
15693
18227
13920
876
18684
15589
29524
14775
2281
21998
6656
31637
32746
8291
31869
7629
3698
7799
27004
29791
14423
1335
16425
9935
30681
21368
31574
7873
16865
21773
30677
17606
8070
26173
31269
32630
213
2932
14162
10431
11474
12600
25878
28028
29370
10335
5444
19273
139
12927
24678
8342
710
12967
9125
763
29044
22092
21994
20427
11879
19078
14403
10988
22722
20861
25992
24550
31164
19485
1342
22841
28320
3090
9659
8692
13336
496
395
9603
30380
7089
13331
8649
3206
26469
8564
32623
15480
20005
5555
1147
30272
31561
24342
5412
24586
17371
26577
30436
23862
8779
4833
18896
29276
6755
24633
11301
10893
6526
7196
15395
25052
9973
7626
27678
6429
30939
22878
23762
14061
16618
18679
12791
23027
17852
28950
5397
8293
7231
1095
23194
2253
5475
27140
32042
20493
13333
11478
25398
28832
16241
5053
8912
10020
17715
27346
14269
8213
8303
16171
24524
13020
22659
4607
4455
19976
27721
18186
16488
30939
23953
21043
25902
3592
4302
26733
31215
5051
21775
14299
25167
21722
10289
27447
28978
8074
2899
31860
207
19702
31627
6818
20743
30284
25303
10003
8180
31495
5463
3516
12484
15476
11961
31965
13512
12911
25588
16357
19144
15726
7481
16784
2202
22978
27686
31058
17138
6169
12862
18424
1916
32582
2966
1933
32040
15173
20944
21114
7878
15737
19277
17906
978
12857
23199
17293
11153
28555
16957
30259
32349
16687
20603
7740
31036
13792
1977
26837
14264
20950
5850
22182
20459
19087
13816
30130
13530
12239
15189
29310
4868
9702
31893
17525
23354
5425
20523
31115
28592
29411
17170
25889
10069
1797
22205
13864
7008
21436
23376
14474
29483
459
14864
17861
8773
30296
17432
10457
19651
30195
22863
31077
17878
30932
31638
12813
23715
5220
8774
1566
27470
7680
25049
14965
23640
27385
15335
1437
6700
20959
11093
15159
7412
20735
16585
18079
2737
32298
25440
14540
7563
9144
2468
28024
17509
11981
32440
2945
12725
21211
2006
25744
19603
1640
32252
30712
14352
15634
12257
7393
25800
720
8238
6053
24763
23674
29675
7802
22872
4492
9527
4434
987
17191
20029
26879
24537
29784
8291
8603
2073
26525
23492
9255
1446
30117
23265
29554
22818
16728
1683
8252
11869
27927
17989
18588
28199
13637
16479
9887
8802
5126
32517
29234
24667
21062
19714
6722
11610
10750
24319
6433
4471
23986
7417
26668
19632
26943
8178
22187
25145
12243
14310
18424
28179
19261
3584
7396
30944
24679
14094
19542
15862
7456
18995
28469
6066
17183
20443
17288
1550
25669
7412
27356
886
13347
28252
26598
7128
4796
22677
8042
31227
13452
24512
24668
24337
3017
19401
14148
14479
22248
3295
4327
18492
30819
17447
28707
4744
31674
17585
15131
1824
27576
8363
25492
6079
24055
5844
28319
12615
22438
29748
8057
19216
28554
15883
18863
128
20803
14343
3717
26844
1489
6841
2457
8541
9558
3658
12484
15751
22045
15722
27457
4534
15580
5258
9233
3066
16950
331
23453
3876
20868
17974
31902
1057
29909
13997
30778
5511
29235
28449
28015
18798
20009
23942
24501
28033
22402
11780
16607
2389
8274
28656
21059
19193
2107
1786
8474
8654
15337
15528
8746
31640
19935
1539
12450
22486
19574
20880
29765
9551
31010
29057
29386
7662
1272
30253
20611
5327
30317
3262
1086
27290
7265
13865
617
7184
12892
27236
9081
7907
6679
31699
18828
203
20030
20227
2380
31958
29300
15002
23063
31488
9368
9102
4446
11779
29510
10646
11595
17264
7585
30686
12967
23039
80
3583
8698
12835
21447
5422
18420
19682
8136
5555
27915
27876
2089
8350
10342
11722
22231
16821
23034
9665
26395
19888
4083
17750
22044
24745
23381
27020
7334
8398
22499
21547
30249
6489
27456
32348
14597
16834
32596
31091
1028
1330
15345
21004
25896
24124
950
10585
23976
23240
14388
30906
26421
7247
2384
13198
24193
10318
21480
15178
30466
7412
21434
22984
7156
7710
11393
13793
25245
3718
3680
30269
29140
26935
31108
1642
708
20293
25862
12844
24302
7610
19726
2836
32621
8147
27710
19540
12670
12653
9294
12498
25663
26042
23027
28539
951
1592
18438
20954
1303
32228
3554
6377
2111
1195
32014
9255
12932
7969
27164
3818
9905
18037
1232
14327
15947
19621
31621
26448
26650
20718
28109
1613
20452
22663
29272
7662
13180
24462
13335
3952
2300
30275
27296
15134
23118
15988
12757
2410
31217
23864
1216
2620
29945
13536
24514
7818
26200
31531
19949
24617
3933
32697
26030
15331
22906
14018
30895
29129
9546
23560
31483
28618
2770
16906
25956
14981
28424
8571
5922
22620
4753
31986
31420
29386
32207
27875
29228
8694
28187
26574
20030
5768
10319
23222
21817
5563
21640
9685
7361
31667
18218
20878
15100
14354
23332
4003
4852
30918
16757
23720
16444
30500
27119
21944
26071
6971
26938
5734
25685
26978
29
13046
15167
28180
10233
8910
6581
7166
18582
12071
25174
20565
31522
14856
9824
29037
32375
29045
23576
23432
16541
17124
21613
4076
8592
8944
13272
23096
21315
32081
29318
24567
31460
24844
10169
20086
30562
15591
9324
6867
28973
16416
8502
2135
5949
13150
880
26885
11605
24040
32154
19571
20361
19221
3835
4313
3838
1028
9864
2664
19441
4492
27911
13533
28922
23158
31348
9045
29586
12778
31396
8803
15828
10792
1320
16480
25984
32633
11380
12290
21573
12132
2113
14640
17728
4132
16175
11285
15296
31834
21423
2676
22348
26368
14368
23355
10471
27550
28216
23642
28050
11968
13734
1749
21011
8871
3573
6424
9205
1087
4020
7052
5072
9297
24788
4967
27850
20730
18513
22472
25950
29532
9493
15619
27996
13715
19481
2617
7473
17642
4557
27949
10857
1103
698
24658
1394
17157
3941
14121
1187
19353
12151
17609
16508
24343
16412
20671
1328
28797
8617
19993
32096
13424
22657
2238
31274
22830
13625
15617
31842
31428
18426
19829
25375
10113
8999
2818
25466
2218
12608
17208
11666
879
8711
2276
25300
26142
13025
27361
16761
30103
22142
3377
10575
28416
32700
22604
23997
20922
5065
12984
10497
1427
18312
30938
17597
12605
27703
9996
11186
21759
28494
27120
14539
32170
4522
2307
14173
9167
6634
24437
18605
2863
1562
22328
17075
13939
143
6743
27677
17181
7185
28297
14743
16831
6976
28422
28746
24170
18224
6297
20898
28010
6487
23542
13397
12336
15529
10831
11937
26256
10753
12322
13781
45
25539
12885
22290
561
5311
16772
27987
30017
5721
14234
30891
28592
8679
13214
31438
4082
12635
2000
31955
31572
21282
19957
8760
13547
30028
5615
27943
24778
27628
25232
6135
18296
14018
26800
10230
11682
18967
17533
7526
21516
24297
6419
25797
13261
3656
20045
27986
19132
15360
24794
2252
3110
5240
30867
30845
18882
8666
14603
19319
10470
15476
104
29214
30714
23135
2162
10982
30766
606
7658
11358
28520
26120
25117
12398
5760
26410
19129
17628
14256
3175
21470
1301
4422
10529
6264
8491
20636
15517
17613
22042
14666
19553
5970
15183
19610
15841
25539
2411
1341
29531
19570
15940
31548
12288
9696
16940
1073
1876
14474
29303
9142
23511
21765
13623
24606
12517
28237
31306
20323
21467
11867
19863
28768
8315
14581
24212
9280
25746
4298
8460
23607
9943
21182
27423
20336
21783
15235
13450
19782
7567
11113
23336
32694
30618
7287
4281
12820
8076
16058
21987
28670
2525
11997
9846
4239
4490
31482
15092
468
26040
27056
849
26756
31386
14198
16119
26603
406
15918
22029
9768
11427
15102
22521
24728
16630
9819
17187
9362
15581
21094
31228
85
5355
17276
2368
16446
19541
30472
9080
3135
27804
3228
30146
31116
8300
1345
14804
25751
30149
3339
10559
10047
2904
752
13809
32580
11572
13017
11262
14591
9377
30202
8352
29264
16204
11615
21116
2519
20901
19144
24358
3687
14470
23479
29160
17079
7701
19143
20415
2395
1515
19263
25767
19699
25718
8935
13848
14499
17819
17947
24273
21699
18080
31261
30676
23511
26442
29104
4786
23489
30274
6114
10504
30517
7357
32041
9546
23406
19804
6833
26815
15903
6737
24565
29389
30637
14020
16013
3447
3483
10101
10310
8996
16710
26274
13176
8610
30418
32555
22932
3690
2148
25332
1021
12326
22929
139
23321
29040
16151
23563
2983
24797
3787
12096
30291
29242
27603
21771
32135
25877
8981
1032
25989
29824
11247
7279
31411
13329
8489
3384
29237
15917
17960
5251
14529
6022
27748
24374
9135
27619
19740
19432
14416
2080
11080
21758
32129
13685
20943
26131
2944
23035
16890
8350
19966
619
9768
21454
11381
14633
23748
11193
3259
20098
12149
23478
25560
30258
2708
18439
18709
24106
18659
29372
16213
8848
26492
12243
10408
17158
13831
25764
6174
32047
22320
22141
30169
12399
9561
19593
10598
12019
20363
2294
15950
8178
17075
23894
14055
22322
13067
24134
368
17869
22998
31310
17245
26677
15184
30729
28400
21878
2277
8070
22281
21435
29601
4845
13631
5652
744
6758
22063
1910
17255
26422
24596
18180
25162
4651
26521
14732
2223
22843
18155
21589
2907
24680
27409
1304
17068
31207
2944
23372
7887
14720
32746
22182
19507
22328
10328
32481
31806
9518
7032
10427
9790
7363
3896
3136
21666
18173
12179
4170
21098
1070
22443
28489
19676
30416
24857
6464
15737
5556
32129
30480
12335
10588
20073
29433
14800
14501
12107
27230
12995
10408
26088
27848
2554
5091
11488
27694
17443
7316
19584
17012
31523
15974
13787
12337
29120
25423
21532
14517
3997
16313
2074
32587
22892
14816
557
2491
14687
24699
28225
3091
11231
13470
9768
8615
9345
19167
24117
5975
16182
1976
6
11024
4546
31532
10145
25750
12655
8109
30403
27520
16642
62
12916
32388
6894
2517
24287
28660
27592
3075
19809
19337
20731
11478
20704
2400
20413
21503
3166
29250
14401
20784
4045
6440
18734
16840
14117
3582
10065
31154
32693
11688
32142
29578
18358
13123
22813
3074
11302
28333
5619
3205
30932
17479
28541
18714
24247
23033
2452
21898
25731
5495
1454
5573
17790
20419
30801
11650
12944
25076
21198
4902
10650
28469
5419
18919
22281
4112
23649
1841
13739
17133
8392
18248
24769
17877
14543
5424
19541
15740
29680
2506
22478
19839
25059
17983
28353
1514
6674
28065
11274
18941
5966
25040
13084
5168
31680
18331
13205
15220
20770
5672
19222
7612
6447
13718
14673
21436
16983
28896
6755
20976
21688
16133
7013
6881
27466
10086
23869
26276
19801
17775
31162
25507
15417
12153
24289
29856
18741
17647
29825
4086
18376
10160
16398
9250
12304
25781
31403
9603
1407
4084
19849
10590
5588
22404
10352
12837
9289
20993
26267
4345
21774
3122
13769
109
27895
6633
29585
23693
14706
11819
29942
7199
13499
32401
27707
28456
14931
30190
24825
9906
24494
31282
28270
18893
17707
18831
15384
31700
29514
13018
25730
6129
6170
11571
15967
9699
14576
4840
15317
3071
11358
919
21531
8821
28771
12691
11078
3029
12512
7817
27744
30418
4683
2916
2491
11589
5287
8045
22404
5237
8884
2743
13467
661
8547
10170
13730
3470
5004
24638
1621
14079
9699
22907
29977
6530
14121
11134
23767
31538
12447
10190
24842
26986
17088
29520
12311
16847
23087
30568
16350
19600
24815
28257
14478
19436
8146
3855
445
9461
21556
7090
9656
1428
19944
22558
32535
11214
10611
11033
25749
12869
31352
28421
18207
1538
31348
13759
30251
26993
4012
966
32331
10413
16483
18080
22018
25342
26191
2681
19670
3489
13902
13070
28838
5063
28758
15305
23870
14303
19370
17197
10793
6680
29524
25973
27334
2082
9935
10872
29855
31285
21252
2768
24565
24917
14200
20539
30368
10964
27587
21825
1302
7448
22852
26648
16841
29087
32019
21700
16054
20543
1591
23170
6458
4019
9241
4199
23592
24403
6457
32069
18458
15907
26144
26318
30212
25359
8342
7164
2063
31349
19220
16048
23716
23780
16508
20633
30662
8996
2056
1879
5798
15222
9600
11232
8561
25628
14769
2339
28525
12060
1818
11756
4420
29506
12008
1544
5536
20068
14885
3753
31735
7401
17196
10764
18857
2700
21344
22104
30024
8286
18717
19402
7222
29706
23023
17935
13942
23645
1282
31985
15548
20230
2522
4150
29894
19354
14148
27333
22511
30683
9869
24843
18434
20793
14065
3741
1612
6041
23894
14111
8437
21846
7227
11876
19088
10373
14315
3030
20464
12670
31478
11545
8253
19096
7905
19435
6984
27955
11549
11087
6684
26620
27702
8170
26070
19052
11597
30637
4278
10642
3528
1204
25973
8723
328
20334
24793
15215
14299
13311
27016
4229
13428
28386
14874
24922
10136
23763
12657
29206
25177
29164
32077
23375
30088
11278
21275
12170
20775
1154
11022
6655
30749
9440
12657
23197
7213
25392
25148
17230
13865
18768
741
6780
28259
11158
28280
1748
26981
4789
26602
26698
19682
31973
26283
16989
4332
14910
4474
7068
29030
26725
23421
30313
5053
20843
30609
18173
13523
12786
5599
2732
29500
10898
8112
25706
2477
24699
25986
25231
3505
4443
29530
20951
1694
7810
32605
16813
28872
21316
9882
7593
244
27294
27691
87
15376
6173
11900
9018
14113
6140
1770
4112
4988
2700
18320
30552
2873
7897
2909
20498
8677
20619
3178
9414
19831
15626
13451
12743
11141
21478
7205
14521
5816
26229
27455
11601
12414
23230
20699
8028
13054
1429
1158
1539
8017
28680
1582
20557
7151
3066
4148
24293
5991
7182
28610
19230
852
21191
14175
7988
15244
27885
32704
25557
28058
19250
10977
9951
5231
20245
23893
24428
23636
32519
8667
21260
803
13772
27441
24657
2231
24869
26669
21137
17313
5036
24073
8935
11804
28159
31999
19067
32580
8992
25365
2563
25730
7196
16699
19082
28491
32491
22163
31600
2826
7320
13840
4531
3930
2722
2626
3180
17017
27553
19312
8861
24569
11052
7144
32297
30649
12539
16019
10276
14612
20297
23500
2637
32344
28796
2162
10713
11386
18440
17212
32627
15112
2705
23629
4224
30814
29008
31497
11687
24093
3255
13862
31377
2521
10840
29190
8941
11794
20995
31044
24760
3942
7726
909
14267
25092
29594
7857
2645
7012
23604
11769
27514
3126
2362
29628
20988
22168
16542
22829
4361
5259
14767
26743
14838
17064
11510
11532
19258
17167
7006
28217
20670
3233
4249
30719
22868
23151
25790
26142
25988
28529
16695
9586
13199
17020
27866
8066
3246
9838
9046
17495
30619
17068
31697
26250
29778
28622
8911
7585
9497
19608
27478
8860
2238
7980
31568
23242
10784
22143
5936
1249
26864
16394
20696
15438
16313
17858
7610
18122
11038
18505
6206
24622
5732
26982
28772
30856
28976
23219
20395
6254
21137
1173
13361
24466
19776
6513
1819
20887
22823
26909
29239
25891
30241
2197
14560
2358
27649
8688
6179
5306
19413
146
29216
21595
5740
11682
18610
10904
11285
12479
19282
30234
27050
18670
31800
12869
5837
12759
12484
1550
2418
18738
28957
13580
8862
10364
31512
9937
2157
1774
27739
30842
16730
30639
22466
19589
5307
22601
18945
19683
21643
858
395
4942
29804
7052
23987
27613
4588
710
18705
9686
21000
20900
9000
26307
14319
25381
27973
13256
22792
18596
16042
9523
4661
14858
17388
30805
8794
22081
19866
29585
19993
18412
12831
20658
28896
8789
1770
8577
7974
2726
29900
25240
15857
349
11169
12401
13212
24570
14642
21186
5591
24314
18266
4621
30959
14345
1384
2930
17488
14452
16581
30409
12360
22493
28887
4845
20749
10034
14884
11354
21250
11232
11451
29179
19510
31555
16848
3133
18221
10849
23718
10856
27364
26073
21170
31279
25615
17942
16125
15750
29605
13256
9418
29363
18078
28821
9593
17064
31484
6155
19883
10640
30216
11482
15783
3496
28638
1600
12540
14416
22571
12740
10600
25954
30774
7463
16633
23746
30237
7320
26482
18998
7521
8487
3824
18296
4261
13180
3021
19594
18611
1737
11205
31306
1216
14333
18519
29510
4081
3387
22638
14033
30
18826
17729
12887
20949
26830
1656
31981
1442
22519
18832
28972
8845
32120
10368
6464
16869
9722
13213
8508
2108
10578
21179
17328
12211
23473
16789
25726
1912
7963
11119
19945
3212
10523
10745
17391
32714
20660
11127
25049
7461
30874
1055
30224
22577
27043
11970
20530
16869
12664
175
13669
31647
22928
21717
28396
23400
2655
29223
9976
9593
28362
12613
1984
32511
27615
9560
20691
32284
195
19517
22189
31534
25323
2535
8329
1875
10895
29438
6263
11309
9052
10956
430
22754
5482
22618
10531
8295
6765
30422
1115
11519
21295
1336
12925
3326
4414
22822
5035
15571
18657
6420
27282
4677
24401
8623
15424
27901
10534
23164
25142
20549
11536
15804
703
18959
32455
6036
25472
19257
17989
16490
19023
21775
18226
22162
24649
8210
31904
15146
19230
8184
7416
22082
28848
2291
6708
26177
6365
14902
29263
24195
24984
12726
25594
6471
14655
27949
23441
24777
21288
23653
11341
5035
19070
18611
27067
26777
26443
21953
30061
5421
14805
32657
5359
23568
46
14783
9212
18019
2567
5127
14066
3165
3781
2054
16772
28981
10711
21573
5551
5698
28998
2163
20207
2401
23181
9970
32178
4759
25004
32662
9997
1271
9848
10153
27822
5830
29749
13106
28946
1246
26470
4982
19448
1360
9700
16064
8981
19789
23854
1374
15113
11847
31488
14316
5266
3667
21543
725
27135
16338
11667
8982
8424
31824
23470
22597
1053
1708
27628
14290
23004
14457
3235
17806
10823
32421
10014
30057
18964
2392
24557
31360
32135
13087
29054
1879
18333
25418
5362
25442
14731
28563
27945
31179
22118
16640
10271
17775
24356
16394
19068
15914
6851
19454
22886
11092
28360
16804
22170
32651
23531
21791
17083
8627
13073
17172
6633
18236
5754
7438
32406
17315
6972
13601
1685
28988
7920
27854
24180
5934
9643
27431
14092
28863
21552
32307
12630
14802
23139
11156
15489
25773
25089
13415
6721
23808
21903
4204
32105
31779
5008
9319
30396
4768
25083
14278
9216
10993
13804
28035
21845
27019
9114
17484
7365
11803
2697
25058
31772
23055
20993
11711
9466
24664
18878
32507
32550
622
745
24944
26917
24213
13639
13853
26380
13152
1201
13000
13202
31859
15044
1255
26473
19596
18649
7105
10959
2245
9783
24017
9568
26899
24200
19819
8238
25107
25738
24738
3603
23558
32007
4200
28230
23321
22023
25335
15661
31979
7748
30064
26482
28489
12510
18626
29529
17468
10576
21966
21585
18245
29603
11465
7369
14311
11490
9185
580
3430
26573
22819
26544
10191
10705
2972
25075
4664
13368
4030
27336
14921
28062
25350
13769
16635
32676
8924
23500
18592
31976
27323
20595
25636
9012
23953
22015
2962
3573
24169
25445
14809
27887
15431
12452
6097
4912
21843
23893
22649
29250
30010
25988
10883
21925
29394
22718
25362
29308
20733
1899
17858
8071
26319
6751
3561
18769
21235
18603
7452
30379
15946
8121
29429
29016
12758
4504
21012
26378
983
15764
13924
5774
8243
9994
159
23875
12315
20090
31509
14544
25836
24798
7081
4374
27219
28986
10012
24164
17333
28789
6542
32746
6350
22375
30785
22129
13720
14131
28833
30537
16750
9175
26753
2946
29041
11521
25512
12127
14891
22821
25228
26119
17522
22220
7773
30078
10639
22575
17989
16084
15008
19716
8687
26268
22331
28312
15686
24992
5972
21022
383
14803
19553
30022
24409
8071
7611
30994
28323
6880
17480
32486
9983
29065
10583
23518
5607
5285
27851
5731
13805
11017
5756
25089
19271
2984
30426
3443
27018
15438
31444
5888
1718
18578
30456
23307
16243
1286
11739
4325
12442
4784
5563
2533
2551
14014
8547
26299
15950
23157
4175
14081
29851
18283
2577
14099
7838
29686
2291
8225
22679
29668
22494
16002
30287
24940
10106
16971
24919
21093
32407
32289
11412
11702
2508
2123
252
29966
3677
29195
18330
22229
1122
2351
13528
7266
7206
22499
6397
18542
13006
22217
6645
31176
31291
1356
14929
26187
22577
23601
20878
526
16568
20078
22938
9946
4034
19520
13716
20449
9743
31864
21971
15788
19790
8213
23851
5718
10117
21528
11115
22008
11698
9620
28970
9060
435
11269
12484
23830
5987
7650
20639
29287
30982
4982
8883
23812
10983
27627
1353
20127
29247
2216
258
26340
857
21213
2076
1455
23284
16219
15089
3452
18153
17578
21952
10783
25101
30549
11184
28597
1881
16521
21266
26074
72
25310
26343
21276
29313
16757
418
23728
20662
7491
21807
20068
21196
15532
1075
7893
14652
12628
8342
994
24505
12338
29503
11104
25363
12262
28958
27663
24155
16716
368
717
840
22097
31038
12298
4569
27397
28711
18812
29500
17650
21088
5140
31727
15533
21497
31280
6437
17834
10594
29202
28011
10324
10541
10385
8331
8797
15125
17422
26288
24915
14400
21418
716
2933
8385
16054
18487
19140
19041
18540
24473
3677
27807
31708
21257
30213
11765
5160
9590
7174
5725
13556
31046
12602
2836
1817
2622
8037
14238
3481
32418
9671
2058
18136
21405
9202
6263
28169
26850
1754
15831
28902
28564
3115
3059
28068
16484
20447
31920
19750
23801
22543
7312
19825
8340
4873
24699
4192
25588
31652
2240
664
6263
22480
13655
11967
7811
17777
3945
20713
23332
2414
11281
15955
20726
21764
3173
30036
16454
30049
24240
27024
4724
8558
25858
24687
5275
23020
9451
29134
17780
4034
17539
244
14968
1173
14509
16839
24645
6554
10397
7743
6723
168
10904
4124
1415
914
15867
17108
25336
21939
9855
4560
27824
9162
3259
14039
6821
22025
2027
15563
6792
14440
29935
2707
32493
32063
16023
6744
27053
19988
31517
12532
13704
24241
755
10663
25359
13946
25791
10764
19650
9214
23205
21068
26229
3788
9412
15762
3064
7048
27907
26303
8950
22078
6157
17758
5150
22261
10138
14042
24449
5256
4593
2030
20539
22961
12970
12894
4950
4199
14521
8933
13803
22378
13736
7022
20106
5660
12836
1415
21980
658
27579
18706
29319
19947
8164
31549
15442
27360
2112
31157
14986
8861
27679
17943
8612
27599
27462
13736
5155
14335
26096
18757
27325
11038
9746
16797
18361
29025
11747
17309
31131
10063
20380
8492
28931
2072
29308
6681
19923
22056
10512
10577
18320
12796
31921
12886
29963
21300
4686
8940
14144
22506
3180
23830
19326
7747
20074
32064
18632
23619
1290
20670
3196
27110
6189
4213
23090
29036
27102
13272
13031
31220
1682
28695
10075
76
10926
14226
10679
4616
16714
19860
8819
7889
16437
16958
19575
29696
1337
27329
7296
5740
6304
10705
14278
28287
30966
7254
15836
31376
21521
32356
27095
31596
20815
23661
20146
20278
20767
25781
13041
28274
17859
27911
20357
16220
2388
167
30192
13182
21766
2695
25001
25473
15789
28605
14530
7492
22912
11829
32712
6187
29469
21411
1259
17338
28110
24764
1630
25698
16139
27814
6145
29338
8512
7341
3134
28722
25552
17463
25648
10212
31833
16634
2827
2861
15674
26476
24760
8795
21842
4987
22463
17126
32011
12671
10858
3
29847
21357
27432
2423
14202
9805
29743
27817
2377
23534
31333
27644
16305
23768
18305
24667
28090
22146
24429
22806
21581
31173
5359
28140
15349
32145
20873
30569
7138
14815
5278
8562
12851
28390
28117
3102
29045
3218
30403
28359
26470
3634
4036
29025
255
15985
25641
12299
20402
30599
31129
7396
13297
13232
20145
13344
4335
477
19694
13915
28074
12970
4557
23852
10025
20881
21296
15870
6146
15965
25348
20251
22816
31457
5665
17162
32707
233
4721
11803
31944
13425
18517
10816
299
17941
6980
27934
3018
6601
32182
1124
1132
1482
1088
11356
2049
32213
13312
29888
18988
32406
4155
10190
12286
19811
11077
10142
2053
24618
16033
13748
901
424
3690
22738
21765
1500
7153
21775
6157
8892
27560
27181
26159
16678
25151
19496
15684
23065
32012
2571
6904
13349
27056
22279
29065
5408
16632
27078
22987
15387
26881
26109
9840
14228
25248
1089
15494
27630
1536
27675
21825
24094
29325
29790
3323
5798
13841
15800
25465
12487
28445
23432
4464
27122
28331
32495
22343
17793
7425
22570
10527
6308
9689
8735
23569
4766
12222
3125
14518
5425
8889
30313
5869
29014
16941
13215
26328
23602
7680
17973
19240
12358
7931
19166
10395
20198
12916
1454
20162
13804
22826
17777
7688
7597
7536
4417
20208
13100
13454
21592
16030
17038
20324
31778
25753
26062
24144
15510
21967
2994
19538
28359
30938
27390
30062
15798
20353
13799
23634
5483
31106
8650
25401
2116
21647
5918
3087
7820
23958
7592
982
17487
14149
22765
32072
18797
31182
10477
7870
10222
12263
17166
1872
1173
9493
22359
12094
7608
26923
5598
10127
7247
11533
10372
31991
31562
23738
29919
16894
31016
6794
14968
1119
18373
32692
24887
12718
28275
17938
3099
12094
4685
16169
17454
10562
6344
15460
20409
23858
22667
19616
2484
25457
19585
29421
19840
15404
32044
14995
19161
9093
5180
19540
22022
28913
20064
26865
2130
1502
16220
27888
17600
3994
7260
16795
29947
8304
135
24396
4748
25620
24536
17640
20559
29505
7209
2218
30760
2720
28817
26146
20722
10476
9968
28029
8376
22612
19400
14342
7976
10016
21583
17901
27716
5016
27330
26951
24411
28449
21755
25175
16952
31914
10566
4364
19609
20038
17777
24522
29667
9754
15394
19310
25363
24186
11373
11404
12024
7503
14246
9722
6816
22204
2420
23699
16
25345
9767
23605
12599
11167
29516
19980
25893
13245
11902
25619
1401
32714
18047
7639
28696
8292
19079
19071
293
25720
25563
27657
31021
30379
3490
24534
5025
27129
32500
28777
24970
31132
31541
13420
15480
48
31905
24307
26043
27156
27943
25861
9686
10003
24955
7257
49
24388
2663
14173
20238
28462
20578
17020
23486
28464
19811
1697
18197
18977
6391
29943
22043
10035
6802
32756
30468
11037
22050
1429
4707
21625
26346
12011
31898
30570
7310
26838
7061
7299
28266
23057
5304
18148
14632
31342
5909
26022
31378
12131
5603
29818
32676
4550
1835
3980
14566
16597
31429
32430
10489
26233
7555
31666
8559
20684
31916
14359
16864
17624
7596
26089
27961
28322
15881
18402
10584
4711
20377
3285
7382
25381
1267
31309
7972
8797
547
10865
3802
27927
1442
24874
25163
23080
7557
15496
9821
19888
15604
17506
24472
9702
17886
7485
380
9496
23275
25199
28696
15597
3506
27525
16344
7918
15661
225
10143
13892
14441
17320
22805
28355
31106
19675
13123
27944
3279
18371
861
7327
30810
2963
18398
13705
14227
30793
10714
8571
8005
6869
8336
24714
15816
23677
29504
21446
2937
16768
3388
4356
32615
31481
22592
9185
23631
20487
4358
24579
18891
8747
18966
10402
3526
4337
4316
20807
31283
211
26876
31700
25342
2394
4586
6085
12355
3718
19125
26293
24767
2416
2083
10788
4228
17454
20739
24183
22512
3319
13503
10048
5855
9351
4145
20672
32
27589
5303
2731
31014
5284
17802
16426
8704
23111
24395
12582
6540
1128
24031
12484
20967
14842
5245
11564
2343
26381
3077
25743
14925
14835
7060
27496
6773
31649
28501
26626
30288
18263
29082
10042
980
25988
18987
28294
31794
19940
26589
12086
4617
5355
18535
32506
6105
18534
29298
31141
27322
32608
21999
28720
30030
8514
1709
2306
24308
10303
1323
13678
15166
25327
2475
8318
19878
31034
1415
31471
13692
14456
20168
18556
5667
27350
10741
4704
3965
15868
9769
8982
6820
31981
32616
12131
7899
8494
31539
4246
21188
32554
29530
29711
15827
4565
786
9214
28162
10640
2631
19821
13766
589
31540
26497
1602
1267
9776
8188
14779
14340
30667
28935
25165
9085
23833
17455
28892
11261
16974
18093
18509
10538
24459
21226
4341
15184
18424
4930
24657
9292
28435
16904
2296
10153
6216
10955
9935
13832
25793
20696
15228
26565
29567
24320
28445
2775
18346
17564
18745
18424
26917
9166
30198
8967
29542
29961
27533
23210
1669
979
1020
27447
20114
10441
24315
14549
5420
25828
8240
9438
4431
16892
23974
4744
26990
7306
21116
7877
7106
15026
10714
3943
16609
21633
30249
15752
23698
29043
10372
32553
12512
16184
7273
21529
18285
17847
2997
23065
9481
7252
32463
19517
23427
1134
3363
4501
28095
3372
466
7949
14857
9338
14503
12434
24233
14670
18254
7542
19640
21296
18112
19478
32050
17145
20738
2234
31820
20699
1807
17340
16135
2977
13075
31469
30469
7480
23257
21044
22683
18543
22151
8056
1833
29691
16265
28096
7078
26302
19403
15257
31103
6473
26923
30905
26018
16543
11566
1761
5077
30267
27889
16904
7757
8533
4451
21429
7036
1378
31666
21933
17962
6618
3587
1998
27591
3901
11366
7483
5376
9560
18953
25785
7312
14021
22188
20569
10329
7601
8276
8280
14515
21985
32068
13635
16900
32759
21033
19806
1169
10738
18581
12615
5779
245
18862
5079
21646
20553
4392
10569
11230
29092
27760
14750
29586
4780
31274
12863
18302
29623
32222
31461
6540
981
7150
4534
27987
32272
4556
12977
29163
27634
15977
3659
28159
12616
3825
21338
12835
1318
9141
4147
1384
31787
16745
12047
16430
2054
25231
4532
2362
4153
32051
4177
26889
2077
20697
24489
10083
9767
20660
8819
10035
8297
32280
10753
13461
4700
18226
10785
31025
28636
15863
25665
2760
10612
15194
3542
18444
26076
17090
30206
30645
29888
14779
11875
24017
24259
18411
15203
15195
14020
29513
3951
27664
4192
19593
21937
5758
16312
16346
20466
8798
18036
24020
19386
26915
4616
12460
29369
21715
28469
29099
31333
24854
22227
13022
30437
12941
30671
20750
21806
14436
8816
16882
16492
3115
30942
4772
30371
993
2276
10834
20630
10834
13045
9526
232
4516
621
23496
20097
13356
23322
27186
20019
22406
8187
19460
24477
9700
14151
24617
29008
29094
4017
26906
20529
22315
2795
23889
1567
12519
29033
7169
3029
4534
21351
23044
21009
14704
31533
23316
26102
14270
21650
19263
13486
12588
28095
19605
12885
31359
30005
3364
26642
32328
22802
31014
11655
8377
27535
23928
4460
5560
12494
3662
13686
23858
14803
26150
8574
22962
12496
12538
20959
13618
31397
22458
1312
2097
4519
24569
3283
30469
32160
5095
9660
14707
3352
26239
6966
16509
13267
26625
14803
28283
12955
24227
21827
5485
27712
22403
25975
12176
3036
17377
32517
1583
24667
30347
10959
15036
4411
5528
24800
26143
4241
21593
10902
16974
28237
2445
12294
4638
28862
30164
13468
15193
5721
20071
18178
18192
25782
24581
10307
15410
10459
24113
11825
2142
3261
12954
9476
27382
9732
24795
29763
5749
25103
21092
2792
31746
29496
7864
22207
30021
9049
9178
19215
16505
12175
769
14972
706
4413
21907
2092
17601
22612
11857
29737
7526
31442
15055
1798
32518
15753
6440
24774
23214
6690
13807
28409
3510
18017
18025
20008
19865
16555
13049
23155
1540
1477
1499
13177
23852
21470
12821
14200
21093
7888
18091
14773
10993
6563
25107
30751
8469
31058
31208
5167
2418
21714
19171
4882
25235
18001
1286
10506
707
12732
2074
21522
22561
21635
17500
2497
28406
672
4980
31856
12869
13526
7590
15263
6820
19510
8012
13205
16203
12008
8836
20551
32107
8744
294
18299
10689
1423
17145
20013
106
21396
11302
15666
18169
2898
4076
26907
21703
26508
15254
12636
30090
1774
3498
2734
23081
27029
3428
2225
3023
26578
5730
10966
5439
1579
27809
28796
22119
19107
19624
30809
13879
30524
19459
12060
9907
19897
7667
20816
12103
16552
4196
17540
29019
13728
21791
2985
23336
15560
27457
23227
31946
24984
15596
3492
13206
30948
17724
1629
8109
4118
21117
13910
6097
25019
14491
22296
3960
29505
2009
5673
8991
16382
7110
14383
16097
5493
5742
30553
4936
1237
7117
8443
19555
3523
24969
13944
16153
26201
26336
5477
188
1135
26846
27371
7394
19481
26324
30317
23920
1904
19207
24427
22775
2966
2981
8871
15172
12020
22525
23174
31794
29894
9710
26296
30915
4570
13216
14107
8815
11924
20851
15837
14524
2614
2101
19682
16655
25438
28568
25189
12482
18897
18659
10465
32118
15734
12775
11826
1963
16038
1077
5623
5006
13219
13454
19260
17425
18277
18075
30038
19521
9629
10462
13325
19157
14324
3305
26369
1026
18579
4046
1094
28055
11753
18134
16978
16709
25512
1142
6425
2366
13585
27006
24182
23299
23666
5780
461
13430
15341
4577
10991
12087
4986
13578
16445
32301
22575
14178
6161
26979
4288
10334
22873
15382
23362
28233
20357
22796
52
7480
13732
26919
14015
14913
15561
22585
32317
16104
20916
5146
12537
28890
26030
16888
13365
25054
16053
24047
26994
11272
4825
30937
17643
15919
29414
2152
11619
19618
18499
32114
2336
14871
27162
5259
7224
3300
3513
5337
7179
17522
5689
28964
7185
8942
1885
32557
14294
16193
8124
14657
7746
29507
24099
15885
25118
31275
30261
692
13268
21323
30804
27423
26742
15610
12485
15509
29186
23505
526
7819
11493
25114
16035
7613
9917
19333
17858
25981
16995
285
26524
9035
23849
31099
21685
18599
22880
10553
7309
7971
12830
22442
32640
25276
31806
11208
6123
22122
30887
1390
7824
1782
7122
30408
20028
12300
11910
29191
10919
30609
27622
32601
11931
29494
16558
3864
9560
11342
4026
15425
13112
5597
8136
4905
20879
10481
5758
12395
16853
6965
9391
19493
15367
25539
18394
1380
23626
570
17651
476
5074
15376
16486
13789
8450
17450
5978
26754
21204
170
24114
18476
7036
25353
10330
9006
13896
1637
32064
6346
25803
2076
7840
22109
1850
20121
1029
13526
5142
12910
12173
19052
13067
15779
16364
17553
32537
30030
25523
7713
13297
24932
4563
1504
19106
18127
11100
2339
18804
18369
27275
22221
19220
24135
17156
11901
242
25889
5980
20486
13544
8913
26586
32544
3612
2802
24191
28509
7463
10699
23619
11358
29559
28196
27554
21062
18929
17752
15447
10863
31451
15788
3176
92
21242
8927
8802
17135
32247
18691
15590
17884
4616
31115
7012
14174
32460
13988
1063
7721
25462
18633
27538
29599
4141
19089
8361
11846
14003
9932
8915
20602
3653
15567
1245
20319
28355
7948
323
26138
10001
8166
9131
10561
4797
8387
11187
28303
13026
22370
3308
23773
20044
32111
12326
14413
23772
7764
23023
16073
16942
30547
23126
10412
7034
7633
27125
8638
9400
24565
22574
20070
30984
4978
28340
12571
12880
18081
11853
1052
11303
2003
18647
23393
28146
14053
31881
8913
76
5397
13436
19637
12716
1811
4714
17517
3649
15708
17845
31073
3873
14019
21419
5691
17571
20816
13576
14420
9
23886
27836
15211
16483
26272
31727
28061
26288
10324
22339
16273
30021
24187
16729
17652
24179
27191
11926
6437
9828
31765
5671
31793
23622
14493
21570
15361
11947
2856
431
15826
7984
6898
25736
15334
6493
5744
24125
2937
28877
18660
31450
32503
2703
11822
1421
14444
13771
30949
18019
60
30633
16038
19794
29716
20078
16044
28284
8736
12265
30369
21426
25727
18189
31156
18231
4340
13535
15852
7111
20702
22675
21436
21976
13674
25329
15319
31264
23559
14590
20293
9559
14106
27097
28087
20798
20211
15331
26136
27360
3840
5410
19812
7704
29505
17128
14269
31315
10748
25775
1980
21655
32178
32328
18437
2757
6993
30005
17182
3099
2219
32083
19841
19196
24359
14524
30191
31732
7863
3819
4104
17911
11530
32545
19737
18409
21762
29192
22325
5988
23144
20118
8839
7349
30175
22069
26854
28711
19734
3105
938
7301
15170
11281
6078
27354
32204
29721
18423
7035
6470
17871
24996
12359
2724
25261
14183
11310
6313
18358
7747
27632
22943
27740
16629
31783
16715
26786
15752
4232
19232
18046
16676
102
5299
641
5671
27767
31855
32697
22646
29147
6282
29399
17430
3674
6711
2189
20982
6638
28958
19258
5903
31105
17161
3017
6575
28407
3040
20950
4370
10863
31191
5907
17203
198
23014
20971
29921
27485
10362
4965
8213
13597
6762
15434
25731
30904
12844
3466
26223
21553
13641
6108
4034
30110
5646
20133
26461
25901
9604
16923
29357
12389
8611
17578
21888
23214
29635
32663
9239
14100
13139
15075
7036
3912
16589
23666
13334
15335
3305
25196
17018
4607
24594
23780
6788
18896
13846
10935
26791
17103
545
32183
13697
18673
28396
27145
18354
16165
28466
1228
22511
21282
12900
22011
19282
7780
20893
8597
26612
22641
18648
19451
14270
32353
4193
23961
3452
5021
27273
27080
24627
24551
14750
23795
28853
20123
29210
30201
28018
21300
32027
28371
2193
30481
7955
6263
13376
29818
14017
28156
31048
734
26720
25342
7140
14430
2334
28996
723
9360
24271
10656
5292
2172
2019
19479
32626
20459
8085
11074
7784
12258
29286
24308
29222
3689
22218
2590
24301
6032
32289
14319
9528
9140
20968
5183
18579
21247
12593
813
22704
558
8784
23559
20664
31895
19672
19307
223
3946
20422
8364
13883
25143
18427
2679
5334
14512
6896
1719
22530
433
22949
2485
27884
22397
20442
8324
7028
21835
4994
4764
12604
26113
10357
18117
25343
28735
3173
28471
22565
927
16147
16639
5268
27451
6850
15012
13512
18800
4332
15883
12326
8418
7989
408
5517
28352
4253
7318
30255
14922
24313
13017
29343
15760
18596
929
7722
2940
28274
24514
11371
22290
3557
19202
7450
16375
11172
19651
23077
18480
16936
13282
31746
22317
18617
20958
10307
28166
9881
28989
15979
28932
26239
2859
18176
10851
15942
101
22753
27222
16103
22869
26842
26700
16549
20862
14198
18802
24455
12827
20756
28793
7179
16387
21565
31385
29721
16592
29237
3542
2102
23360
24016
23682
8442
22236
7303
515
10436
32471
28107
7382
28076
11320
15514
18900
16313
15164
20303
25780
16213
28661
10686
12754
28669
3640
21888
21806
25405
10422
1164
15032
4060
27497
16903
21451
10580
25906
9566
19959
2948
5312
15249
9987
3753
15539
6866
16946
22411
17153
21582
25286
30708
8089
14411
12227
29542
7751
8307
9461
31757
30680
13423
5428
31731
1662
23736
8679
15987
6518
22442
19399
19952
11239
9435
230
22983
782
15018
19439
14465
30616
14875
2223
23118
28239
5346
16852
16303
17401
22973
7157
18546
12413
6919
29139
28387
25928
9099
1503
17217
27375
28054
27900
15215
534
4176
5765
10988
2960
5963
5522
30469
15304
30813
3959
23369
7519
7083
29582
21054
10006
10759
24631
30290
26863
5500
22812
28436
5263
4134
12986
16036
25831
25927
22301
872
10515
26776
18410
513
30338
28637
419
2942
18008
2748
9255
5071
528
27855
1144
3196
17254
15864
3009
22423
19316
17653
1944
26351
29979
8244
20352
23430
9892
232
25522
14661
1703
7260
26909
751
30764
18311
9899
21076
8721
28898
26566
16583
1452
27766
26651
13265
26800
17977
11421
25127
5717
3738
28109
9434
15283
21851
30521
26830
25455
18079
8259
21613
21658
7748
16932
30108
22742
25970
20273
3054
11707
11892
28508
17176
9593
17095
17917
29094
15038
30577
17619
12268
7130
7060
12357
23358
28961
13635
14574
22884
25232
148
20057
12360
8372
25847
3849
17906
29896
21702
31165
23734
7198
19229
17394
8108
29376
23531
31144
21345
12630
2633
19049
32460
16970
22795
10120
8324
29227
18837
6055
17456
32591
15601
25467
3134
19645
27422
32724
984
15433
25770
22743
19731
29697
21123
25230
32618
4808
26634
4772
19052
6209
15209
10089
12465
1007
30758
24604
28434
28570
8185
2666
25625
10484
19931
2354
2999
3708
12128
14475
25397
13219
10310
21256
18797
4141
21582
15419
12090
16091
23370
21623
11309
3911
19320
14810
19330
28431
28174
6795
9554
28213
18966
31809
6154
25286
18812
7429
13851
28602
13414
20792
15347
29468
30403
727
8749
8043
25639
13822
8196
17471
28118
13995
12814
2607
32543
21445
31015
9715
29675
19293
1450
18118
23957
19507
25320
17422
2556
12412
30418
20031
215
21986
2553
9981
27465
14029
3001
9345
6582
10465
26288
1085
7124
25800
31093
20675
7941
15153
1927
24291
1764
6936
13956
9747
29725
19784
27548
30741
11651
2335
7492
23507
8028
18066
27951
3982
25855
29040
7802
30263
4258
25067
15399
29725
9581
15956
972
32457
30675
10790
26764
25638
26657
26182
16967
3302
11095
18057
32014
15904
5688
8311
23770
7742
7837
5967
10621
278
1806
26955
22232
16215
26771
8740
32079
7463
3784
22233
13946
1034
23088
20141
12829
5126
7371
15726
5979
20485
9451
29437
1574
27002
27203
9227
19706
28487
4417
12321
9931
25567
14494
2275
5436
32423
17715
7829
11025
7331
8206
30174
23271
9294
6853
19148
7714
24777
28170
25881
2088
6200
1664
429
6605
24938
5069
30051
26893
31928
3569
27920
28929
13359
9430
28354
7692
1777
20007
69
27222
9176
25958
5868
7803
30557
4665
13453
2692
20664
26885
21966
19222
25161
31166
5535
28393
8503
16638
10760
4220
18519
12116
7717
14343
591
15070
28015
6578
32507
12058
25660
1028
30735
12025
27018
4766
26878
7477
5624
31017
32283
24293
15381
31373
32510
11343
17885
24675
14378
25597
2945
1710
10221
5139
1895
20421
29319
11743
2930
5268
24974
6066
23427
25860
29328
4334
20800
11448
14587
7265
27924
4090
5946
25809
30838
5365
4897
20440
7535
27940
18827
13043
5974
29450
17729
24277
24799
12324
15646
29953
852
32540
32113
15255
27425
7743
163
25454
26006
17969
31514
29796
11241
6367
24156
21490
8058
31926
6008
6660
7003
14355
3234
10247
32528
24826
7709
13891
22163
29962
11870
19307
17308
11696
30062
21106
3102
25756
9104
17057
29205
7281
5924
3559
14463
449
10699
18800
31144
30776
22732
17528
12971
2071
19638
354
10294
16356
1095
17668
2189
24160
9869
12358
28370
22714
16459
6123
11139
4354
28830
3758
30276
20704
18656
21905
27871
23686
25549
9842
905
12771
30692
3295
19047
18458
26896
16683
11344
25394
7560
14785
2773
20495
6644
26297
23422
7329
10449
19369
10839
8283
4374
27582
9643
26855
8216
15371
5904
24344
2731
4128
28067
14368
27018
13535
15765
1795
21753
11659
22759
587
25512
18210
25969
20990
4315
30189
5161
31181
19912
12629
23970
13198
16960
16888
26579
19948
146
13820
31002
25437
12461
28579
7297
32085
30340
544
23359
30650
6071
20650
12162
14487
9327
9166
5227
4116
10121
10505
22362
21670
8696
4246
3693
3971
21860
15749
22595
19801
8727
15373
18694
26431
31770
29219
10408
22508
15259
15947
26220
28966
19602
30895
26025
1406
421
2670
1995
23099
3656
3894
6042
30100
27688
13589
31167
7458
12234
20108
18051
6292
4207
19174
12507
3237
10044
2247
24226
587
10647
14088
5669
28209
8916
14274
25828
19560
28945
14761
9111
9306
2398
31644
31600
2303
18210
28282
20640
26963
19130
10550
13852
17671
11106
25390
20129
6518
89
26808
16117
6876
1344
15870
5489
3522
24003
25613
19132
21693
15484
29736
16345
1624
28948
1378
23908
8015
8620
4204
14360
9470
13179
17835
24213
19480
9912
2445
13408
30620
27066
2846
32300
9221
26462
10454
856
4802
21673
6069
26808
18917
430
147
10392
15391
12722
1969
19454
11500
16015
29331
18736
9483
2902
24594
11126
2865
2616
18093
26657
13566
22951
11552
1228
1072
15544
20792
29410
25623
29388
12517
17505
15177
12911
10641
7645
9622
19328
8624
2503
2622
13459
28824
4335
25186
1939
30867
15432
17337
12716
10035
25579
900
23143
20454
28511
1476
17943
5322
27416
3242
14197
20931
5949
7247
5255
15818
21423
18085
21190
13960
3398
29614
28287
27171
4190
31211
29050
21336
25746
6936
19674
15306
5575
14614
2628
14489
3693
22313
6211
21815
26369
15203
13803
24695
20182
17504
16829
4071
29206
18228
28619
28000
259
2466
11037
17115
15491
11407
9810
30854
11228
6837
24458
6424
24508
20380
7044
28769
26236
2758
7172
30757
21925
17194
5496
1834
3252
28389
10202
30352
5402
29483
24280
12641
17287
20611
32051
25193
32360
24372
5989
13384
19887
12282
16774
22469
6098
25854
21616
17509
12310
5893
3618
26429
6669
6888
4450
13316
9821
15172
2215
19564
19652
14962
28725
12722
26457
12474
19338
13428
13077
6851
18937
5828
14737
11342
7829
5242
2065
15140
3920
17870
22466
22093
32612
4134
2880
23939
30962
6444
9563
11495
31209
28708
7451
12530
2090
24957
13058
30381
20714
10405
11152
3109
22359
29730
4877
17689
30334
28639
28290
14327
14956
18883
32265
1799
21651
25736
29766
18917
12144
11467
18230
11060
25963
17503
32295
3729
7935
30695
8456
21190
7194
12964
11491
1088
27847
25739
12712
5060
7434
3739
32044
25949
22539
26989
30577
19353
18039
23053
5160
17140
11300
10504
32116
405
2292
12230
23537
12088
16635
28698
24565
22892
4068
18968
28694
30718
19344
17447
8428
5557
14849
6487
23064
28991
32375
500
19588
10860
25048
27227
7661
20378
31317
3084
28063
24433
30283
7425
5760
4816
3687
2366
21072
774
25358
27306
8751
70
18684
13085
8288
11349
18731
15546
8012
11654
22518
13439
14794
3560
1918
4890
14493
6846
14669
6142
28990
22575
4921
31415
477
23871
15243
18042
3746
11262
8289
5121
25656
23039
20049
5526
9100
7436
6735
10605
23250
4120
8913
26166
12234
17525
27697
22003
32577
29512
7250
21255
5594
25401
6534
15248
26126
22127
4271
28407
24434
5307
9893
18886
19256
26131
22744
5049
20985
4419
20791
5143
3762
13023
12624
16450
21260
124
6328
14477
224
19487
27309
1871
7418
23542
5882
22070
32541
27206
27163
3549
17224
24997
10402
5024
24632
10601
31193
6575
1838
5728
26025
13665
12530
21442
27066
12235
31768
22627
27100
17554
16514
15405
32678
17149
31782
462
27996
17742
32017
10414
14358
29267
27820
6948
11551
32056
8255
19689
22172
22431
21171
7629
9070
18930
11164
21672
18009
26104
14199
18068
4197
1959
13615
32345
19076
22586
23783
30761
21110
1923
1011
17806
32490
12161
16935
11680
3814
5685
31829
7547
10344
16818
30737
31984
10830
4724
23735
15227
21875
22514
17840
10613
4379
4982
18928
29067
20113
23853
7363
18031
20494
8058
11210
6349
22237
7312
24128
27009
31933
29248
22914
3079
15495
4111
28367
27955
28176
21388
5708
12834
14673
16097
6987
17264
17605
32167
24012
6315
8979
11263
19780
22536
17389
5086
158
7765
27704
21672
3968
815
31085
10497
4303
11637
29759
16096
25205
3069
13950
21988
7778
1669
10299
6124
24784
15084
22573
24546
17356
6818
29523
25303
13298
31837
24539
28501
632
30221
32579
14064
22638
4883
23486
22047
28483
15021
17625
3658
12940
23221
8030
26148
12033
10892
27768
9275
29384
6737
19481
22478
17143
16982
32409
25566
19028
26324
10656
16519
9567
25565
25669
26257
28562
5523
20087
6467
13799
4248
14236
631
29339
16069
6265
21748
30257
13343
25682
26871
25019
20486
30034
1811
5717
32432
6189
21819
15858
11990
31491
6686
20827
20397
904
19123
16244
27416
20578
5652
6593
12316
27090
25487
27178
404
26007
30458
5627
23846
527
12104
29231
11893
31904
4954
27886
25240
10070
8471
28756
20428
461
4799
25204
17765
22866
3708
26269
22539
13381
29755
17372
15906
3265
15801
5313
20618
7808
9441
9318
905
19448
1109
7342
27653
24266
9803
27083
9463
10077
30106
30467
10524
16326
17684
10419
29934
30188
8471
14228
1234
8425
24415
20797
915
26035
24862
8681
15631
12027
15183
11131
10544
23637
14663
3519
8990
27802
28045
9203
8371
10122
17643
7046
32304
2742
20421
26655
12846
32158
13738
14561
32215
4374
1833
21230
27989
19950
25062
29993
15499
22225
6893
10561
29699
24942
25413
9707
21032
19158
6857
9838
21686
19237
17715
23397
30318
3173
21882
22720
29966
10415
17246
9485
13184
21395
8000
19958
3154
12987
6200
9738
10342
10698
10338
4032
11755
7562
23416
31160
23435
29255
25510
28741
25574
18806
28825
26665
7488
17051
31962
9887
22902
17257
1370
27295
31287
2858
24398
15197
5488
5473
8252
19
15880
4014
19542
17664
17614
26355
16136
20912
1456
12213
461
29823
5421
28101
1350
10073
25101
32543
28813
29123
8015
11794
31431
11295
2659
11937
760
2091
24985
2858
23068
716
7898
17477
29555
8970
19094
10223
28444
10843
31485
9192
13029
6692
21362
5977
1378
12925
6204
26554
24380
20021
10879
23795
26316
16405
107
2241
18920
5481
28084
15708
27133
25021
20546
22359
3678
30693
29993
24263
4316
13376
18907
17319
14487
15421
11677
14715
14100
22301
30519
30260
31631
17403
752
22612
20626
12554
23737
14418
30662
14367
23209
26944
14346
1135
15273
11435
4546
1433
7793
7619
3441
21479
25779
22459
22667
10704
22165
23411
9348
5826
6757
30805
31789
20255
21640
15485
832
15750
948
12316
21561
14675
28000
24606
28776
1641
11896
31754
30277
559
17492
2858
4611
8664
8683
31981
23656
9704
9540
6281
7131
9971
302
4068
7103
24488
28465
14773
3583
22543
15812
14054
10986
22031
3776
1854
834
14131
23061
20796
14479
6062
2236
24902
4025
27292
15341
9219
4566
26506
5265
8197
12097
28985
3834
12971
6380
22943
18130
5189
17399
10031
14161
26490
19329
16218
19379
22503
9406
6742
21482
3081
22857
25630
12688
28253
15292
11962
20767
4549
19071
6592
17252
13614
13533
4891
2865
10864
13917
5387
29523
9333
15439
1389
195
12446
2469
6717
21793
24418
19716
26457
5469
24633
23835
31111
10424
5304
3892
8890
25579
24317
23560
23441
29861
12109
18136
24097
8507
5372
15033
24052
12443
22157
21040
337
3715
21787
15614
32702
32752
16120
14397
2500
31704
21907
19628
24050
31771
19103
18248
12069
23224
30833
8220
16390
3900
31146
17241
22483
24705
25623
28841
29795
24212
10965
9409
23908
14583
27577
16693
31976
17673
11246
26257
8480
18626
18400
13477
2918
23971
6745
25888
28801
32749
7914
29793
20005
7698
5005
19593
14778
15465
23944
9941
3166
293
13717
5931
4141
15496
24383
30194
4800
16724
28559
7207
243
8579
26344
9645
28652
9015
8752
11749
14169
500
26416
14975
248
20493
4158
18576
29021
3164
6937
12260
19952
16438
7956
20629
17461
14750
28279
16092
13904
13753
26402
24872
12488
3971
13939
13421
28043
18111
5226
10943
2098
29492
14859
22559
18311
30742
5892
24981
8260
3011
2704
25215
21790
26544
9115
15400
22530
13474
11303
924
20639
1825
1006
443
27684
41
3657
31117
23115
26148
14160
10453
7062
18965
21571
14057
1240
3350
25385
1472
7160
23044
28086
6477
12786
26489
4978
2315
24094
5626
32536
12250
16053
15986
19260
3593
8849
17631
6705
4532
52
17228
25898
14672
24076
24831
18079
17540
4086
10739
17395
26426
28160
31369
23123
13047
26739
21370
21217
10855
7441
10768
8722
13117
20891
2198
22100
23098
30614
4877
23029
7562
7503
17440
3136
12631
28701
30298
30185
29337
13286
3479
7339
31787
21476
21688
14895
4644
28841
25499
23088
22372
3937
8523
9181
365
20056
13939
21118
32373
17084
1049
8539
16825
25507
29320
11993
10771
9807
11406
6887
14031
12209
6888
25752
32443
16173
13307
19217
7549
13981
29637
13734
2857
25496
4114
26432
4627
28148
15603
258
22242
3977
5484
6188
9958
31032
31853
25407
172
2349
2563
16994
2767
13920
22736
9988
27920
21858
18361
7875
16297
6742
990
1420
1247
31805
28367
8964
24791
23928
13565
14119
938
7559
10350
14895
31163
30743
13237
21432
22089
21820
31010
19745
27712
28411
29238
821
2389
28683
9049
6923
26449
28636
14287
32298
18349
28633
6633
25073
28000
15851
23416
24119
26869
24638
647
22318
27360
28231
3658
16013
4114
31494
18513
28654
23755
29832
13825
11380
22960
7345
15941
31154
1821
32568
22401
26568
6844
2291
20936
719
15191
9301
4430
29560
12010
32565
19744
4847
12029
24016
9746
30214
22320
7954
10745
13199
25112
22033
5915
27145
10313
7387
29668
18560
5556
1137
20187
7854
2356
17939
15060
14438
21091
6590
23398
2099
16818
22004
5535
25916
32441
15547
14583
24682
6347
6632
13443
29901
1486
5789
11371
5948
841
26129
926
26940
3519
12175
11716
4900
25148
22978
23925
2430
15917
6959
25256
16815
20852
29699
19822
6619
5820
29967
10464
30723
1546
30737
25173
25712
21909
11573
12505
9045
15576
8667
4315
4528
28133
9371
10278
18801
14588
10886
9747
20702
3676
6575
29692
22838
21081
7403
18931
20628
14255
25812
31668
19223
5142
31252
4569
1856
25367
1248
845
4507
27421
11714
8963
19362
14543
31644
5608
23006
25757
21226
25878
15695
22169
31303
74
7182
31881
18483
17560
32049
9786
24083
23389
31727
31767
5241
1398
13829
17401
31910
9903
31063
26689
6989
9598
29915
29989
16538
29426
28851
71
8563
20198
20889
11916
5630
7290
27520
19499
8547
23236
26488
11012
9939
5570
16595
15156
28617
25491
7558
4582
26511
16871
1490
21099
12293
26549
16163
11662
29598
24364
20024
27425
6315
31723
25732
12764
14812
372
15572
360
2051
3550
11059
4790
31004
7371
25610
4757
26763
13978
16012
27268
3236
8158
30289
3012
25968
7438
12353
28850
2222
7806
18100
18516
28441
26765
8408
50
9961
3104
6482
8295
3996
17232
14376
11767
758
1632
17374
1891
3911
27890
28127
28539
9964
12154
7711
14964
26904
23794
8703
20794
26581
6352
17009
32519
3909
30005
1372
15669
4654
15719
7746
29009
32693
17537
21024
20848
26218
3177
21141
25286
10373
22787
21575
18036
25967
932
25731
18594
7301
8906
16931
26062
27928
23050
15797
14947
6072
26185
25817
4238
9394
14895
31979
77
21463
16089
4322
21961
14719
3278
5752
12773
11470
12597
28300
6423
27446
21317
17604
25719
5437
19964
4726
18709
26753
4628
18633
27024
23289
25651
26135
9700
31613
19298
31382
7556
15241
17344
24632
6057
1598
2423
10703
17897
18601
4080
3445
5387
20296
31043
20011
26
7370
8690
26816
6584
7703
5334
2037
16309
24464
31577
990
11488
10136
24038
28811
23837
6739
18590
32744
30648
19117
10317
15074
13305
23711
29596
21963
27641
7342
29832
9216
20915
12468
17938
28361
31326
17890
23096
13184
13307
24582
7205
3318
22826
11786
677
19474
5953
1981
9947
955
23199
30935
13110
3064
21822
32055
16033
16470
21384
21102
26618
32139
21356
641
17862
8792
4528
3051
32291
6068
393
19170
6909
9254
25193
2011
28293
3699
26648
20304
7135
21369
10502
30401
6171
29531
18144
29433
14183
6622
1377
25490
6787
9747
17259
30651
4213
21815
2646
4153
16509
5335
10120
17068
12363
16439
1093
8724
31344
19701
12233
28819
18707
10986
20372
7797
26853
23377
27142
14957
2135
811
16171
14113
30474
31970
9176
10729
31110
11564
4855
26324
1328
7986
26911
7661
30838
11250
32360
23996
9037
12513
4733
7951
13277
6613
16114
15866
23418
16931
25560
1052
16343
28932
17039
10276
3190
30014
15068
26260
14435
9216
24123
6085
21538
16141
19831
26411
29670
1564
5239
4059
2564
30591
30811
16970
17830
1028
27592
5976
18884
14873
7551
13453
20560
11315
21813
1442
3505
5744
4767
12099
26739
1915
8908
7955
22845
4272
8119
23793
1795
16768
3613
378
29564
29207
3468
30158
19415
8509
20157
24727
12714
27002
17443
25672
4139
20862
16580
4771
20898
31679
31048
14718
2334
31076
6991
27846
25703
17506
28424
29124
31285
9445
14080
28575
18591
1521
16951
2339
30678
32073
25721
17344
13587
2704
18667
24534
14798
20910
21221
1584
21297
21621
255
28366
32204
28549
1647
25831
27018
7788
3730
19502
31204
19218
24264
2901
5716
11349
19077
32719
24333
30704
11685
24283
6633
27553
24832
10174
27555
29067
23871
2895
12614
25561
32750
27833
3557
13220
9938
24445
141
30486
5500
18102
5752
8912
22814
31137
3459
29322
7838
4444
31458
17657
12009
17390
18963
28406
1418
28808
10256
18908
13691
16651
11977
306
4154
1225
25809
25482
17184
10384
25944
15016
24303
28645
17497
28391
32170
21389
788
31193
31401
10578
10431
27694
28908
30979
21369
2775
29616
8893
21887
18283
13632
14953
12962
6089
4110
15494
4601
28927
9730
41
30675
26986
2578
2625
23535
17951
10259
9760
28656
30602
24270
26423
10763
18773
87
30753
26627
18827
11418
23268
15959
11006
14903
32371
18362
9958
8592
19831
2243
8650
7711
6734
15334
6052
31246
3156
6563
4928
14337
29282
28925
13541
3895
7829
9262
3127
28113
12113
23961
18780
30065
27013
4352
2398
9735
2096
7415
16848
10984
9508
8344
4021
32289
7946
22905
28061
22026
8358
7643
5393
4382
11612
18212
3889
5129
22259
8336
14492
19971
154
11811
15504
22365
21288
