11690
14669
18157
19425
13623
19344
8360
27498
13750
32015
633
13641
4962
5733
29349
13952
2001
2342
378
20210
223
8971
16355
7603
27624
31823
1083
642
16698
9560
29023
22676
25545
22426
29703
20116
10533
11705
10838
32743
7594
9965
27055
13108
22774
31147
22219
25124
30369
31106
17416
28262
1832
5187
18948
10231
3369
10852
20075
2208
23254
18086
27917
18624
25508
30966
30516
12619
22083
22673
32052
20243
4819
29036
5699
27462
20821
8403
23179
27960
3167
9552
17278
2403
1044
26062
26218
25005
27988
13310
15693
31465
8496
3578
29162
11167
24737
9001
24348
26640
121
8290
15467
3957
4505
1876
10205
7816
22885
5413
526
27461
11893
31833
20611
19954
3469
30198
6716
23389
31440
28133
29320
5221
816
20124
9758
11963
29225
12282
15976
23274
4015
28018
20258
11157
31333
26476
16932
512
29199
29672
5500
9171
9802
16997
16320
24090
23931
14081
11939
22927
2053
225
5061
1052
5055
28627
29648
13212
5029
19762
11200
26082
4045
15371
24706
16892
4509
25725
3265
16056
16444
28262
8445
4712
8518
3900
27101
20451
20932
12088
12486
21708
19291
27066
19116
27927
2499
27881
2344
20424
9339
31897
16843
22782
12475
7283
24499
9521
32683
9551
13147
29112
3282
18917
29879
26254
12497
20133
11137
11605
27729
30947
29134
31131
24378
31031
17636
26205
16421
21796
22607
19657
26645
5111
7986
30792
18017
13042
32732
23484
20725
9386
26011
11270
17595
24494
9429
972
19027
16489
25940
29817
21258
16970
1762
10373
16906
21538
13334
31478
13774
19405
5997
10279
1497
15636
26268
31688
18600
14290
14373
8230
30181
12630
22313
29356
30941
7433
2429
426
18228
30800
31744
5974
20439
19892
18731
30225
22067
29505
19945
10731
3493
2091
16553
4968
2353
30136
16050
3973
21366
30553
17335
24822
17121
28186
16300
16050
24098
829
16088
11185
25820
24098
22570
31732
20641
29035
21968
10951
25117
9053
19462
26179
3729
21896
4652
29718
24964
4010
21020
21383
9909
20945
8634
16564
28755
20928
23245
32030
19824
10132
9485
360
17588
11687
26236
31836
26446
6069
3578
17199
4144
1341
27668
5894
9084
4906
3614
25528
25145
12467
20353
23510
9803
15232
5461
5609
6818
9998
26675
3834
17329
13140
24644
13912
27682
30375
6046
26261
18888
16091
5841
28626
28373
3499
28604
5948
23373
13402
31398
12247
17082
21147
27018
12411
23074
15535
9649
27420
16950
3277
11142
18766
25036
25542
22695
12807
17551
7401
24632
31911
20981
31012
22908
5431
28786
1389
7334
13806
26860
16480
25068
23034
7790
17194
22238
19837
28192
29093
7670
32469
19319
30148
27760
29984
27817
2610
14939
4095
7012
22582
14577
29851
32191
27866
804
19430
27505
2380
15481
13860
9024
21124
4633
6057
29885
9255
21030
8932
12847
2732
3403
17308
32461
10429
30359
20346
19760
3040
30091
8136
8711
13398
7793
30840
28429
21571
1264
24680
6712
2576
7390
20196
1331
6670
7509
21101
10511
27484
6665
5304
6710
19466
18136
24570
2208
16510
6563
2403
4169
25111
15965
25832
28130
4369
4449
9798
27590
32169
5129
21316
6961
19585
3964
11064
11692
23109
22983
10188
716
25231
28976
31490
15900
3592
25030
11894
31064
11217
10557
18404
26332
6689
3321
5865
30811
8751
5737
4110
24020
19282
10646
22786
28866
26982
27132
27175
24468
27251
24984
26960
11612
10121
7746
8650
22987
15598
14653
15769
17757
11644
32013
9219
9681
21828
7560
8531
7900
28535
13872
15319
21278
13191
704
23083
341
19849
1541
7865
465
13790
4847
7297
14376
11282
27624
18710
19754
22788
27748
20457
17687
23623
28858
10954
17936
18633
28722
9132
8908
21682
32095
9129
32140
16527
8367
29510
5969
14768
16704
20471
8012
15310
4085
31462
5782
13810
10442
9456
7201
30353
24164
23536
13551
8956
25581
23873
25729
15864
18718
29054
10643
424
31901
13708
13062
4276
18570
29915
24862
17060
32084
30952
26349
3981
16082
29191
8207
24304
10127
23903
28312
15839
13925
3126
13643
16481
14925
12399
16909
4632
12405
4688
15513
31265
18579
21385
28020
22076
890
25458
28964
20781
8170
2197
11165
22626
18861
9068
4092
5333
16095
3692
4215
27444
24462
16194
19092
18240
23427
3420
17306
13939
29278
16811
18757
5605
31209
21415
19134
22384
7846
30612
15818
8722
4778
25092
25666
20884
7854
25758
1475
6505
18788
18461
29094
20185
2311
1948
23859
7775
13110
20752
29201
12367
7938
28438
8449
187
11590
32751
3277
28312
11063
7624
8570
17949
17211
23615
11205
19052
28671
16164
1230
628
9667
3708
9742
19734
9721
11212
14734
134
12559
19604
31323
6389
2697
15897
31029
14957
850
5735
6535
2556
32340
30359
23196
8724
9030
16974
16655
9778
13253
28806
29827
14782
13991
22929
26005
24114
28044
9818
4111
31871
18613
17647
11614
7597
19738
1596
27463
5825
8374
18713
31445
11235
12582
22152
2966
28352
10354
21303
1799
23598
9259
27213
8268
32014
25270
5475
3108
3703
23271
9679
29981
29969
29138
29481
4
32702
17117
21256
29856
15744
11802
15885
24224
27287
8404
17955
15057
14569
19560
16900
1172
30631
16214
20992
14224
24110
5272
8698
6564
32299
11571
3251
24863
8451
10251
1099
2868
5234
3067
25604
30376
10866
22565
3914
5838
28766
28295
496
21173
24919
3280
13757
25760
6119
18289
295
19894
17124
15094
21342
12795
24983
26519
29068
12415
2846
27402
6491
3030
17679
3228
11449
14023
11614
20352
19160
6472
31617
32615
31352
8619
7377
27473
18792
30226
28724
17058
1354
23080
25849
18552
29080
7443
259
20796
7908
9124
4650
15991
18276
25297
3806
27879
21677
24166
27149
18643
29375
32759
24135
31899
21570
23065
29729
28051
3087
11218
18391
31505
8178
14413
21045
13253
14510
18130
14519
30025
4930
24310
26863
10745
5995
5391
807
6405
14186
31467
22600
31941
32007
2242
32506
21324
26582
4712
17421
7487
185
7367
31256
32488
18086
10125
27743
30598
22699
16162
30970
8935
303
27357
5684
14649
1658
19319
18226
16670
25720
32192
17365
10238
21433
5520
22496
13473
16829
17665
15710
2045
7791
987
30270
8268
8943
19280
26945
4706
30100
14826
17942
27966
20274
13249
29891
31711
1432
21233
5190
22873
8029
15435
19580
2855
21725
11339
30531
5571
8830
20554
25819
16244
20536
16373
16275
30055
4692
11006
21153
1794
10099
3858
14417
11125
6099
2570
13154
1426
31182
7269
14252
6622
24483
28662
26119
27368
21113
30426
32617
12249
32417
30381
4942
22861
29980
21501
27997
22625
9821
12799
1608
23565
31311
14977
31732
30901
10650
8736
21722
28154
15395
15547
4781
32470
20689
13864
22588
4072
4759
17189
9883
12
32431
24209
30077
28463
24611
26332
10981
26466
9362
12220
13822
7212
28209
23585
20806
13349
1808
5228
12274
20672
6559
27867
6799
18537
21104
4168
16101
18128
20286
788
14112
18308
32559
4702
3122
7875
22614
17272
14195
1169
1660
22427
26506
22023
30496
14297
3217
238
26300
23892
28532
19852
21322
2478
22682
31422
30727
25536
2504
24647
13943
19599
3906
2920
4265
123
11315
2481
6332
22714
26190
22038
31138
16645
29878
7237
32036
13713
5659
17975
13094
23873
4646
2053
7725
5146
27160
24062
2334
31223
31918
12534
27209
22910
8519
5344
30629
31570
32328
21920
20573
14730
7872
17946
24460
26467
2888
1423
23621
24881
27182
12073
2775
22684
27346
10196
9039
12552
79
32336
318
85
12126
4484
188
1993
29560
28950
11436
14666
32571
11320
8770
7377
23567
709
19907
10779
11529
11404
25740
27298
6416
10988
16470
30667
8254
22689
32696
10593
24712
11229
4077
2114
3490
24218
984
22872
8221
28975
23621
21707
32723
15138
9586
23925
11652
32318
3534
19607
12225
12261
23040
9674
18185
27815
23083
18232
11571
18963
17521
27147
25611
31436
6326
1830
22336
30944
29094
29715
21886
10838
26361
19517
9431
13318
25845
31328
13927
28334
7477
30269
15672
12865
29866
2706
11363
27522
4831
14153
24696
12242
30337
1008
30752
17222
13086
22121
8193
17661
15405
8675
21986
30129
24911
521
26384
19595
24532
5752
11776
20028
11649
12919
21301
23113
24720
13538
5476
25254
22777
7272
23767
16775
3824
11255
7695
8563
10927
13171
20397
11162
18805
20654
30611
28776
5071
15509
4934
15962
2326
30887
24470
23313
9273
28844
17282
21157
15804
25763
25174
20795
20225
12028
6422
15066
31431
15111
27423
30074
32496
16301
8716
6494
29575
4702
9431
31652
31489
9802
19008
18203
18371
3028
10867
5972
6885
1091
13285
18940
8246
32187
1919
31336
19328
2925
24574
23410
6925
11786
2202
25476
25449
125
9957
32498
2154
7385
23543
15501
18286
19856
200
10357
30436
24295
477
18734
24334
9382
7719
29430
4100
2068
3368
25942
22781
12834
20567
26360
17610
9703
13254
21432
16291
24396
16898
20733
18982
18953
12090
7242
23965
9424
32676
10256
25984
9415
27933
31431
29243
27964
20496
1084
2352
12181
3992
23853
13824
1925
23785
9491
16646
26502
15852
29247
12069
10627
11049
2088
28356
6100
17642
18436
22038
624
25501
3989
22175
13406
1915
31302
2548
23917
27495
14454
31682
17445
16153
28948
21777
21501
19579
24940
19658
23503
3155
12096
375
4232
28195
8475
8267
10276
22349
12514
32098
8410
7547
11436
329
2195
62
22995
4033
22689
26102
20044
19392
14766
24561
29747
23737
17394
14807
27562
6429
4010
6213
16100
14882
10693
27320
7293
31939
16608
13485
3085
21512
7796
29190
20732
4231
16462
6832
28568
8491
9792
2435
2148
20788
10263
19049
32179
10111
26572
5059
6006
19208
13311
28424
6483
4269
28320
21679
32503
5685
19440
16208
21164
3728
32168
31238
21038
9056
7799
11799
21946
4025
29106
29655
11625
22565
19272
27337
26812
17388
13300
7432
15480
31634
7606
12773
31412
28832
15491
13266
20784
29352
22332
28031
16872
5507
9437
8770
2537
19677
2551
9660
27236
24820
19040
5818
2049
8348
808
16729
21621
29831
208
27758
13911
14275
17847
5668
25391
31108
21717
25575
8145
3108
5291
18817
23273
1384
24186
11139
21974
5125
3508
231
20412
20066
9136
14323
26324
24224
21409
25185
9223
12248
2761
27836
25788
163
18666
25869
5870
32480
23806
5303
31617
20657
23079
29088
25302
11975
22761
10897
6045
29664
22679
21216
27626
17805
21771
29004
7307
14905
25754
30248
32410
8295
29256
23740
11086
19259
26679
31720
7702
2108
24166
18954
30953
8792
8600
6178
25303
5673
9873
2100
13541
23414
15752
17134
26903
26621
6618
12427
32718
20335
508
14583
20308
9405
15283
20276
29110
146
2183
19452
17618
20768
18037
23464
12464
22304
2276
848
10262
29716
15834
308
5974
11728
13168
3162
13675
2872
4483
14201
27460
11851
7085
31510
17760
20321
20339
10989
9115
32176
12992
23186
6984
18709
26259
30040
16255
14610
20980
3442
17336
13587
31020
9816
11417
16885
21813
32365
781
14536
16240
7134
15766
23252
17814
8397
21476
26331
31217
10927
12454
5022
5068
16626
30112
5026
29736
5859
17918
1588
25264
9424
2792
31147
5871
23657
26198
25325
25025
31852
18470
11829
2823
18306
22892
19731
14239
8804
12809
26036
27540
23873
3199
1891
31889
11364
27651
2128
2204
5138
26836
28816
17664
19377
5836
5734
14731
23600
14900
20417
15354
32162
16093
23813
16306
30764
9580
28942
19889
3106
23286
31347
14531
9581
11981
4615
25081
24112
23193
12966
8535
5291
20650
7726
9933
6239
17548
5067
26473
12914
8668
15224
27338
3414
25947
27330
3288
16294
3137
9935
1970
32336
3540
1952
23016
14841
4920
24723
23787
11165
24969
21036
8129
5238
10791
10516
23037
13600
13649
11874
2799
16378
6902
19738
6424
19151
32199
12531
1504
950
31889
16990
2444
11574
19914
9155
11114
9646
14698
5134
10830
32244
25852
23146
18754
25405
9716
8012
21626
24637
20035
22196
29318
14735
10025
8112
5579
26966
3658
15649
8756
32293
26885
3009
6949
24860
25089
6501
28081
18260
9480
16768
11020
21118
3353
29417
18243
9414
30904
734
12330
27646
14473
12616
20630
10232
19485
16960
21453
12339
24844
20691
15675
15546
18500
16130
10343
30282
21920
26381
17701
20915
23997
29170
25612
14976
17929
30512
10026
20698
23324
18896
10999
16042
24908
5798
15240
26622
4987
14293
27141
31406
1076
24977
5725
8511
5367
3113
16696
23815
30672
16196
14894
19346
28462
8810
32310
23365
16371
30407
23137
13121
2504
24108
9928
21131
31155
4951
11714
10857
2795
30580
4955
14351
18923
6372
20738
24954
19909
5948
6530
6557
23481
2193
14644
4027
26886
17395
18034
28180
28416
13623
13902
27587
17763
7674
10628
13799
30439
26594
1454
29697
17428
27687
11959
27549
18520
21586
29842
1845
30039
30789
2348
17490
22658
23932
4767
19700
24299
15250
11688
16436
2903
10759
29787
28200
21141
23360
23829
2823
4623
2255
1459
7565
21663
29941
16129
11425
22948
9573
27765
28726
4692
15179
3102
2415
2388
3213
31447
1542
26758
25169
18624
13038
4386
191
12783
567
31240
23560
3938
2099
18516
7847
21560
21463
22067
25831
27425
9827
7158
20901
2068
20038
12133
24663
16960
10555
19798
6221
2628
4537
8574
1335
20642
15242
16518
6376
28785
17337
2145
23129
12883
30642
23262
1521
31655
6053
26233
771
32256
6187
29047
21145
31445
10028
23346
23408
28538
30720
18353
14147
15694
6868
10619
25932
8759
25424
7597
1545
5451
8823
20043
1084
23504
14286
20180
20277
27239
15808
10009
2643
26244
21825
78
21961
23585
21682
10338
5278
31668
24068
24460
21496
29790
8225
9255
14233
15973
18311
28863
4010
27108
25142
8300
31671
17857
15053
27998
16124
29408
28400
15802
10719
14230
17644
12965
15549
10081
1182
11677
26601
29398
22417
16400
3314
29658
29798
14631
9509
18965
6521
17891
12627
7076
6849
22380
22229
19982
1784
17318
19916
19322
10236
21508
1197
10271
25206
13985
7422
15355
14521
1421
9562
1224
29933
22628
13499
25644
15980
5158
19193
3632
7788
27970
6797
15347
14303
20468
8091
30368
13975
8913
10288
3741
14766
6049
12744
4869
15653
32364
16403
23897
18123
20184
4344
1394
23136
23474
20955
20922
30971
25802
14875
30620
12201
31492
11999
16441
31063
27308
21523
25949
30706
8202
11949
15025
18636
14902
15413
30514
30786
16430
9092
13025
22684
11302
25292
27836
16436
16671
7896
11502
29403
24251
30613
5955
14968
18256
1490
478
29426
3131
26180
25646
3408
5239
30157
12830
19999
29038
8957
30604
19220
30222
30938
18429
27635
17440
18140
22159
29359
17365
2620
18991
20179
14754
31855
8715
16416
28238
27373
15946
3192
7498
15414
24827
19707
7488
17943
15180
5743
30446
22825
23293
229
24117
9628
3092
21145
16749
23858
721
21019
25340
13966
25060
940
12583
13743
28894
21995
20520
23992
5862
433
2688
12274
28077
8505
7054
7187
164
17028
2145
17857
3180
30971
31435
17234
21133
12887
21174
14806
21868
21182
25019
31319
4215
23598
1265
1119
163
9503
4355
4539
4376
25188
17542
3967
16426
2131
13449
10314
4236
18213
26477
17355
6848
9888
4599
8068
21202
1267
10915
25806
22086
31969
18235
24606
22095
30497
30889
15750
29250
27397
6410
28287
5705
4699
16387
7397
12892
5265
20824
20291
23917
27932
22970
8785
14563
4377
11745
15291
10314
6197
32731
23076
12617
27851
24228
9835
6100
18253
21494
10797
2722
30949
5218
3979
29666
18780
30112
3629
16938
27706
7972
10630
15792
20783
10481
9306
15804
21425
7346
19838
21085
3559
3335
2528
13916
21190
14109
16327
7534
4986
25217
1883
12973
13319
29494
17511
23369
4912
25093
3422
4475
18840
3860
924
27579
25639
8890
239
9267
7599
28818
15958
13427
23503
4302
22536
22886
29464
9166
21176
4997
30319
29682
1560
30538
5554
27052
4252
25064
20383
1497
14464
26169
31473
22097
24076
1528
27339
6332
25367
2864
12890
32680
11210
5620
19383
19929
7334
12881
9738
15328
14792
2689
24309
23536
19308
2401
11056
28652
11185
294
12912
26052
8604
10827
25230
28162
27998
3789
32229
24736
27098
13723
26876
25629
26466
8776
31589
2768
9153
32004
22500
23163
895
30410
4052
29219
28768
15835
5575
16927
302
5738
17261
2672
20152
27545
30391
4944
6683
27812
2619
21517
10304
2652
11483
31768
30374
26840
23713
4697
11618
6503
2286
7878
29284
12488
8148
4660
507
3486
2752
24685
12444
25374
24156
130
14815
23563
16819
18275
202
27108
20631
20652
9554
5212
32063
27074
4895
23818
13621
13087
28048
2914
19824
27626
31999
29924
31164
7115
326
5523
21347
3837
3457
3241
13062
22693
20758
20873
25036
20322
29171
13557
26047
14373
23575
641
28018
4931
10836
22087
7911
16328
3155
31453
19889
26895
19928
25476
23638
29327
25415
5794
19703
22008
8040
7283
17715
10111
30311
17915
2376
13429
29215
24639
12923
28703
15255
10164
9403
8898
24013
4088
1921
3837
9651
13248
17914
347
17272
274
23144
32297
4360
30132
26822
389
8662
32740
27818
1464
32729
22345
32368
17350
14804
25130
29589
25155
9947
31454
24161
1639
787
10627
12489
31589
18873
9715
1683
25593
28774
13812
23227
10816
26513
15279
11286
8653
1109
2148
21813
4089
14196
18267
7052
3706
13725
5406
14803
31800
29930
5861
27053
28764
9133
9810
12424
25513
31852
25950
29636
1039
6954
20116
6167
26237
14312
5501
12336
2808
27244
27483
32410
26346
23361
31769
20196
27068
1535
14211
27135
12198
28877
15027
10727
22214
32035
28107
28805
10864
13781
10730
1493
6342
15949
31576
8516
9864
18199
21508
8796
21805
11172
16945
15522
12082
7495
32620
6847
28338
32644
27585
15583
29239
22922
18734
5719
29648
254
19288
11914
13923
25082
20349
18701
7493
2134
20650
22793
25096
20006
27694
17377
23700
21379
2638
14101
4473
9103
32570
5479
31364
10931
14400
16188
15761
25131
18752
14916
17823
21701
28256
31837
29226
24805
22016
23989
20661
23501
18161
30255
5286
31259
30433
27145
16726
8595
9498
27067
14953
2079
19821
26914
11867
17428
1896
20957
3932
12727
26064
13560
3678
20992
27211
16327
19564
1694
24924
30741
13885
20282
14996
895
15881
27648
12551
32282
26523
2396
22526
9308
23208
22785
24555
21561
28511
15408
10146
10636
26945
25399
28101
14777
21555
1592
13952
12944
14289
6955
14711
24693
5382
11558
27645
24510
25049
14556
31623
32093
30602
12901
19552
2751
9950
6205
20638
10484
26295
14222
19284
20239
20711
1458
21513
4048
24902
13043
11881
25216
11011
23190
19003
29469
30775
29721
32659
15799
1984
27064
23369
31002
23884
30774
4009
5293
22452
15321
23916
19866
396
3767
2280
7983
20472
7216
12163
4741
17344
19900
4461
12639
8359
29927
9103
8276
12025
22169
32190
9265
15204
31643
31029
5785
18696
27223
4930
3566
10705
11743
26687
15477
28933
20017
23236
19124
29721
7610
15131
12575
19913
24
756
21748
5992
3620
31066
27748
19572
15152
21222
28147
3181
24461
8755
3873
12007
19537
11409
5706
24031
19542
30462
971
10827
13958
8018
22118
20212
30038
21945
28392
5512
10129
2662
22280
4587
15959
9094
28563
10191
15461
20339
18886
3716
31383
18219
12283
18193
5546
5376
8585
14467
26951
13201
17893
26245
15421
6392
6925
30257
527
581
25382
29990
21934
4908
5475
5851
4487
7674
22058
23603
10432
10189
14962
22865
9663
32005
23152
3501
29165
27126
30578
615
19129
27615
14603
8924
2015
28192
17776
888
5866
26535
14626
2763
20471
27820
16845
12510
1981
2206
24688
18631
714
29789
5823
2171
11791
31913
966
17124
16543
11483
13262
2099
10932
4562
10116
8312
30195
10545
22104
5231
31473
20680
12324
14493
4085
19023
25102
28316
5376
10074
25263
4276
266
12681
2421
15275
21647
8959
13637
27357
5450
17174
18021
6799
14145
15185
28570
25728
5889
14483
8845
19137
26923
11406
7027
9415
17199
17277
20461
25279
8536
25110
17709
6945
3593
16314
4443
5768
20038
28912
3127
19905
14197
30225
29439
3617
4710
8773
915
14364
12178
28333
21207
19476
4256
3554
25177
14703
19246
21407
14644
9196
2253
17594
1076
4919
18509
25433
314
16571
17468
2914
14818
30647
8873
29491
20836
15252
21037
9364
27064
10358
14381
489
25598
16913
5209
11181
28
9406
15736
23067
8105
19661
7016
32558
12298
26653
608
17612
32730
26091
21369
15166
912
14568
1645
19428
19803
32654
158
17447
15441
1715
23898
3246
9929
23135
2909
24789
1029
22747
25495
6747
22805
31754
7472
25946
27895
19708
17098
28797
2051
13761
3334
28013
17031
9595
17993
30092
9902
15031
7104
9958
10662
26622
32673
3429
16385
18086
180
11332
4444
3054
15123
15301
3903
21579
17966
28455
29509
14588
17425
22226
26749
25572
30186
13014
25615
5529
31173
18835
28963
20921
5531
5817
29694
9597
13195
26228
10350
15504
29543
12512
24425
14369
30066
18883
16369
31799
17000
14459
3898
26436
29887
19509
17423
10238
1837
16480
26994
9578
27754
1378
5251
11577
21559
393
29091
23640
16799
24132
11480
30147
22141
13715
14707
7066
30782
13244
15601
7798
12776
320
8480
22269
30555
2317
4483
15796
11736
28405
26614
13589
7615
19039
19605
14818
12701
31036
3291
28088
9829
7997
28167
12263
4350
9539
32452
14465
23806
19736
11272
27057
10422
11612
7485
19278
8814
10690
7071
25776
19185
15228
2277
26819
16717
7667
10531
26713
31700
13244
17391
32453
4710
14279
24771
11429
32243
3802
8866
21759
28987
19774
1790
4240
11992
17593
3034
19296
127
11964
300
24730
13187
18140
2437
10395
16026
27014
3571
11593
29924
2799
10535
30886
27177
6731
19923
12709
27747
9535
11350
31548
13948
20376
7067
18874
16472
29501
2366
8795
20502
31842
13553
31001
12435
22015
15135
8390
12592
31361
13007
344
21206
31935
25290
2180
17975
7471
20992
2190
8022
16218
14120
31071
25161
21389
2983
20440
19773
2258
17843
24422
956
23326
32184
31190
32555
20940
762
16747
26775
586
9085
24878
16305
11027
11042
8070
29462
31453
24082
32520
19924
22547
29279
24976
24106
15493
19689
24977
14736
31071
1407
21929
16887
30551
30279
12921
20562
18219
23136
16051
26709
5707
16325
19828
22909
23506
20597
29397
29008
20923
14033
26301
8934
3666
8517
2553
18344
20968
10538
16782
23896
23755
8427
7245
25938
24950
3431
30377
18705
26372
20119
4294
26612
12267
15217
19154
12866
30950
13580
31640
30061
9267
29956
5458
15763
9471
6944
3263
28746
16159
15922
13942
1181
28416
1087
3706
31826
3553
1504
7694
623
1599
232
29643
21244
11409
7751
25071
20489
4150
20271
30456
26611
22700
1397
25714
12516
770
19257
18445
23961
5008
32201
2802
28520
4069
12227
19287
18817
21761
30330
1105
2420
7621
9883
26602
18675
19879
17425
8052
11481
21418
10533
26141
25964
14734
10474
12739
991
13123
12504
24073
18716
17060
11703
3498
20928
17250
14271
13837
17254
29502
18941
2330
24360
19068
2296
12621
7523
14484
23701
5128
14011
6442
24888
3630
15967
30016
29740
24301
12686
25771
24389
13531
8283
9155
26563
4421
21421
12639
17530
30147
5257
2305
16176
4112
30868
19789
1351
22553
22483
30400
27548
21588
20406
23198
10670
30803
30549
7724
20483
20889
10489
27168
32199
30380
1246
29270
6583
27756
4407
9668
4669
30114
7027
6832
26844
220
16063
2848
3279
10361
13260
30099
18669
30976
19922
13806
18640
29110
18645
10937
31030
29551
19751
14987
18343
4516
19502
19907
1369
31174
6759
4217
29008
25810
27307
4277
11721
18214
3761
3294
9433
12947
8405
1653
8274
7859
31511
27907
6374
2940
8039
30031
143
12822
29984
28885
3118
14314
32722
14708
16498
6140
29508
1383
17915
13946
18617
14198
18623
21141
14707
32621
26285
19087
17014
24270
29073
26133
5518
26051
2104
6864
7059
15446
19156
32567
27628
19428
11937
24487
23890
7375
13513
10677
5078
15476
2182
8643
12326
16221
18566
5841
1036
13239
32659
2198
28727
6150
4211
29647
20286
10775
6413
14552
4578
8758
4302
20601
28820
11938
9803
17154
22071
17214
8232
5530
26662
4489
17720
8660
20345
15568
4069
2947
10116
7843
12499
18640
13729
12165
9408
28809
20016
26599
25007
17084
2779
11608
24389
8069
13855
8182
32371
24612
4103
23592
5205
18002
20539
1167
7258
30166
2362
10297
21926
11347
20708
22808
20404
11108
21051
1715
10816
2282
11370
28956
3172
22949
17159
18466
5889
27138
25493
19143
22112
31028
25677
31477
30489
10886
8222
14700
16948
8432
29682
24063
9359
30952
8499
8192
17791
5242
14733
25337
28858
28059
30710
15260
22389
25275
10988
16637
27849
12697
5118
32255
24923
5211
24718
5900
572
13534
8149
30730
32526
27211
23080
7818
23401
29931
11641
21570
3965
11324
4896
28093
7160
21316
13020
24913
5418
1829
26388
19026
26982
31730
22115
11397
26284
31681
18004
3031
17286
23553
2922
11343
12080
23822
14948
3650
11515
10243
32446
31430
16115
24272
14971
13416
9152
29324
21282
8226
11210
13324
20487
31367
27041
21172
11723
27969
16795
15757
2854
6333
7359
6808
4836
26149
17121
18530
18222
13711
8207
7641
4619
15476
31020
23646
16167
10339
21467
2075
17106
23030
5535
6807
29259
19462
7744
17287
4415
31515
24944
11240
22669
24870
17326
28490
23116
22899
15979
16239
26383
217
3947
26132
22631
26164
30575
6415
25770
7957
19473
21658
24563
5303
24815
12271
3690
7477
3083
24597
27590
13563
18802
23801
3088
27770
16924
23744
31145
24097
14868
6492
13454
16520
10712
5213
14043
26862
1795
19722
8846
20965
41
7345
31886
31308
12291
11579
6380
12414
3020
15875
7272
7625
4330
10985
14135
9762
30161
27042
32003
28694
25125
29010
32308
10500
29214
16476
1646
22922
2353
29816
9306
24125
14317
10503
24234
22685
14627
4004
14935
11336
19017
30460
30253
23661
25376
13279
8074
23940
4245
8343
25699
12092
30437
9848
18055
21173
16133
1464
5160
28912
29505
20353
18839
17796
3875
17989
16463
8594
18070
6226
20277
6906
18507
10406
16414
15311
32604
23044
16018
17929
6192
4167
9168
24442
19614
23543
17425
14852
15189
1050
8465
3080
20091
25164
9676
27937
30100
17682
20357
27411
13990
19564
26637
27390
23194
29865
13634
10968
14566
17279
16854
30489
26217
19291
9042
26808
19350
30966
24922
16215
26069
24361
25138
11195
14374
29954
129
7806
12040
31255
11861
28424
31641
29978
18792
28347
10750
174
1186
15470
30469
23161
2782
27677
10505
26747
16113
22238
28695
10398
15592
10007
4430
16014
146
29935
24972
5066
21823
1794
21319
15868
29382
2905
7096
8070
27597
23705
13119
30301
20804
10106
13571
19738
12083
1147
25049
590
18102
22997
19047
23062
10565
6573
25737
19952
6457
12429
4083
3789
21388
14357
19992
28008
9953
16878
12619
7381
31684
20224
18212
861
12850
18149
550
3465
30812
925
26270
14205
32424
17795
32462
16519
11513
9087
23115
15608
15664
19326
7332
31283
24307
10015
24388
26883
18605
14511
27290
562
22997
17496
2679
22871
12916
6549
439
20975
25569
4329
24867
10927
7887
4561
17814
21273
650
13559
16735
16206
29054
22184
29927
11811
3833
11656
6804
5494
18994
14725
2540
10435
6793
7945
30206
11762
20752
17012
27389
5235
9035
14281
20271
653
21300
23207
27397
19699
6274
8828
15500
3225
12075
1781
6660
18117
12072
2233
26573
23401
4472
12886
25995
11696
1639
9595
22146
15063
272
2153
2370
4926
7201
26532
649
27071
15326
24558
20325
11582
4457
9333
17049
24705
25408
13644
8514
9282
16135
23064
698
10115
30856
13580
26557
29218
6648
535
19658
15789
10619
22107
15308
20599
26603
29666
8442
3820
27861
1420
26364
14113
17349
22348
7759
31408
28356
24212
13290
27330
29214
9998
31522
27245
19817
30605
3787
6977
1474
17219
19872
30749
9562
15156
30181
4679
21554
5098
9290
9404
28194
21355
14867
29125
14880
15208
28278
7883
9919
9143
3908
620
12278
22788
13516
6351
21027
21443
27901
4660
11855
23400
8650
12239
17332
27099
16083
25302
25212
25382
23105
25049
15308
30065
25841
10322
13057
13617
9686
5245
21562
18844
1176
5993
5142
15712
26497
11087
15551
18324
10394
1060
11303
8431
26129
11882
18321
14648
12766
4171
18516
24829
25766
232
17883
15240
6112
27119
8433
3343
2870
10091
13371
14635
31022
6625
28166
1419
7945
7832
14148
29930
31724
25144
19408
20030
2877
16791
26618
9267
32336
11471
28479
28887
14659
16532
28760
6551
5926
2500
10871
28522
14687
10048
30669
32588
26189
15867
16719
18158
15148
29520
24506
8620
13625
24985
3540
447
22038
15101
20469
18868
26479
3721
29895
23068
8670
25474
4938
10118
15116
7930
10779
27818
7962
26530
17397
19687
22847
31711
17784
31472
28594
11808
18473
14274
14026
31598
9915
15833
24419
28741
7821
27811
17541
20386
10867
18485
15424
12381
31417
8509
28634
1209
11877
31031
32557
16442
12733
30436
29514
4022
26121
32504
17506
22447
30362
17683
30439
27872
32523
26867
5102
15126
26311
29672
216
20033
5579
19080
31281
29131
26286
26275
13784
23080
31198
28026
28768
3247
20012
30251
27063
31144
17035
5232
5381
31910
25876
31625
32727
14103
13134
19831
13437
31001
12205
27243
7088
11407
28760
21630
8569
30324
2863
31650
8526
624
781
1497
23933
11433
6730
26533
1486
32220
11909
24767
4451
11692
416
12555
28644
7994
5131
6604
21977
3061
29766
32533
10327
20660
10145
15744
19423
4354
4167
2081
23171
9400
29818
25277
1354
978
2848
3128
9430
9339
12671
27981
15684
32618
11845
24450
31060
11889
9675
24666
24778
22867
9114
1228
19988
25815
23855
16628
26412
6170
4603
22537
7616
11305
11438
2191
31377
31183
2485
18637
14361
14764
1793
10114
28784
2695
16651
9428
25200
12774
8469
6025
4632
19163
8370
29305
18478
22304
26248
32323
13608
26214
8277
23360
15181
18411
15920
24501
9240
31307
29458
9805
17629
19864
7828
24774
22190
27564
1018
17130
1408
15038
29297
6593
31370
20020
17045
25349
26094
22968
19766
30934
19355
23182
16220
9647
6002
27429
28552
13465
15528
29932
6205
20894
25707
13414
7103
20097
28616
17281
13595
8108
20684
7716
14951
9578
32489
21767
21579
5462
2716
25287
20161
6164
5197
22330
26392
28478
10871
19712
15167
14241
21256
23898
15936
7082
17419
1599
22027
2587
3972
13997
1653
17666
18075
30014
19840
23788
22525
21755
5341
27734
11648
11380
23727
10084
19718
17169
914
5078
163
26787
20444
32055
18946
11070
7715
31063
9476
8011
22783
4348
23979
28121
7696
24789
32055
7476
13379
18095
4750
18361
14162
28395
23009
13544
7306
22064
1933
2235
29905
4957
14911
32054
4071
32194
22620
23104
25836
911
23712
8113
25635
17548
22021
5548
5621
17675
7910
14127
11065
19740
3940
10984
25266
18431
12041
15947
26585
14303
10667
5857
3805
4541
2963
3555
4585
5546
2271
27143
13221
30521
21541
27546
27391
27188
18521
24271
31787
26510
27121
10327
8936
16025
838
49
12806
18041
24638
20164
19493
17369
27944
24619
6591
22236
15591
25040
8297
