49
65
71
110
121
126
174
234
259
321
329
427
441
445
467
476
525
577
582
648
670
688
694
703
715
728
812
874
904
914
932
956
991
1046
1065
1140
1164
1214
1360
1402
1462
1603
1624
1662
1673
1684
1718
1733
1745
1759
1861
1863
1909
1948
1962
1974
2041
2107
2124
2134
2248
2286
2420
2496
2554
2562
2573
2603
2659
2662
2668
2685
2694
2756
2776
2788
2796
2806
2815
2864
2878
2888
2919
2934
2983
2995
3010
3029
3035
3065
3084
3087
3088
3210
3228
3233
3348
3412
3430
3436
3465
3544
3593
3625
3677
3719
3722
3723
3736
3753
3788
3813
3822
3851
3858
3879
3907
3932
3946
3956
3977
4038
4044
4083
4123
4208
4289
4335
4351
4420
4421
4444
4553
4576
4576
4777
4800
4834
4842
4850
4870
4933
5021
5223
5378
5428
5432
5457
5474
5571
5605
5607
5724
5737
5754
5755
5757
5790
5805
5878
5918
5928
5933
5934
5935
5947
5988
6221
6286
6313
6325
6358
6383
6391
6399
6422
6434
6445
6493
6532
6558
6565
6643
6668
6672
6676
6782
6806
6876
6894
6913
7010
7101
7106
7186
7190
7217
7230
7258
7292
7338
7351
7355
7359
7385
7434
7448
7465
7500
7538
7628
7638
7644
7694
7707
7735
7738
7766
7790
7825
7870
7884
7903
7911
7936
8024
8076
8095
8114
8178
8178
8241
8274
8316
8319
8332
8332
8349
8426
8439
8447
8566
8584
8655
8697
8705
8755
8783
8848
8877
8918
8943
8955
8974
8976
9083
9144
9163
9250
9302
9342
9346
9350
9372
9388
9429
9430
9551
9577
9598
9615
9661
9692
9707
9713
9722
9733
9788
9821
9906
9936
9949
9955
9965
9981
9992
9993
10014
10039
10090
10102
10108
10186
10197
10208
10250
10266
10281
10303
10371
10381
10383
10433
10452
10486
10540
10545
10574
10620
10641
10661
10698
10703
10725
10752
10765
10815
10822
10835
10863
10896
10909
10997
11014
11030
11035
11060
11085
11160
11181
11238
11262
11291
11302
11385
11394
11406
11438
11513
11517
11534
11595
11626
11651
11689
11702
11752
11753
11760
11766
11767
11789
11814
11839
11840
11863
11933
11986
12014
12053
12075
12080
12113
12119
12128
12170
12189
12224
12242
12297
12350
12453
12478
12543
12592
12610
12638
12654
12693
12793
12807
12826
12847
12874
12897
12921
12926
12931
12972
13037
13041
13090
13097
13148
13148
13160
13171
13193
13193
13215
13259
13262
13275
13281
13315
13329
13330
13407
13417
13465
13482
13494
13518
13523
13542
13577
13583
13584
13641
13653
13695
13728
13742
13752
13756
13812
13991
14015
14091
14098
14128
14163
14179
14180
14181
14204
14224
14256
14296
14360
14375
14376
14391
14446
14450
14454
14467
14477
14485
14565
14571
14657
14704
14724
14750
14904
14937
14948
14950
14957
14979
15013
15039
15103
15126
15127
15189
15247
15301
15328
15372
15533
15542
15600
15665
15668
15684
15684
15733
15771
15779
15781
15808
15887
15895
15896
15917
15918
15927
15958
15959
15974
16008
16062
16126
16136
16156
16163
16192
16296
16302
16339
16361
16374
16388
16413
16426
16448
16469
16505
16507
16512
16558
16617
16660
16687
16733
16792
16827
16844
16895
16899
16919
16930
16946
16955
17035
17038
17050
17066
17128
17139
17237
17273
17302
17354
17408
17431
17455
17482
17492
17496
17508
17538
17584
17653
17656
17661
17691
17739
17836
17938
17941
17964
17969
17971
17999
18005
18042
18044
18093
18099
18166
18181
18192
18234
18310
18331
18352
18378
18386
18399
18420
18517
18529
18536
18639
18694
18724
18730
18744
18777
18821
18865
18892
18901
18978
19037
19043
19057
19079
19117
19168
19217
19279
19400
19454
19463
19499
19505
19567
19574
19592
19630
19636
19659
19715
19719
19752
19799
19832
19858
19873
19883
20049
20051
20056
20141
20215
20251
20463
20492
20611
20612
20718
20779
20904
20919
21092
21123
21125
21136
21152
21227
21261
21278
21323
21332
21348
21353
21370
21394
21428
21433
21511
21531
21564
21566
21567
21625
21652
21696
21830
21864
21880
21887
21917
21976
21989
22054
22059
22060
22065
22082
22157
22170
22188
22202
22233
22235
22249
22293
22300
22315
22322
22348
22412
22450
22487
22518
22537
22576
22596
22672
22685
22801
22826
22860
22883
22884
22930
22935
23036
23037
23047
23048
23061
23071
23077
23104
23134
23149
23169
23185
23189
23211
23314
23340
23375
23402
23459
23460
23488
23546
23574
23589
23675
23692
23703
23729
23825
23871
23878
23899
23993
24098
24156
24156
24189
24219
24244
24252
24287
24359
24370
24371
24385
24418
24516
24519
24569
24578
24616
24673
24693
24786
24788
24824
24929
24937
24973
24981
24992
25008
25013
25056
25083
25204
25217
25256
25271
25273
25289
25364
25374
25414
25420
25426
25512
25532
25582
25609
25610
25644
25645
25674
25734
25782
25785
25810
25825
25833
25849
25877
25889
25899
25919
25922
25948
25954
25972
26057
26086
26119
26165
26202
26220
26230
26259
26349
26376
26381
26425
26489
26552
26580
26587
26592
26602
26606
26643
26645
26650
26653
26712
26816
26826
26934
26945
26956
27061
27071
27087
27133
27186
27323
27336
27398
27421
27441
27471
27482
27551
27566
27601
27626
27650
27672
27719
27759
27766
27775
27830
27832
27884
27942
27971
28019
28038
28082
28109
28145
28148
28172
28223
28229
28242
28296
28353
28381
28403
28405
28513
28533
28557
28588
28606
28706
28758
28773
28805
28847
28892
28903
28928
28955
28985
29020
29047
29060
29067
29135
29147
29150
29163
29169
29190
29262
29278
29288
29323
29361
29376
29433
29482
29520
29521
29524
29529
29550
29557
29562
29671
29674
29702
29736
29741
29785
29794
29831
29841
29853
29894
29973
30058
30062
30087
30139
30149
30161
30218
30225
30261
30294
30300
30316
30322
30366
30394
30394
30412
30430
30446
30459
30542
30559
30562
30572
30639
30655
30655
30693
30758
30763
30832
30879
30897
30903
30960
30975
31005
31016
31033
31139
31144
31187
31194
31272
31274
31278
31292
31309
31310
31361
31440
31464
31485
31495
31517
31568
31690
31712
31721
31739
31789
31809
31939
31996
32005
32077
32082
32095
32159
32220
32270
32311
32360
32364
32374
32375
32425
32509
32534
32551
32582
32594
32679
32698
32721
32738
