3
6
9
16
19
26
26
29
30
32
41
41
45
46
48
49
50
52
52
60
62
69
69
70
71
72
74
76
76
77
80
85
87
87
89
89
92
101
102
104
106
107
109
124
128
134
135
139
139
141
143
146
146
147
148
154
158
159
163
167
168
170
172
175
188
195
195
198
203
207
211
213
215
223
224
225
230
232
232
233
242
243
244
244
245
248
252
255
255
258
258
259
278
285
293
293
294
297
299
302
304
306
323
328
329
331
337
349
354
360
365
368
368
372
378
380
383
391
393
395
395
404
405
406
408
418
419
421
424
426
429
430
430
431
433
435
443
445
449
459
461
461
461
461
462
462
466
468
476
477
477
492
496
500
500
513
515
526
526
527
528
534
544
545
547
557
558
559
561
570
580
586
587
587
589
591
605
606
606
606
612
617
619
619
621
622
626
627
631
632
641
641
646
647
658
660
661
664
672
677
688
689
692
698
699
703
706
707
708
710
710
713
713
716
716
717
719
720
723
725
727
734
741
744
745
751
752
752
754
755
758
760
763
768
769
774
782
786
788
803
811
813
815
821
832
834
840
841
845
849
852
852
856
857
858
861
872
876
878
879
880
886
891
900
901
904
905
905
909
914
915
919
924
926
927
929
932
938
938
948
950
951
955
966
972
978
979
980
981
982
983
984
987
990
990
993
994
1006
1007
1011
1020
1020
1021
1026
1028
1028
1028
1028
1029
1032
1032
1034
1049
1052
1052
1053
1055
1057
1061
1063
1070
1072
1073
1075
1077
1085
1086
1086
1087
1088
1088
1089
1093
1094
1095
1095
1095
1103
1109
1109
1115
1116
1119
1122
1124
1128
1132
1134
1135
1135
1137
1142
1144
1147
1154
1158
1164
1169
1173
1173
1173
1187
1195
1201
1203
1204
1206
1216
1216
1225
1228
1228
1232
1234
1237
1240
1242
1245
1246
1247
1248
1249
1255
1259
1267
1267
1271
1272
1282
1286
1286
1288
1290
1301
1302
1303
1304
1312
1318
1320
1322
1323
1328
1328
1330
1335
1336
1337
1341
1342
1344
1345
1350
1353
1356
1360
1366
1370
1372
1374
1377
1378
1378
1378
1380
1384
1384
1389
1390
1394
1398
1401
1406
1407
1415
1415
1415
1418
1420
1421
1423
1427
1428
1429
1429
1433
1437
1442
1442
1442
1446
1450
1452
1454
1454
1455
1456
1472
1476
1477
1482
1486
1489
1490
1493
1494
1499
1500
1502
1503
1504
1507
1514
1515
1521
1536
1538
1539
1539
1540
1544
1546
1550
1550
1553
1557
1562
1564
1566
1567
1574
1579
1582
1583
1584
1589
1591
1592
1598
1599
1600
1602
1606
1612
1613
1621
1624
1624
1629
1630
1632
1637
1640
1641
1642
1647
1656
1657
1662
1664
1669
1669
1682
1683
1685
1688
1694
1697
1703
1708
1709
1710
1718
1719
1719
1724
1737
1748
1749
1754
1761
1764
1765
1770
1770
1774
1774
1777
1782
1786
1795
1795
1797
1798
1799
1806
1807
1811
1811
1817
1818
1819
1821
1824
1825
1833
1833
1834
1835
1838
1841
1850
1854
1856
1870
1871
1872
1875
1876
1879
1879
1881
1885
1886
1891
1895
1899
1904
1910
1912
1915
1916
1918
1923
1927
1932
1933
1939
1944
1959
1963
1969
1976
1977
1980
1981
1984
1995
1998
2000
2003
2003
2006
2009
2011
2015
2019
2027
2030
2034
2037
2044
2049
2051
2053
2054
2054
2056
2058
2063
2065
2071
2072
2073
2074
2074
2076
2076
2077
2080
2082
2083
2084
2088
2089
2090
2091
2092
2096
2097
2098
2099
2101
2102
2107
2108
2111
2112
2113
2116
2123
2130
2135
2135
2142
2148
2152
2157
2162
2162
2163
2171
2172
2189
2189
2193
2195
2197
2198
2202
2215
2216
2218
2218
2219
2222
2223
2223
2225
2231
2234
2236
2238
2238
2240
2241
2243
2245
2247
2252
2253
2258
2261
2268
2275
2276
2276
2277
2281
2291
2291
2291
2292
2294
2296
2299
2300
2303
2306
2307
2315
2334
2334
2335
2336
2339
2339
2339
2343
2349
2351
2354
2356
2358
2362
2362
2366
2366
2368
2377
2380
2384
2388
2389
2389
2392
2394
2395
2398
2398
2400
2401
2409
2410
2411
2414
2416
2418
2418
2420
2423
2423
2430
2431
2445
2445
2452
2457
2466
2468
2469
2475
2477
2484
2485
2491
2491
2497
2500
2503
2506
2508
2517
2519
2521
2522
2525
2533
2535
2540
2551
2553
2554
2556
2557
2557
2563
2563
2564
2567
2570
2571
2577
2578
2589
2590
2607
2609
2614
2616
2617
2620
2622
2622
2625
2626
2628
2631
2633
2637
2645
2645
2646
2655
2659
2663
2664
2666
2670
2676
2679
2681
2692
2695
2697
2700
2700
2700
2703
2704
2704
2705
2707
2708
2720
2722
2724
2726
2728
2731
2731
2732
2734
2737
2742
2743
2748
2757
2758
2758
2760
2767
2768
2770
2773
2775
2775
2792
2795
2802
2805
2818
2822
2826
2827
2836
2836
2846
2856
2857
2858
2858
2858
2859
2861
2863
2865
2865
2873
2880
2895
2898
2899
2901
2902
2904
2907
2909
2916
2918
2930
2930
2932
2933
2937
2937
2940
2942
2944
2944
2945
2945
2946
2948
2960
2962
2963
2966
2966
2972
2974
2977
2981
2983
2984
2985
2989
2994
2997
2999
3001
3009
3011
3012
3017
3017
3018
3021
3023
3029
3029
3030
3035
3036
3037
3040
3051
3054
3059
3064
3064
3066
3066
3069
3071
3074
3075
3077
3079
3081
3084
3085
3087
3087
3090
3091
3099
3099
3102
3102
3104
3104
3105
3109
3110
3115
3115
3118
3122
3125
3126
3126
3127
3133
3134
3134
3135
3136
3136
3154
3156
3164
3165
3166
3166
3173
3173
3173
3175
3176
3177
3178
3180
3180
3190
3196
3196
3198
3205
3206
3207
3212
3218
3228
3233
3234
3235
3236
3237
3242
3246
3252
3255
3259
3259
3261
3262
3265
3270
3278
3279
3283
3285
3286
3295
3295
3300
3302
3303
3305
3305
3308
3314
3318
3319
3323
3326
3329
3339
3350
3351
3352
3363
3364
3372
3377
3384
3387
3388
3396
3398
3417
3426
3428
3430
3441
3443
3445
3447
3452
3452
3459
3463
3466
3468
3470
3479
3481
3483
3487
3489
3490
3492
3496
3498
3505
3505
3506
3510
3513
3516
3517
3519
3519
3520
3522
3523
3526
3528
3531
3536
3542
3542
3544
3549
3550
3554
3557
3557
3559
3560
3561
3569
3573
3573
3582
3583
3583
3584
3587
3592
3593
3603
3612
3613
3618
3634
3640
3649
3653
3656
3656
3657
3658
3658
3658
3659
3662
3667
3674
3676
3677
3677
3678
3680
3687
3687
3689
3690
3690
3693
3693
3698
3699
3708
3708
3715
3717
3718
3718
3729
3730
3738
3739
3741
3746
3753
3753
3756
3758
3759
3762
3766
3776
3780
3781
3784
3787
3788
3802
3814
3818
3819
3824
3825
3834
3835
3838
3840
3849
3855
3857
3864
3873
3876
3889
3892
3894
3895
3896
3897
3900
3901
3909
3911
3911
3912
3920
3930
3933
3937
3941
3942
3943
3945
3946
3951
3952
3958
3959
3960
3965
3968
3971
3971
3973
3977
3980
3982
3992
3994
3995
3996
3997
4003
4011
4012
4013
4014
4017
4018
4019
4020
4021
4025
4026
4030
4032
4034
4034
4034
4036
4041
4044
4045
4046
4059
4060
4068
4068
4069
4071
4076
4076
4080
4081
4082
4083
4084
4086
4086
4090
4104
4110
4111
4112
4112
4114
4114
4116
4118
4120
4124
4128
4132
4134
4134
4139
4141
4141
4141
4145
4147
4148
4150
4153
4153
4154
4155
4158
4170
4175
4176
4177
4190
4192
4192
4193
4196
4197
4199
4199
4199
4200
4200
4204
4204
4207
4213
4213
4213
4218
4220
4224
4228
4229
4232
4238
4239
4241
4246
4246
4248
4249
4253
4258
4261
4271
4272
4278
4281
4288
4298
4299
4302
4303
4313
4315
4315
4316
4316
4322
4325
4327
4332
4332
4332
4334
4335
4335
4337
4339
4340
4341
4345
4352
4354
4355
4356
4358
4361
4364
4370
4374
4374
4374
4379
4382
4392
4396
4411
4413
4414
4417
4417
4419
4419
4420
4422
4424
4430
4431
4434
4443
4444
4446
4450
4451
4454
4455
4460
4464
4471
4474
4476
4479
4490
4492
4492
4493
4501
4504
4507
4516
4519
4522
4528
4528
4531
4532
4532
4534
4534
4534
4535
4546
4546
4549
4550
4556
4557
4557
4559
4560
4563
4565
4566
4569
4569
4570
4574
4577
4582
4586
4588
4593
4601
4607
4607
4611
4612
4616
4616
4616
4617
4617
4621
4623
4627
4628
4628
4638
4644
4651
4654
4655
4661
4664
4665
4677
4683
4685
4686
4700
4704
4707
4708
4711
4714
4717
4721
4724
4724
4724
4726
4733
4736
4744
4744
4748
4753
4757
4759
4760
4763
4764
4766
4766
4767
4768
4771
4772
4772
4780
4784
4786
4789
4790
4796
4797
4799
4800
4802
4808
4816
4825
4833
4840
4845
4845
4847
4848
4852
4855
4868
4873
4877
4877
4882
4883
4890
4891
4897
4900
4902
4905
4912
4913
4916
4921
4928
4930
4936
4942
4950
4954
4965
4967
4971
4972
4978
4978
4980
4982
4982
4982
4986
4987
4988
4994
5004
5005
5006
5008
5016
5021
5024
5025
5035
5035
5036
5049
5049
5051
5053
5053
5060
5063
5065
5069
5071
5072
5074
5077
5079
5086
5091
5095
5121
5126
5126
5127
5129
5132
5139
5140
5142
5142
5143
5146
5150
5155
5160
5160
5161
5167
5168
5180
5183
5189
5220
5224
5226
5227
5231
5231
5237
5239
5240
5241
5242
5245
5251
5255
5256
5258
5259
5259
5263
5265
5266
5268
5268
5275
5278
5284
5285
5287
5292
5298
5299
5303
5304
5304
5306
5307
5307
5307
5311
5312
5313
5322
5327
5334
5334
5335
5337
5346
5355
5355
5359
5359
5361
5362
5365
5372
5376
5387
5387
5393
5397
5397
5397
5402
5404
5408
5408
5410
5412
5419
5420
5421
5421
5422
5424
5425
5425
5428
5436
5437
5439
5444
5463
5469
5473
5475
5477
5480
5481
5482
5483
5484
5485
5488
5489
5493
5495
5496
5500
5500
5501
5509
5511
5517
5522
5523
5526
5528
5535
5535
5536
5536
5541
5551
5553
5555
5555
5556
5556
5557
5560
5563
5563
5568
5570
5572
5573
5575
5588
5591
5594
5596
5597
5598
5599
5602
5603
5607
5608
5615
5619
5623
5624
5626
5627
5630
5635
5646
5652
5652
5660
5665
5667
5669
5671
5671
5672
5673
5685
5688
5689
5691
5698
5708
5713
5716
5717
5717
5717
5718
5721
5721
5725
5728
5730
5731
5732
5734
5740
5740
5742
5744
5744
5749
5752
5752
5754
5756
5758
5758
5760
5760
5765
5768
5774
5774
5779
5780
5789
5793
5798
5798
5816
5820
5826
5828
5830
5837
5842
5844
5850
5855
5868
5869
5871
5882
5888
5890
5892
5893
5896
5903
5904
5907
5909
5915
5918
5922
5924
5931
5934
5936
5939
5946
5947
5948
5949
5949
5953
5963
5966
5967
5970
5972
5974
5975
5975
5976
5977
5978
5979
5980
5987
5988
5989
5990
5991
6008
6022
6032
6036
6041
6042
6052
6053
6055
6057
6062
6066
6066
6068
6069
6071
6072
6078
6079
6085
6085
6089
6097
6097
6098
6105
6107
6107
6108
6114
6123
6123
6124
6129
6135
6140
6142
6145
6146
6152
6154
6155
6157
6157
6161
6167
6169
6170
6171
6173
6174
6179
6181
6187
6188
6189
6189
6200
6200
6204
6206
6209
6211
6216
6254
6256
6263
6263
6263
6263
6264
6265
6281
6282
6292
6297
6304
6308
6313
6315
6315
6328
6344
6346
6347
6349
6350
6352
6365
6367
6374
6377
6380
6391
6397
6419
6420
6423
6423
6424
6424
6425
6429
6431
6433
6437
6437
6440
6440
6444
6445
6447
6453
6457
6458
6464
6464
6467
6470
6471
6473
6477
6482
6487
6487
6489
6493
6513
6518
6518
6526
6529
6530
6534
6540
6540
6542
6543
6554
6563
6563
6572
6575
6575
6575
6578
6581
6582
6584
6584
6590
6592
6593
6596
6601
6605
6609
6611
6613
6618
6619
6622
6623
6632
6633
6633
6633
6633
6634
6638
6644
6645
6650
6655
6656
6660
6669
6674
6679
6680
6681
6684
6686
6686
6690
6692
6700
6705
6708
6711
6717
6721
6722
6722
6723
6734
6735
6737
6737
6739
6742
6742
6743
6744
6745
6751
6755
6755
6757
6758
6762
6765
6773
6780
6780
6787
6788
6790
6792
6794
6795
6796
6802
6816
6818
6818
6820
6820
6821
6833
6837
6837
6841
6841
6844
6846
6848
6850
6851
6851
6853
6857
6863
6866
6867
6869
6876
6880
6881
6887
6888
6888
6893
6893
6894
6896
6898
6904
6909
6919
6923
6936
6936
6937
6948
6954
6957
6959
6965
6966
6970
6971
6972
6976
6980
6984
6987
6989
6991
6993
7003
7006
7008
7012
7012
7013
7022
7028
7031
7032
7034
7035
7036
7036
7036
7044
7046
7048
7048
7049
7052
7052
7060
7060
7061
7062
7068
7078
7081
7083
7088
7089
7090
7094
7103
7105
7106
7110
7111
7117
7122
7124
7128
7130
7131
7135
7138
7138
7140
7144
7150
7151
7153
7156
7157
7160
7164
7166
7169
7172
7174
7179
7179
7182
7182
7184
7185
7185
7194
7196
7196
7198
7199
7205
7205
7206
7207
7209
7213
7222
7224
7226
7227
7231
7232
7247
7247
7247
7250
7252
7254
7257
7260
7260
7265
7265
7266
7273
7279
7281
7287
7288
7290
7296
7297
7299
7301
7301
7303
7306
7309
7310
7312
7312
7312
7316
7318
7320
7320
7327
7329
7331
7334
7339
7341
7342
7342
7345
7349
7357
7361
7363
7363
7365
7369
7370
7371
7371
7382
7382
7387
7393
7394
7396
7396
7401
7403
7412
7412
7412
7415
7416
7416
7417
7418
7425
7425
7429
7429
7434
7436
7437
7438
7438
7441
7448
7450
7451
7452
7456
7458
7461
7463
7463
7463
7473
7477
7480
7480
7481
7483
7485
7488
7491
7492
7492
7492
7503
7503
7519
7521
7522
7526
7526
7535
7536
7542
7547
7547
7549
7551
7555
7556
7557
7558
7559
7560
7562
7562
7563
7567
7568
7585
7585
7586
7590
7591
7592
7593
7596
7597
7600
7601
7601
7608
7610
7610
7611
7612
7613
7619
7626
7629
7629
7633
7639
7643
7645
7650
7658
7661
7661
7662
7662
7664
7667
7680
7680
7682
7688
7692
7698
7701
7703
7704
7709
7710
7711
7711
7713
7714
7717
7721
7722
7726
7740
7742
7743
7743
7743
7746
7746
7747
7747
7748
7748
7751
7753
7757
7764
7765
7773
7778
7780
7784
7788
7789
7793
7797
7799
7802
7802
7803
7806
7808
7810
7811
7817
7818
7819
7820
7824
7829
7829
7829
7837
7838
7838
7840
7849
7854
7857
7863
7864
7870
7873
7875
7877
7878
7887
7888
7889
7893
7897
7898
7898
7899
7900
7905
7907
7914
7918
7920
7931
7935
7941
7946
7948
7949
7951
7954
7955
7955
7956
7963
7969
7971
7972
7974
7976
7980
7984
7986
7988
7989
7998
8000
8005
8012
8012
8015
8015
8017
8021
8028
8028
8030
8037
8042
8043
8045
8056
8057
8058
8058
8064
8066
8070
8070
8071
8071
8074
8076
8085
8089
8108
8109
8109
8109
8112
8115
8119
8121
8124
8136
8136
8142
8146
8147
8158
8164
8166
8170
8178
8178
8180
8184
8185
8187
8188
8196
8197
8206
8210
8213
8213
8213
8216
8220
8225
8238
8238
8240
8243
8244
8249
8252
8252
8253
8255
8259
8260
8274
8276
8280
8283
8286
8288
8289
8291
8291
8292
8293
8295
8295
8295
8297
8297
8300
8303
8304
8307
8308
8310
8311
8315
8318
8324
8324
8329
8331
8336
8336
8340
8342
8342
8342
8344
8350
8350
8352
8358
8360
8361
8363
8364
8371
8372
8376
8377
8385
8387
8390
8392
8398
8408
8413
8418
8424
8425
8428
8437
8442
8443
8450
8456
8457
8460
8469
8471
8471
8474
8475
8480
8487
8489
8491
8492
8494
8502
8503
8507
8508
8509
8512
8514
8523
8533
8539
8541
8547
8547
8547
8558
8559
8561
8562
8563
8564
8571
8571
8573
8574
8577
8579
8592
8592
8597
8603
8610
8611
8612
8615
8617
8620
8623
8624
8627
8638
8649
8650
8650
8654
8664
8666
8667
8667
8677
8679
8679
8681
8683
8687
8688
8690
8692
8694
8696
8698
8703
8704
8711
8720
8721
8722
8723
8724
8727
8735
8736
8740
8744
8746
8747
8749
8751
8752
8760
8769
8773
8774
8779
8784
8789
8792
8794
8795
8797
8797
8798
8802
8802
8803
8815
8816
8819
8819
8821
8836
8839
8845
8848
8849
8856
8860
8861
8861
8861
8862
8871
8871
8871
8874
8876
8883
8884
8889
8890
8892
8893
8906
8908
8910
8911
8912
8912
8913
8913
8913
8915
8916
8924
8927
8927
8933
8935
8935
8940
8941
8942
8944
8950
8950
8963
8964
8967
8970
8979
8981
8981
8982
8982
8987
8988
8990
8991
8992
8996
8996
8999
9000
9006
9012
9015
9018
9023
9031
9035
9037
9045
9045
9046
9047
9049
9049
9052
9057
9060
9065
9070
9080
9081
9084
9085
9093
9099
9100
9102
9104
9111
9114
9115
9125
9131
9135
9140
9141
9142
9144
9162
9166
9166
9167
9173
9175
9176
9176
9178
9181
9185
9185
9188
9192
9202
9203
9205
9209
9212
9214
9214
9216
9216
9216
9219
9221
9227
9233
9239
9241
9247
9250
9253
9254
9255
9255
9255
9262
9264
9275
9277
9280
9289
9292
9294
9294
9297
9301
9304
9306
9311
9318
9319
9324
9327
9333
9338
9345
9345
9348
9351
9360
9362
9368
9371
9377
9379
9381
9391
9394
9400
9406
9409
9412
9414
9418
9425
9430
9434
9435
9438
9440
9441
9445
9451
9451
9456
9461
9461
9463
9466
9470
9476
9481
9483
9483
9485
9493
9493
9496
9497
9508
9518
9523
9524
9526
9527
9528
9540
9546
9546
9550
9551
9554
9558
9559
9560
9560
9560
9560
9561
9563
9566
9567
9568
9581
9586
9590
9593
9593
9593
9598
9600
9603
9603
9604
9616
9620
9622
9629
9633
9643
9643
9645
9656
9659
9660
9665
9671
9685
9686
9686
9689
9696
9699
9699
9700
9700
9700
9702
9702
9704
9707
9707
9710
9715
9722
9722
9730
9732
9735
9738
9743
9743
9746
9746
9747
9747
9747
9754
9760
9760
9767
9767
9768
9768
9768
9769
9776
9776
9783
9786
9790
9800
9803
9805
9807
9810
9819
9821
9821
9824
9828
9838
9838
9840
9842
9846
9848
9854
9855
9864
9868
9869
9869
9881
9882
9887
9887
9892
9893
9899
9903
9903
9905
9906
9907
9912
9917
9927
9931
9932
9935
9935
9935
9937
9938
9939
9941
9943
9943
9946
9947
9951
9958
9958
9961
9963
9964
9968
9970
9971
9973
9976
9980
9981
9983
9987
9988
9994
9996
9997
10001
10003
10003
10006
10012
10014
10016
10020
10025
10031
10034
10035
10035
10035
10042
10044
10047
10048
10052
10063
10065
10069
10070
10073
10075
10077
10083
10086
10089
10101
10106
10113
10117
10120
10120
10121
10122
10127
10136
10136
10138
10142
10143
10145
10153
10153
10160
10169
10170
10174
10181
10188
10190
10190
10191
10201
10202
10212
10221
10222
10223
10230
10233
10239
10247
10253
10256
10259
10271
10276
10276
10278
10284
10289
10294
10299
10303
10307
10307
10309
10310
10310
10313
10317
10318
10319
10324
10324
10328
10329
10330
10334
10335
10338
10342
10342
10344
10350
10352
10357
10362
10364
10368
10372
10372
10373
10373
10384
10385
10392
10392
10395
10397
10400
10402
10402
10405
10408
10408
10408
10412
10413
10414
10415
10419
10419
10422
10424
10426
10427
10431
10431
10432
10436
10441
10444
10449
10453
10454
10454
10457
10459
10462
10464
10465
10465
10470
10471
10476
10477
10481
10484
10489
10497
10497
10502
10504
10504
10505
10506
10512
10515
10523
10524
10527
10528
10529
10531
10534
10538
10541
10544
10544
10550
10553
10557
10559
10561
10561
10562
10563
10566
10569
10575
10576
10577
10578
10578
10580
10583
10584
10585
10588
10590
10594
10598
10600
10600
10601
10603
10605
10611
10612
10613
10618
10621
10639
10640
10640
10641
10642
10646
10646
10647
10650
10656
10656
10663
10679
10686
10689
10698
10699
10699
10703
10704
10705
10705
10709
10711
10713
10714
10714
10729
10731
10738
10739
10741
10745
10745
10748
10750
10753
10753
10759
10760
10762
10763
10764
10764
10768
10771
10783
10784
10785
10788
10790
10792
10793
10811
10816
10823
10830
10831
10834
10834
10839
10840
10843
10849
10851
10855
10856
10857
10858
10860
10863
10863
10864
10865
10872
10879
10883
10883
10886
10892
10893
10895
10898
10902
10904
10904
10919
10926
10935
10943
10951
10955
10956
10959
10959
10964
10965
10966
10977
10982
10983
10984
10986
10986
10988
10988
10991
10993
10993
11006
11012
11017
11018
11022
11024
11025
11033
11037
11037
11038
11038
11052
11053
11059
11060
11064
11074
11077
11078
11080
11084
11087
11092
11093
11094
11095
11098
11100
11104
11105
11106
11113
11115
11119
11126
11127
11131
11132
11134
11139
11141
11152
11153
11156
11158
11164
11167
11169
11171
11172
11174
11184
11186
11187
11193
11205
11208
11210
11214
11228
11230
11231
11232
11232
11239
11241
11246
11247
11250
11252
11261
11262
11262
11263
11269
11272
11274
11275
11278
11281
11281
11285
11285
11286
11295
11295
11300
11301
11302
11302
11303
11303
11309
11309
11310
11315
11320
11336
11341
11341
11342
11342
11343
11344
11349
11349
11354
11356
11358
11358
11358
11366
11369
11371
11371
11371
11373
11380
11380
11381
11386
11393
11404
11406
11407
11412
11418
11421
11427
11435
11443
11448
11451
11460
11465
11467
11470
11474
11478
11478
11482
11488
11488
11490
11491
11493
11495
11500
11510
11519
11521
11530
11531
11532
11533
11536
11545
11549
11551
11552
11561
11564
11564
11566
11571
11572
11573
11589
11595
11597
11601
11605
11610
11612
11615
11616
11619
11637
11638
11639
11650
11651
11654
11655
11659
11662
11666
11667
11672
11677
11680
11682
11682
11685
11687
11688
11688
11696
11698
11702
11707
11710
11711
11714
11716
11722
11734
11739
11743
11747
11749
11753
11755
11756
11765
11767
11769
11779
11780
11786
11794
11794
11803
11803
11804
11811
11819
11822
11825
11826
11829
11843
11846
11847
11853
11855
11857
11867
11869
11870
11875
11876
11879
11892
11893
11896
11900
11901
11902
11906
11910
11916
11921
11924
11926
11931
11937
11937
11941
11947
11955
11961
11962
11962
11963
11967
11968
11970
11977
11981
11990
11993
11995
11997
12008
12008
12009
12010
12011
12016
12019
12020
12024
12025
12027
12029
12033
12047
12048
12058
12060
12060
12069
12071
12086
12087
12088
12090
12094
12094
12096
12097
12099
12103
12104
12107
12109
12113
12116
12116
12127
12128
12131
12131
12132
12144
12149
12151
12153
12154
12161
12162
12170
12173
12175
12175
12176
12179
12186
12209
12211
12213
12214
12222
12227
12230
12233
12234
12234
12235
12239
12243
12243
12250
12257
12258
12260
12262
12263
12265
12268
12282
12283
12286
12288
12290
12291
12293
12294
12298
12299
12300
12304
12309
12310
12311
12315
12316
12316
12321
12322
12324
12326
12326
12326
12327
12335
12336
12337
12338
12353
12355
12357
12358
12358
12359
12360
12360
12363
12389
12395
12398
12399
12399
12401
12405
12411
12412
12413
12414
12434
12442
12443
12446
12447
12448
12450
12452
12460
12461
12465
12468
12474
12479
12480
12482
12484
12484
12484
12484
12484
12485
12487
12488
12494
12496
12498
12505
12507
12510
12512
12512
12513
12517
12517
12519
12530
12530
12532
12537
12538
12539
12540
12549
12554
12567
12571
12582
12588
12593
12597
12599
12600
12601
12602
12604
12605
12608
12613
12614
12615
12615
12615
12616
12624
12628
12629
12630
12630
12631
12635
12636
12641
12653
12655
12657
12657
12664
12670
12670
12671
12688
12691
12712
12714
12716
12716
12718
12722
12722
12723
12725
12726
12732
12740
12741
12743
12754
12757
12758
12759
12764
12767
12771
12773
12775
12778
12786
12786
12791
12796
12801
12813
12814
12820
12821
12827
12829
12830
12831
12834
12835
12835
12836
12837
12844
12844
12846
12851
12857
12862
12863
12869
12869
12869
12878
12880
12885
12885
12886
12887
12892
12894
12894
12900
12910
12911
12911
12916
12916
12925
12925
12927
12932
12940
12941
12944
12954
12955
12961
12962
12964
12967
12967
12970
12970
12971
12971
12973
12977
12984
12986
12987
12995
13000
13006
13017
13017
13018
13020
13022
13023
13025
13026
13029
13031
13041
13043
13045
13046
13047
13049
13054
13054
13055
13058
13067
13067
13070
13073
13075
13077
13084
13085
13087
13093
13094
13100
13106
13110
13112
13116
13117
13120
13123
13123
13139
13150
13152
13176
13177
13179
13180
13180
13182
13184
13184
13198
13198
13199
13199
13202
13205
13205
13206
13209
13212
13213
13214
13215
13216
13219
13219
13220
13232
13237
13239
13245
13256
13256
13261
13263
13265
13267
13268
13272
13272
13277
13282
13286
13297
13297
13298
13305
13307
13307
13311
13312
13316
13325
13329
13331
13333
13334
13335
13336
13342
13343
13344
13347
13347
13349
13356
13359
13361
13365
13368
13373
13374
13376
13376
13381
13384
13397
13397
13408
13414
13415
13420
13421
13423
13424
13425
13428
13428
13430
13436
13439
13443
13450
13451
13452
13453
13453
13454
13454
13459
13461
13467
13468
13470
13474
13474
13477
13482
13486
13499
13503
13512
13512
13513
13523
13526
13526
13528
13530
13533
13533
13535
13535
13536
13541
13544
13547
13556
13565
13566
13576
13578
13580
13585
13587
13589
13597
13600
13601
13603
13614
13615
13618
13623
13625
13629
13631
13632
13635
13635
13637
13639
13641
13655
13664
13665
13669
13674
13678
13685
13686
13691
13692
13697
13704
13705
13715
13716
13717
13718
13720
13728
13730
13732
13734
13734
13735
13736
13736
13738
13739
13748
13753
13757
13759
13766
13769
13769
13771
13772
13773
13778
13781
13787
13789
13792
13793
13799
13799
13803
13803
13804
13804
13805
13807
13807
13809
13816
13820
13822
13825
13829
13831
13832
13839
13840
13841
13846
13848
13851
13851
13852
13853
13857
13862
13864
13865
13865
13869
13877
13879
13883
13891
13892
13896
13902
13904
13906
13910
13915
13917
13920
13920
13924
13939
13939
13939
13942
13944
13946
13946
13950
13956
13960
13978
13981
13988
13995
13997
14002
14003
14014
14015
14017
14018
14018
14019
14020
14020
14021
14029
14029
14031
14033
14039
14042
14053
14054
14055
14057
14061
14064
14065
14066
14079
14080
14081
14088
14092
14094
14099
14100
14100
14106
14107
14111
14113
14113
14117
14119
14119
14121
14121
14131
14131
14144
14148
14148
14149
14151
14160
14161
14162
14169
14173
14173
14174
14175
14178
14180
14183
14183
14197
14198
14198
14199
14200
14200
14201
14202
14208
14214
14222
14226
14227
14228
14228
14234
14236
14238
14246
14255
14256
14264
14267
14269
14269
14270
14270
14274
14277
14278
14278
14287
14290
14294
14299
14299
14303
14310
14310
14311
14315
14316
14319
14319
14324
14327
14327
14333
14335
14337
14340
14342
14343
14343
14345
14346
14352
14354
14355
14358
14359
14360
14367
14368
14368
14376
14378
14383
14388
14396
14397
14400
14401
14403
14408
14411
14413
14416
14416
14418
14420
14423
14430
14435
14436
14438
14440
14441
14444
14452
14456
14457
14463
14465
14470
14474
14474
14475
14477
14478
14479
14479
14487
14487
14489
14491
14492
14493
14493
14494
14495
14499
14501
14503
14509
14512
14515
14517
14518
14521
14521
14524
14524
14529
14530
14539
14540
14542
14543
14543
14544
14549
14560
14561
14566
14574
14576
14581
14583
14583
14587
14587
14588
14590
14591
14597
14603
14612
14614
14632
14633
14640
14642
14652
14655
14657
14661
14663
14666
14669
14670
14672
14673
14673
14675
14687
14692
14704
14706
14707
14715
14715
14718
14719
14720
14731
14732
14737
14743
14750
14750
14750
14761
14767
14769
14773
14773
14775
14778
14779
14779
14783
14785
14794
14795
14798
14800
14802
14803
14803
14803
14803
14804
14805
14805
14809
14810
14812
14815
14816
14824
14831
14835
14838
14842
14849
14849
14856
14857
14858
14859
14863
14864
14869
14871
14873
14874
14875
14884
14885
14891
14893
14895
14895
14895
14902
14903
14910
14913
14921
14922
14925
14927
14929
14929
14931
14931
14935
14947
14953
14954
14956
14957
14957
14962
14964
14964
14965
14968
14968
14972
14975
14981
14986
14995
15002
15005
15008
15012
15016
15018
15021
15026
15032
15033
15036
15038
15044
15054
15055
15060
15068
15070
15074
15075
15084
15089
15092
15100
15102
15107
15111
15112
15113
15114
15125
15131
15131
15132
15134
15140
15146
15153
15156
15159
15164
15166
15167
15170
15172
15172
15173
15177
15178
15183
15183
15184
15184
15189
15191
15193
15194
15195
15197
15203
15203
15209
15211
15215
15215
15216
15220
15222
15227
15228
15235
15241
15243
15244
15248
15249
15254
15255
15257
15259
15263
15273
15283
15292
15296
15304
15305
15306
15317
15319
15331
15331
15334
15334
15335
15335
15337
15341
15341
15345
15347
15348
15348
15349
15350
15354
15360
15361
15367
15371
15373
15376
15376
15381
15382
15384
15386
15387
15391
15394
15395
15399
15400
15404
15405
15410
15417
15419
15421
15424
15425
15431
15432
15433
15434
15438
15438
15439
15442
15447
15460
15465
15476
15476
15480
15480
15484
15485
15487
15489
15491
15494
15494
15495
15496
15496
15499
15504
15509
15510
15514
15517
15528
15529
15532
15533
15539
15544
15546
15547
15548
15560
15561
15563
15567
15571
15572
15576
15580
15581
15589
15590
15591
15596
15597
15601
15603
15604
15610
15614
15617
15619
15619
15626
15631
15634
15636
15646
15661
15661
15666
15669
15672
15674
15684
15686
15689
15693
15695
15702
15708
15708
15719
15722
15726
15726
15734
15737
15737
15740
15749
15750
15750
15751
15752
15752
15753
15755
15760
15762
15764
15765
15772
15779
15782
15783
15786
15788
15788
15789
15797
15798
15800
15801
15804
15812
15816
15817
15818
15826
15827
15828
15830
15831
15836
15837
15841
15851
15852
15857
15858
15862
15863
15864
15866
15867
15868
15870
15870
15873
15874
15880
15881
15883
15883
15885
15903
15904
15906
15907
15914
15917
15917
15918
15919
15929
15940
15941
15942
15946
15947
15947
15950
15950
15955
15956
15959
15965
15967
15974
15977
15979
15985
15986
15987
15988
15996
16002
16006
16012
16013
16013
16015
16019
16023
16030
16033
16033
16035
16036
16038
16038
16042
16044
16048
16053
16053
16054
16054
16058
16064
16069
16071
16073
16084
16089
16091
16092
16096
16097
16097
16103
16104
16113
16114
16117
16119
16120
16125
16126
16128
16133
16135
16136
16139
16141
16147
16150
16151
16151
16153
16163
16165
16167
16169
16171
16171
16173
16173
16175
16179
16182
16184
16189
16193
16203
16204
16213
16213
16215
16218
16219
16220
16220
16241
16243
16244
16265
16273
16297
16303
16305
16309
16312
16312
16313
16313
16313
16317
16326
16338
16343
16344
16345
16346
16346
16350
16356
16357
16364
16375
16382
16387
16390
16394
16394
16398
16405
16412
16415
16416
16424
16425
16426
16430
16434
16435
16437
16438
16439
16440
16444
16445
16446
16450
16454
16459
16470
16477
16479
16480
16483
16483
16484
16486
16488
16490
16492
16505
16508
16508
16509
16509
16514
16519
16521
16538
16541
16542
16543
16549
16552
16555
16558
16568
16580
16581
16583
16585
16586
16589
16592
16595
16597
16607
16609
16614
16618
16629
16630
16632
16633
16634
16635
16635
16638
16639
16640
16642
16651
16655
16676
16678
16683
16687
16693
16695
16698
16699
16709
16710
16711
16714
16715
16716
16724
16728
16729
16730
16745
16750
16757
16757
16761
16768
16768
16768
16772
16772
16774
16783
16784
16789
16795
16797
16804
16813
16815
16818
16818
16821
16825
16829
16831
16834
16839
16840
16841
16847
16848
16848
16851
16852
16853
16864
16865
16869
16869
16871
16882
16888
16888
16890
16892
16894
16900
16903
16904
16904
16906
16923
16929
16931
16931
16932
16935
16936
16940
16941
16942
16946
16950
16951
16952
16957
16958
16960
16960
16967
16969
16970
16970
16971
16974
16974
16978
16982
16983
16985
16989
16994
16995
16998
17003
17004
17009
17012
17017
17018
17020
17020
17027
17038
17039
17042
17045
17047
17051
17057
17064
17064
17068
17068
17068
17070
17075
17075
17079
17083
17084
17088
17090
17095
17103
17108
17115
17124
17126
17128
17132
17133
17135
17138
17140
17143
17145
17145
17149
17153
17156
17157
17158
17161
17162
17163
17166
17167
17170
17172
17176
17181
17182
17183
17184
17187
17191
17194
17196
17197
17203
17208
17210
17212
17217
17224
17228
17230
17232
17241
17245
17246
17252
17254
17255
17257
17259
17264
17264
17276
17287
17288
17293
17303
17308
17309
17313
17315
17319
17320
17320
17328
17328
17333
17337
17338
17340
17344
17344
17356
17365
17371
17372
17374
17377
17379
17383
17388
17389
17389
17390
17391
17394
17395
17399
17401
17401
17403
17409
17412
17419
17422
17422
17425
17430
17432
17440
17443
17443
17447
17447
17450
17454
17454
17455
17456
17461
17463
17468
17468
17471
17477
17479
17480
17484
17487
17488
17492
17495
17497
17500
17503
17504
17505
17506
17506
17509
17509
17517
17522
17522
17525
17525
17528
17533
17537
17539
17540
17540
17553
17554
17560
17564
17571
17578
17578
17582
17585
17597
17600
17600
17601
17604
17605
17606
17609
17613
17614
17619
17624
17625
17628
17631
17640
17642
17643
17643
17647
17650
17651
17652
17653
17657
17664
17668
17671
17673
17684
17689
17699
17707
17715
17715
17715
17717
17724
17728
17729
17729
17739
17742
17750
17752
17758
17765
17773
17775
17775
17777
17777
17777
17780
17790
17793
17796
17802
17806
17806
17812
17819
17830
17834
17835
17840
17845
17847
17852
17858
17858
17858
17859
17861
17862
17865
17869
17870
17871
17877
17878
17884
17885
17886
17890
17897
17901
17906
17906
17911
17911
17915
17917
17935
17937
17938
17938
17939
17941
17942
17943
17943
17947
17951
17960
17962
17963
17969
17973
17974
17975
17977
17983
17989
17989
17989
18001
18008
18009
18017
18019
18019
18022
18025
18031
18036
18036
18037
18039
18042
18046
18047
18051
18057
18066
18068
18075
18078
18079
18079
18079
18080
18080
18081
18085
18091
18093
18093
18100
18102
18111
18112
18117
18118
18122
18127
18130
18134
18136
18136
18144
18148
18148
18153
18155
18156
18159
18169
18169
18173
18173
18176
18178
18180
18186
18189
18192
18197
18207
18210
18210
18212
18218
18221
18224
18226
18226
18227
18228
18230
18231
18236
18245
18248
18248
18254
18258
18263
18266
18268
18277
18283
18283
18285
18296
18296
18299
18302
18305
18311
18311
18312
18314
18320
18320
18330
18331
18333
18346
18349
18354
18358
18358
18361
18361
18362
18369
18371
18373
18376
18394
18398
18400
18402
18409
18410
18411
18412
18418
18420
18423
18424
18424
18424
18424
18426
18427
18434
18437
18438
18439
18440
18444
18458
18458
18476
18480
18483
18487
18487
18492
18499
18505
18509
18512
18513
18513
18516
18517
18519
18519
18534
18535
18536
18540
18542
18543
18544
18546
18556
18558
18560
18575
18576
18578
18579
18579
18581
18582
18587
18588
18590
18591
18592
18594
18596
18596
18599
18601
18602
18603
18605
18608
18610
18611
18611
18617
18626
18626
18632
18633
18633
18647
18648
18649
18656
18657
18659
18659
18660
18667
18670
18670
18673
18679
18684
18684
18688
18691
18694
18705
18705
18706
18707
18708
18709
18709
18714
18717
18731
18734
18736
18738
18741
18745
18747
18757
18765
18768
18769
18769
18773
18780
18785
18797
18797
18798
18800
18800
18801
18802
18803
18804
18806
18812
18812
18826
18827
18827
18828
18831
18832
18833
18837
18857
18862
18863
18878
18882
18883
18884
18886
18891
18893
18896
18896
18896
18897
18900
18901
18907
18908
18915
18917
18917
18919
18920
18922
18928
18929
18930
18931
18937
18941
18943
18945
18953
18959
18963
18964
18965
18966
18966
18967
18968
18977
18987
18988
18995
18998
19023
19028
19041
19047
19049
19052
19052
19052
19067
19068
19070
19071
19071
19076
19077
19078
19079
19082
19085
19087
19088
19089
19091
19094
19096
19098
19103
19106
19107
19117
19117
19123
19125
19129
19130
19132
19132
19137
19140
19143
19144
19144
19148
19156
19157
19158
19161
19166
19167
19170
19171
19174
19193
19196
19202
19207
19215
19216
19217
19218
19220
19220
19221
19222
19222
19223
19229
19230
19230
19232
19237
19238
19240
19250
19255
19256
19257
19257
19258
19258
19259
19260
19260
19261
19263
19263
19271
19273
19277
19280
19282
19282
19286
19293
19298
19307
19307
19310
19312
19316
19319
19320
19326
19328
19329
19330
19333
19337
19338
19344
19353
19353
19354
19362
19369
19370
19379
19386
19399
19400
19401
19402
19403
19413
19415
19431
19432
19435
19436
19439
19441
19448
19448
19451
19454
19454
19459
19460
19474
19478
19479
19480
19481
19481
19481
19485
19487
19493
19496
19499
19502
19507
19507
19509
19510
19510
19517
19517
19520
19521
19523
19538
19540
19540
19541
19541
19542
19542
19553
19553
19555
19560
19564
19570
19571
19574
19575
19581
19584
19584
19585
19588
19589
19593
19593
19593
19594
19596
19600
19600
19600
19602
19603
19605
19608
19609
19610
19616
19618
19621
19624
19628
19632
19637
19638
19640
19645
19650
19651
19651
19652
19670
19672
19674
19675
19676
19682
19682
19682
19683
19689
19694
19699
19701
19702
19706
19714
19714
19716
19716
19722
19726
19731
19734
19737
19740
19744
19745
19750
19772
19776
19780
19782
19784
19789
19790
19794
19795
19801
19801
19804
19806
19809
19811
19811
19812
19819
19821
19822
19825
19829
19831
19831
19831
19839
19840
19841
19843
19849
19855
19860
19863
19865
19866
19878
19883
19887
19888
19888
19894
19897
19912
19923
19923
19926
19931
19935
19940
19944
19945
19947
19947
19948
19949
19950
19952
19952
19957
19958
19959
19964
19966
19971
19976
19980
19988
19993
19993
20005
20005
20007
20008
20009
20009
20011
20013
20019
20021
20024
20028
20029
20030
20030
20031
20038
20039
20044
20045
20049
20056
20057
20064
20068
20068
20070
20071
20073
20074
20078
20078
20086
20087
20090
20094
20097
20098
20106
20108
20113
20114
20118
20121
20123
20127
20129
20132
20133
20135
20141
20145
20146
20157
20162
20168
20182
20187
20198
20198
20207
20208
20211
20227
20230
20238
20245
20250
20251
20255
20268
20273
20274
20278
20293
20293
20296
20297
20303
20304
20319
20319
20323
20324
20334
20336
20341
20352
20353
20356
20357
20357
20361
20363
20372
20377
20378
20380
20380
20395
20397
20402
20409
20413
20415
20419
20421
20421
20422
20427
20428
20440
20442
20443
20447
20449
20452
20454
20459
20459
20464
20466
20485
20486
20486
20487
20493
20493
20494
20495
20498
20516
20523
20526
20529
20530
20539
20539
20543
20546
20549
20551
20553
20557
20559
20560
20565
20569
20578
20578
20595
20602
20603
20611
20611
20618
20619
20626
20626
20628
20629
20630
20633
20636
20639
20639
20640
20650
20658
20658
20660
20660
20662
20664
20664
20670
20670
20671
20672
20675
20684
20691
20696
20696
20697
20699
20699
20702
20702
20704
20704
20713
20714
20718
20722
20726
20730
20731
20733
20735
20738
20739
20740
20743
20749
20750
20755
20756
20767
20767
20770
20775
20784
20791
20792
20792
20793
20794
20794
20796
20797
20798
20800
20803
20807
20815
20816
20816
20827
20841
20843
20847
20848
20850
20851
20851
20852
20861
20862
20862
20862
20868
20873
20878
20878
20879
20880
20881
20887
20889
20891
20893
20898
20898
20900
20901
20910
20912
20915
20916
20922
20925
20926
20931
20936
20943
20944
20949
20949
20950
20950
20951
20953
20954
20958
20959
20959
20967
20968
20971
20976
20982
20985
20988
20990
20993
20993
20995
20996
20997
21000
21004
21007
21009
21011
21012
21021
21022
21024
21027
21032
21033
21040
21043
21044
21054
21059
21062
21062
21063
21068
21069
21072
21076
21081
21088
21089
21091
21092
21093
21093
21094
21098
21099
21102
21106
21110
21114
21116
21116
21117
21118
21123
21132
21137
21137
21141
21170
21171
21178
21179
21182
21186
21188
21190
21190
21191
21196
21198
21204
21211
21213
21213
21217
21221
21226
21226
21230
21235
21242
21247
21250
21252
21255
21256
21257
21260
21260
21266
21275
21276
21282
21282
21288
21288
21295
21296
21296
21297
21300
21300
21315
21316
21317
21323
21336
21338
21339
21344
21345
21347
21349
21351
21356
21357
21362
21368
21369
21369
21370
21374
21384
21388
21389
21395
21396
21405
21411
21417
21418
21419
21423
21423
21426
21429
21432
21434
21435
21436
21436
21436
21442
21445
21446
21447
21451
21454
21463
21467
21470
21470
21476
21478
21479
21480
21482
21490
21497
21503
21516
21521
21522
21522
21528
21529
21531
21532
21535
21538
21543
21543
21547
21552
21553
21554
21556
21561
21561
21565
21570
21571
21573
21573
21575
21576
21581
21582
21582
21583
21585
21589
21592
21593
21595
21613
21613
21616
21621
21623
21625
21633
21635
21640
21640
21643
21646
21647
21650
21651
21655
21658
21666
21669
21670
21672
21672
21673
21685
21686
21686
21688
21688
21691
21693
21699
21700
21702
21703
21714
21715
21717
21722
21736
21746
21748
21753
21755
21758
21759
21762
21764
21765
21765
21766
21770
21771
21773
21774
21775
21775
21775
21783
21787
21790
21791
21791
21793
21806
21806
21807
21813
21815
21815
21817
21819
21820
21822
21825
21825
21827
21835
21842
21842
21843
21845
21846
21846
21851
21858
21860
21869
21875
21878
21882
21887
21888
21888
21893
21898
21903
21905
21906
21907
21907
21909
21914
21925
21925
21930
21933
21937
21939
21944
21944
21952
21953
21959
21961
21963
21966
21966
21967
21971
21973
21976
21980
21985
21986
21987
21988
21992
21994
21998
21999
22003
22004
22008
22011
22015
22018
22021
22022
22023
22025
22026
22029
22031
22033
22042
22043
22044
22045
22047
22050
22056
22063
22069
22070
22078
22081
22082
22089
22092
22093
22097
22100
22104
22109
22114
22118
22119
22122
22127
22129
22141
22142
22143
22146
22151
22157
22162
22163
22163
22165
22168
22169
22170
22172
22182
22182
22187
22188
22189
22200
22204
22205
22206
22207
22217
22218
22220
22221
22223
22225
22227
22229
22231
22232
22233
22236
22237
22237
22242
22248
22259
22261
22279
22281
22281
22289
22290
22290
22296
22301
22301
22308
22313
22314
22315
22317
22318
22320
22320
22322
22325
22328
22328
22331
22339
22343
22346
22348
22359
22359
22359
22362
22365
22370
22372
22375
22378
22388
22397
22397
22401
22402
22403
22404
22404
22406
22411
22423
22431
22438
22442
22442
22443
22458
22459
22463
22466
22466
22469
22472
22478
22478
22480
22483
22486
22493
22494
22499
22499
22503
22506
22508
22511
22511
22512
22514
22518
22519
22521
22522
22525
22530
22530
22536
22539
22539
22543
22543
22558
22559
22561
22565
22570
22571
22573
22574
22575
22575
22575
22577
22577
22585
22586
22592
22595
22597
22601
22604
22612
22612
22612
22618
22620
22625
22627
22638
22638
22641
22641
22646
22649
22657
22659
22663
22667
22667
22675
22677
22679
22683
22693
22704
22714
22718
22720
22722
22732
22736
22736
22738
22742
22743
22744
22753
22754
22756
22759
22765
22775
22787
22792
22795
22796
22802
22805
22806
22807
22812
22813
22814
22816
22818
22819
22821
22822
22823
22826
22826
22829
22830
22838
22841
22842
22843
22845
22852
22857
22863
22866
22868
22869
22872
22873
22878
22880
22884
22886
22892
22892
22902
22905
22906
22907
22912
22914
22916
22928
22929
22932
22938
22943
22943
22949
22951
22960
22961
22962
22973
22978
22978
22983
22984
22987
22998
23004
23006
23014
23020
23023
23023
23027
23027
23029
23033
23034
23035
23039
23039
23044
23044
23050
23053
23055
23057
23061
23063
23064
23065
23065
23068
23077
23080
23080
23081
23087
23088
23088
23090
23096
23096
23098
23099
23108
23111
23115
23118
23118
23123
23126
23135
23139
23143
23144
23151
23155
23157
23158
23164
23170
23174
23181
23191
23194
23196
23197
23199
23199
23205
23209
23210
23214
23214
23219
23221
23222
23224
23227
23230
23236
23240
23242
23250
23257
23257
23265
23268
23271
23275
23284
23289
23299
23307
23316
23321
23321
23322
23332
23332
23336
23336
23354
23355
23358
23359
23360
23360
23362
23369
23370
23372
23375
23376
23377
23381
23383
23389
23393
23397
23398
23400
23406
23411
23416
23416
23418
23421
23422
23427
23427
23427
23430
23432
23432
23432
23433
23435
23441
23441
23453
23470
23473
23478
23479
23486
23486
23486
23489
23492
23496
23500
23500
23505
23507
23511
23511
23518
23519
23531
23531
23534
23535
23537
23542
23542
23558
23559
23559
23560
23560
23563
23568
23569
23576
23592
23601
23602
23604
23605
23607
23619
23619
23622
23626
23629
23631
23634
23636
23637
23640
23642
23645
23649
23653
23656
23661
23666
23666
23672
23672
23674
23677
23682
23686
23693
23698
23699
23711
23715
23716
23718
23718
23720
23728
23734
23735
23736
23737
23738
23746
23748
23755
23762
23763
23766
23767
23768
23770
23772
23773
23780
23780
23783
23786
23793
23794
23795
23795
23801
23808
23812
23822
23830
23830
23833
23835
23837
23838
23846
23849
23851
23852
23852
23853
23854
23858
23858
23862
23864
23869
23870
23871
23871
23873
23875
23882
23886
23889
23889
23893
23893
23894
23894
23908
23908
23920
23925
23927
23928
23928
23939
23942
23944
23953
23953
23957
23958
23961
23961
23969
23970
23971
23974
23976
23986
23987
23996
23997
24003
24012
24016
24016
24017
24017
24020
24031
24038
24040
24047
24050
24052
24055
24061
24073
24073
24076
24083
24093
24094
24094
24097
24099
24106
24113
24114
24117
24119
24123
24124
24124
24125
24128
24134
24135
24143
24144
24155
24156
24156
24160
24164
24169
24170
24175
24179
24180
24182
24183
24186
24187
24191
24193
24195
24200
24212
24212
24213
24213
24226
24227
24227
24229
24233
24240
24241
24247
24259
24263
24264
24266
24270
24270
24271
24273
24277
24280
24283
24287
24289
24291
24293
24293
24297
24301
24302
24303
24307
24308
24308
24313
24314
24315
24317
24319
24320
24333
24337
24342
24343
24344
24356
24358
24359
24364
24372
24374
24380
24383
24388
24395
24396
24398
24401
24403
24409
24411
24415
24418
24419
24427
24428
24429
24433
24434
24437
24445
24449
24455
24458
24459
24460
24462
24464
24466
24472
24472
24472
24473
24477
24488
24489
24494
24501
24505
24508
24512
24514
24514
24522
24524
24524
24534
24534
24536
24537
24539
24546
24550
24551
24557
24564
24565
24565
24565
24565
24567
24569
24569
24570
24579
24581
24582
24583
24586
24594
24594
24595
24596
24604
24606
24606
24616
24617
24617
24618
24622
24627
24631
24632
24632
24633
24633
24638
24638
24645
24649
24657
24657
24658
24664
24667
24667
24667
24668
24675
24678
24679
24680
24682
24687
24695
24699
24699
24699
24705
24714
24727
24728
24738
24745
24750
24756
24760
24760
24763
24764
24767
24769
24774
24777
24777
24778
24784
24788
24791
24793
24794
24795
24797
24798
24799
24800
24815
24825
24826
24831
24832
24842
24843
24844
24854
24857
24862
24869
24872
24874
24887
24902
24915
24917
24919
24922
24922
24929
24932
24938
24940
24942
24944
24952
24955
24957
24969
24970
24974
24977
24980
24981
24984
24984
24985
24991
24992
24996
24997
25001
25004
25019
25019
25021
25040
25046
25048
25049
25049
25052
25054
25058
25059
25062
25067
25073
25075
25076
25083
25089
25089
25092
25101
25101
25103
25107
25107
25112
25114
25117
25118
25127
25141
25142
25143
25144
25145
25148
25148
25151
25156
25161
25162
25163
25165
25167
25173
25174
25175
25177
25186
25187
25189
25193
25193
25196
25199
25204
25205
25212
25215
25228
25230
25231
25231
25231
25232
25232
25235
25240
25240
25245
25248
25256
25261
25276
25286
25286
25286
25293
25300
25303
25303
25310
25320
25323
25327
25329
25332
25332
25335
25336
25342
25342
25342
25343
25345
25348
25350
25353
25358
25359
25359
25362
25363
25363
25365
25367
25375
25381
25381
25385
25387
25390
25392
25394
25395
25397
25398
25401
25401
25405
25407
25413
25418
25423
25424
25437
25438
25438
25440
25442
25445
25454
25455
25457
25462
25465
25466
25467
25472
25473
25476
25482
25487
25490
25491
25492
25496
25499
25507
25507
25510
25512
25512
25512
25522
25523
25535
25539
25539
25539
25549
25552
25557
25560
25560
25561
25563
25565
25566
25567
25574
25579
25579
25588
25588
25594
25597
25610
25613
25615
25619
25620
25623
25623
25624
25625
25628
25630
25636
25638
25638
25639
25641
25648
25651
25656
25660
25663
25663
25665
25669
25669
25670
25672
25677
25682
25685
25698
25703
25706
25712
25718
25719
25720
25720
25721
25726
25727
25730
25730
25731
25731
25731
25732
25736
25736
25738
25738
25739
25743
25744
25746
25746
25749
25750
25751
25752
25753
25756
25757
25764
25767
25770
25773
25775
25776
25779
25780
25781
25781
25782
25785
25790
25791
25793
25793
25797
25800
25800
25803
25809
25809
25809
25812
25817
25828
25828
25831
25831
25836
25847
25854
25855
25858
25860
25861
25862
25869
25877
25878
25878
25881
25888
25889
25889
25891
25893
25896
25897
25898
25901
25902
25906
25911
25916
25927
25928
25944
25949
25950
25954
25956
25958
25963
25967
25968
25969
25970
25973
25973
25975
25977
25981
25984
25986
25988
25988
25988
25989
25992
26006
26007
26016
26018
26022
26025
26025
26030
26030
26035
26040
26042
26043
26044
26047
26053
26062
26062
26070
26071
26073
26074
26076
26076
26080
26088
26088
26089
26096
26102
26104
26109
26113
26119
26120
26126
26129
26131
26131
26135
26136
26138
26142
26142
26143
26144
26146
26146
26148
26148
26150
26159
26161
26166
26173
26177
26182
26185
26187
26191
26200
26201
26207
26217
26218
26220
26223
26229
26229
26233
26236
26239
26239
26244
26250
26256
26257
26257
26260
26267
26268
26269
26272
26274
26276
26283
26288
26288
26288
26293
26296
26297
26299
26302
26303
26303
26307
26316
26316
26318
26319
26324
26324
26324
26327
26328
26333
26336
26340
26343
26344
26346
26351
26355
26368
26369
26369
26378
26380
26381
26395
26402
26409
26410
26411
26416
26421
26422
26423
26426
26429
26431
26432
26442
26443
26448
26449
26457
26457
26461
26462
26469
26470
26470
26473
26476
26482
26482
26484
26484
26488
26489
26490
26492
26497
26498
26506
26508
26511
26521
26524
26525
26544
26544
26549
26554
26565
26566
26568
26568
26573
26574
26577
26578
26579
26581
26586
26589
26598
26602
26603
26612
26618
26620
26623
26625
26626
26627
26634
26642
26648
26648
26650
26651
26655
26657
26657
26665
26665
26668
26669
26677
26689
26698
26700
26720
26725
26733
26739
26739
26742
26743
26753
26753
26754
26755
26756
26759
26763
26764
26765
26771
26776
26777
26786
26791
26797
26800
26800
26808
26808
26815
26816
26826
26830
26830
26837
26838
26842
26844
26846
26850
26853
26854
26855
26855
26863
26864
26865
26869
26871
26876
26878
26879
26881
26881
26883
26885
26885
26889
26893
26896
26899
26904
26906
26907
26909
26909
26911
26915
26917
26917
26919
26923
26923
26935
26938
26940
26943
26944
26951
26955
26963
26978
26979
26981
26982
26986
26986
26989
26990
26993
26994
27002
27002
27004
27006
27009
27013
27016
27018
27018
27018
27018
27019
27020
27024
27024
27029
27043
27050
27053
27056
27056
27066
27066
27067
27078
27080
27083
27090
27095
27097
27100
27102
27110
27117
27119
27120
27122
27125
27129
27133
27135
27138
27140
27142
27145
27145
27156
27162
27163
27164
27171
27178
27181
27186
27191
27203
27205
27206
27213
27218
27219
27222
27222
27227
27230
27236
27237
27248
27268
27273
27275
27282
27290
27292
27294
27295
27296
27298
27306
27309
27322
27323
27325
27329
27330
27330
27332
27333
27334
27336
27341
27346
27350
27354
27356
27360
27360
27360
27361
27364
27371
27375
27381
27382
27385
27390
27397
27409
27412
27416
27416
27421
27422
27423
27423
27425
27425
27431
27432
27441
27446
27447
27447
27451
27455
27456
27457
27457
27457
27462
27465
27466
27470
27478
27485
27496
27497
27514
27520
27520
27525
27533
27535
27538
27544
27548
27550
27553
27553
27554
27555
27560
27560
27560
27567
27576
27577
27579
27582
27587
27589
27591
27592
27592
27599
27603
27613
27615
27619
27622
27627
27628
27628
27630
27632
27634
27641
27644
27649
27653
27657
27663
27664
27675
27677
27678
27679
27684
27686
27688
27691
27694
27694
27697
27702
27703
27704
27707
27710
27712
27712
27716
27721
27739
27740
27744
27748
27760
27766
27767
27767
27768
27802
27803
27804
27807
27809
27814
27815
27817
27820
27822
27824
27825
27833
27836
27846
27847
27848
27850
27851
27854
27855
27866
27871
27875
27876
27883
27884
27885
27886
27887
27888
27889
27890
27895
27897
27900
27901
27902
27907
27908
27911
27911
27913
27915
27917
27920
27920
27924
27927
27927
27928
27934
27940
27943
27943
27944
27945
27947
27949
27949
27951
27955
27955
27961
27969
27973
27986
27987
27987
27989
27996
27996
28000
28000
28000
28010
28011
28015
28015
28018
28021
28024
28028
28029
28031
28031
28033
28035
28036
28043
28045
28050
28054
28055
28058
28061
28061
28062
28063
28065
28067
28068
28074
28076
28076
28079
28084
28086
28087
28090
28095
28095
28096
28101
28107
28109
28109
28110
28113
28114
28117
28118
28127
28127
28133
28135
28140
28146
28148
28156
28159
28159
28160
28162
28163
28166
28169
28170
28174
28176
28179
28180
28187
28188
28196
28199
28209
28213
28216
28217
28225
28230
28231
28233
28237
28237
28239
28252
28253
28257
28259
28266
28270
28274
28274
28275
28279
28280
28282
28283
28284
28287
28287
28290
28293
28294
28297
28300
28303
28312
28314
28319
28320
28322
28323
28326
28331
28333
28340
28352
28353
28354
28355
28355
28357
28359
28359
28360
28361
28362
28366
28367
28367
28370
28371
28386
28387
28389
28390
28391
28393
28396
28396
28400
28403
28406
28406
28407
28407
28409
28411
28416
28417
28421
28422
28424
28424
28431
28434
28435
28436
28441
28444
28445
28445
28449
28449
28456
28462
28464
28465
28466
28469
28469
28469
28471
28483
28484
28487
28489
28489
28491
28494
28501
28501
28508
28509
28511
28520
28520
28525
28529
28539
28539
28541
28549
28554
28555
28558
28559
28562
28563
28564
28568
28570
28575
28579
28592
28592
28597
28602
28605
28610
28610
28617
28618
28619
28619
28622
28628
28628
28630
28633
28636
28636
28637
28638
28639
28642
28645
28652
28654
28656
28656
28660
28661
28662
28669
28670
28680
28683
28694
28695
28696
28696
28698
28701
28707
28708
28711
28711
28720
28722
28725
28735
28741
28746
28753
28756
28758
28767
28768
28769
28771
28772
28776
28777
28789
28791
28793
28796
28796
28797
28801
28808
28809
28811
28813
28817
28819
28821
28824
28825
28830
28832
28833
28838
28841
28841
28848
28850
28851
28853
28858
28862
28863
28872
28877
28887
28890
28891
28892
28896
28896
28898
28902
28905
28908
28913
28919
28922
28925
28927
28929
28931
28932
28932
28935
28945
28946
28948
28950
28957
28958
28958
28961
28964
28966
28970
28972
28973
28976
28976
28978
28981
28985
28986
28988
28989
28990
28991
28991
28996
28998
29008
29008
29009
29014
29016
29019
29021
29025
29025
29030
29033
29036
29037
29040
29040
29041
29043
29044
29045
29045
29047
29050
29054
29057
29065
29065
29067
29067
29076
29081
29082
29087
29092
29094
29094
29099
29104
29106
29120
29123
29124
29129
29134
29139
29140
29147
29160
29163
29164
29164
29179
29186
29190
29191
29192
29195
29202
29205
29206
29206
29207
29210
29214
29216
29219
29222
29223
29227
29228
29230
29231
29234
29235
29237
29237
29238
29239
29242
29247
29248
29250
29250
29255
29255
29263
29264
29267
29272
29276
29282
29286
29287
29298
29300
29303
29308
29308
29310
29313
29318
29319
29319
29320
29322
29325
29328
29331
29337
29338
29339
29343
29357
29363
29369
29370
29372
29373
29376
29384
29386
29386
29388
29389
29394
29399
29405
29410
29411
29414
29421
29426
29429
29432
29433
29433
29437
29438
29449
29450
29463
29468
29469
29483
29483
29492
29492
29494
29496
29500
29500
29503
29504
29505
29505
29505
29506
29507
29510
29510
29512
29513
29514
29516
29520
29520
29523
29523
29524
29524
29529
29530
29530
29531
29531
29532
29534
29539
29542
29542
29554
29555
29559
29560
29564
29567
29575
29578
29582
29585
29585
29586
29586
29594
29596
29598
29599
29601
29603
29605
29614
29616
29623
29624
29625
29628
29635
29637
29648
29649
29667
29668
29668
29670
29675
29675
29680
29686
29689
29691
29692
29696
29697
29699
29699
29706
29711
29716
29718
29721
29721
29725
29725
29730
29732
29736
29737
29743
29748
29749
29755
29759
29763
29765
29766
29778
29784
29790
29791
29793
29795
29796
29798
29802
29804
29805
29818
29818
29823
29824
29825
29832
29832
29847
29851
29855
29856
29861
29867
29888
29888
29894
29894
29896
29900
29901
29909
29915
29919
29921
29922
29934
29935
29942
29943
29945
29947
29953
29960
29961
29962
29963
29966
29966
29967
29977
29979
29989
29993
29993
30005
30005
30005
30006
30010
30014
30017
30021
30021
30022
30024
30028
30030
30030
30034
30036
30038
30049
30051
30057
30061
30062
30062
30064
30065
30078
30086
30088
30090
30094
30095
30100
30103
30106
30108
30110
30117
30130
30133
30146
30149
30154
30158
30164
30169
30174
30175
30185
30188
30189
30189
30190
30191
30192
30194
30195
30198
30201
30202
30204
30206
30212
30213
30214
30216
30221
30224
30234
30237
30241
30249
30249
30251
30253
30255
30257
30258
30259
30260
30261
30263
30267
30269
30272
30274
30275
30276
30277
30278
30281
30281
30283
30284
30287
30288
30289
30290
30291
30296
30298
30313
30313
30313
30317
30317
30318
30334
30338
30340
30347
30352
30368
30369
30371
30379
30379
30380
30381
30396
30401
30403
30403
30403
30408
30409
30410
30416
30418
30418
30418
30422
30426
30436
30437
30438
30447
30454
30456
30458
30462
30466
30467
30468
30469
30469
30469
30472
30474
30480
30481
30486
30500
30505
30517
30519
30521
30524
30537
30547
30549
30552
30553
30557
30562
30568
30569
30570
30572
30577
30577
30581
30591
30599
30602
30609
30609
30614
30616
30618
30619
30620
30633
30637
30637
30639
30645
30648
30648
30649
30650
30651
30662
30662
30666
30667
30667
30671
30675
30675
30676
30677
30678
30680
30681
30683
30686
30692
30693
30695
30704
30708
30712
30714
30718
30719
30723
30729
30735
30737
30737
30741
30742
30743
30749
30751
30753
30757
30758
30760
30761
30764
30766
30774
30776
30778
30778
30785
30793
30795
30797
30801
30804
30805
30805
30809
30810
30811
30813
30814
30819
30833
30838
30838
30842
30845
30852
30854
30856
30867
30867
30874
30887
30891
30895
30895
30904
30905
30906
30915
30918
30924
30932
30932
30935
30937
30938
30938
30939
30939
30940
30942
30944
30948
30949
30959
30962
30966
30979
30982
30984
30987
30994
31002
31004
31010
31010
31014
31014
31015
31016
31017
31018
31021
31025
31030
31032
31034
31036
31038
31039
31040
31043
31044
31046
31048
31048
31058
31058
31063
31073
31076
31077
31085
31091
31093
31099
31103
31105
31106
31106
31108
31110
31111
31115
31115
31116
31117
31129
31131
31132
31137
31141
31144
31144
31146
31154
31154
31156
31157
31160
31162
31163
31164
31165
31166
31167
31173
31176
31179
31181
31182
31191
31193
31193
31204
31207
31208
31209
31211
31215
31217
31219
31220
31227
31228
31246
31252
31261
31264
31267
31269
31274
31274
31275
31279
31280
31282
31282
31283
31285
31285
31287
31291
31303
31306
31306
31309
31309
31310
31315
31317
31326
31333
31333
31342
31343
31344
31348
31348
31349
31352
31359
31360
31369
31373
31376
31377
31378
31382
31385
31386
31396
31397
31401
31403
31405
31411
31415
31420
31428
31429
31431
31438
31442
31444
31450
31451
31457
31458
31460
31461
31467
31469
31471
31478
31481
31482
31483
31484
31485
31488
31488
31491
31494
31495
31497
31508
31509
31512
31514
31517
31522
31523
31531
31532
31533
31534
31538
31539
31540
31541
31548
31549
31549
31555
31561
31562
31562
31566
31568
31572
31574
31577
31596
31600
31600
31613
31621
31627
31631
31637
31638
31640
31644
31644
31647
31649
31652
31666
31666
31667
31668
31668
31673
31674
31677
31679
31680
31695
31697
31698
31699
31700
31700
31704
31708
31723
31726
31727
31727
31727
31731
31732
31735
31746
31746
31754
31757
31765
31767
31768
31770
31771
31772
31778
31779
31782
31783
31787
31787
31789
31793
31794
31794
31800
31805
31806
31806
31809
31812
31820
31820
31824
31829
31829
31833
31834
31837
31840
31842
31853
31855
31856
31859
31860
31864
31869
31879
31881
31881
31893
31894
31895
31898
31902
31904
31904
31905
31910
31914
31915
31916
31920
31921
31926
31928
31933
31944
31946
31955
31958
31962
31965
31970
31973
31976
31976
31979
31979
31981
31981
31981
31984
31985
31986
31991
31999
32007
32011
32012
32014
32014
32017
32019
32022
32027
32040
32041
32042
32044
32044
32047
32049
32050
32051
32051
32055
32056
32063
32064
32064
32068
32069
32072
32073
32077
32079
32081
32083
32085
32096
32105
32107
32111
32113
32114
32116
32118
32120
32129
32129
32129
32129
32135
32135
32139
32142
32145
32148
32154
32158
32160
32167
32170
32170
32178
32178
32182
32183
32191
32204
32204
32207
32213
32215
32222
32228
32233
32247
32252
32265
32266
32272
32275
32280
32283
32284
32289
32289
32289
32291
32295
32297
32298
32298
32300
32301
32304
32307
32317
32324
32328
32328
32331
32331
32338
32344
32345
32348
32349
32353
32353
32356
32360
32360
32371
32373
32375
32375
32379
32388
32399
32401
32406
32406
32407
32409
32418
32421
32423
32430
32432
32440
32441
32443
32455
32457
32460
32460
32463
32471
32481
32486
32490
32491
32493
32495
32500
32503
32506
32507
32507
32510
32511
32517
32517
32518
32519
32519
32528
32535
32536
32537
32540
32541
32543
32543
32543
32544
32545
32548
32550
32553
32554
32555
32557
32557
32565
32568
32577
32579
32580
32580
32582
32584
32587
32591
32596
32601
32601
32605
32608
32612
32615
32616
32618
32621
32623
32626
32627
32630
32633
32640
32651
32657
32662
32663
32670
32676
32676
32677
32678
32692
32693
32693
32694
32697
32697
32700
32701
32702
32704
32707
32712
32714
32714
32719
32724
32740
32744
32746
32746
32746
32749
32750
32752
32756
32759
