4
12
24
28
41
49
62
78
79
85
121
123
125
127
129
130
134
143
146
146
158
163
163
163
164
174
180
185
187
188
191
200
202
208
216
217
220
223
225
229
231
232
232
238
239
254
259
266
272
274
294
295
300
302
303
308
314
318
320
326
329
341
344
347
360
375
378
389
393
396
416
424
426
433
439
447
465
477
478
489
496
507
508
512
521
526
527
535
550
562
567
572
581
586
590
608
615
620
623
624
624
628
633
641
642
649
650
653
698
704
709
714
716
721
734
756
762
770
771
781
781
787
788
804
807
808
816
829
838
848
850
861
888
890
895
895
911
912
914
915
924
925
940
950
956
966
971
972
978
984
987
991
1008
1018
1029
1036
1039
1044
1050
1052
1060
1076
1076
1083
1084
1084
1087
1091
1099
1105
1109
1119
1147
1167
1169
1172
1176
1181
1182
1186
1197
1209
1224
1228
1230
1246
1264
1265
1267
1331
1335
1341
1351
1354
1354
1369
1378
1383
1384
1389
1394
1397
1407
1408
1419
1420
1421
1423
1426
1432
1454
1458
1459
1464
1464
1474
1475
1486
1490
1493
1497
1497
1497
1504
1504
1521
1528
1535
1541
1542
1545
1560
1588
1592
1596
1599
1599
1608
1639
1639
1645
1646
1653
1653
1658
1660
1683
1694
1715
1715
1762
1781
1784
1790
1793
1794
1794
1795
1799
1808
1829
1830
1832
1837
1845
1876
1883
1891
1896
1915
1919
1921
1925
1933
1948
1952
1970
1981
1984
1993
2001
2015
2045
2049
2051
2053
2053
2068
2068
2075
2079
2081
2088
2091
2099
2099
2100
2104
2108
2114
2128
2131
2134
2145
2145
2148
2148
2153
2154
2171
2180
2182
2183
2190
2191
2193
2195
2197
2198
2202
2204
2206
2208
2208
2233
2235
2242
2253
2255
2258
2271
2276
2277
2280
2282
2286
2296
2305
2311
2317
2326
2330
2334
2342
2344
2348
2352
2353
2353
2362
2366
2370
2376
2380
2388
2396
2401
2403
2403
2415
2420
2421
2429
2435
2437
2444
2478
2481
2485
2499
2500
2504
2504
2528
2537
2540
2548
2551
2553
2556
2570
2576
2587
2610
2619
2620
2628
2638
2643
2652
2662
2672
2679
2688
2689
2695
2697
2706
2716
2722
2732
2751
2752
2761
2763
2768
2775
2779
2782
2792
2795
2799
2799
2802
2808
2823
2823
2846
2848
2848
2854
2855
2863
2864
2868
2870
2872
2877
2888
2903
2905
2909
2914
2914
2920
2922
2925
2940
2947
2963
2966
2983
3009
3020
3028
3030
3031
3034
3040
3054
3061
3067
3080
3083
3085
3087
3088
3092
3102
3106
3108
3108
3113
3118
3122
3126
3127
3128
3131
3137
3155
3155
3162
3167
3172
3180
3181
3192
3199
3213
3217
3225
3228
3241
3246
3247
3251
3263
3265
3277
3277
3279
3280
3282
3288
3291
3294
3314
3321
3334
3335
3343
3353
3368
3369
3403
3408
3414
3420
3422
3429
3431
3442
3457
3465
3469
3486
3490
3493
3498
3499
3501
3508
3534
3540
3540
3553
3554
3555
3559
3566
3571
3578
3578
3592
3593
3614
3617
3620
3629
3630
3632
3650
3658
3666
3678
3690
3692
3703
3706
3706
3708
3716
3721
3728
3729
3741
3761
3767
3787
3789
3789
3802
3805
3806
3820
3824
3833
3834
3837
3837
3858
3860
3873
3875
3898
3900
3903
3906
3908
3914
3932
3938
3940
3947
3957
3964
3965
3967
3972
3973
3979
3981
3989
3992
4004
4009
4010
4010
4010
4015
4022
4025
4027
4033
4045
4048
4052
4069
4069
4071
4072
4077
4083
4085
4085
4088
4089
4092
4095
4100
4103
4110
4111
4112
4144
4150
4167
4167
4168
4169
4171
4211
4215
4215
4217
4231
4232
4236
4240
4245
4252
4256
4265
4269
4276
4276
4277
4294
4302
4302
4329
4330
4344
4348
4350
4354
4355
4360
4369
4376
4377
4386
4407
4415
4421
4430
4443
4444
4449
4451
4457
4461
4472
4473
4475
4483
4483
4484
4487
4489
4505
4509
4516
4537
4539
4541
4561
4562
4578
4585
4587
4599
4603
4615
4619
4623
4632
4632
4633
4646
4650
4652
4660
4660
4669
4679
4688
4692
4692
4697
4699
4702
4702
4706
4710
4710
4712
4712
4741
4750
4759
4767
4778
4781
4819
4831
4836
4847
4869
4895
4896
4906
4908
4912
4919
4920
4926
4930
4930
4931
4934
4938
4942
4944
4951
4955
4957
4962
4968
4986
4987
4997
5008
5022
5026
5029
5055
5059
5061
5066
5067
5068
5071
5078
5078
5098
5102
5111
5118
5125
5128
5129
5131
5134
5138
5142
5146
5158
5160
5187
5190
5197
5205
5209
5211
5212
5213
5218
5221
5228
5231
5232
5234
5235
5238
5239
5242
5245
5251
5257
5265
5272
5278
5286
5291
5291
5293
5303
5303
5304
5333
5341
5344
5367
5376
5376
5381
5382
5391
5406
5413
5418
5431
5450
5451
5458
5461
5462
5475
5475
5476
5479
5494
5500
5501
5507
5512
5518
5520
5523
5529
5530
5531
5535
5546
5546
5548
5554
5571
5575
5579
5579
5605
5609
5620
5621
5659
5668
5673
5684
5685
5699
5705
5706
5707
5719
5725
5733
5734
5735
5737
5738
5743
5752
5768
5782
5785
5794
5798
5817
5818
5823
5825
5836
5838
5841
5841
5851
5857
5859
5861
5862
5865
5866
5870
5871
5889
5889
5894
5900
5926
5948
5948
5955
5969
5972
5974
5974
5992
5993
5995
5997
6002
6006
6025
6045
6046
6049
6053
6057
6069
6099
6100
6100
6112
6119
6140
6150
6164
6167
6170
6178
6187
6192
6197
6205
6205
6213
6221
6226
6239
6274
6326
6332
6332
6333
6342
6351
6372
6374
6376
6380
6389
6392
6405
6410
6413
6415
6416
6422
6424
6429
6442
6457
6472
6483
6491
6492
6494
6501
6503
6505
6521
6530
6535
6549
6551
6557
6559
6563
6564
6573
6583
6591
6593
6604
6618
6622
6625
6648
6660
6665
6670
6683
6689
6710
6712
6716
6730
6731
6747
6759
6793
6797
6799
6799
6804
6807
6808
6818
6832
6832
6847
6848
6849
6864
6868
6885
6902
6906
6925
6925
6944
6945
6949
6954
6955
6961
6977
6984
7012
7016
7027
7027
7052
7054
7059
7066
7067
7071
7076
7082
7085
7088
7096
7103
7104
7115
7134
7158
7160
7187
7201
7201
7212
7216
7237
7242
7245
7258
7269
7272
7272
7283
7283
7293
7297
7306
7307
7332
7334
7334
7345
7346
7359
7367
7375
7377
7377
7381
7385
7390
7397
7401
7422
7432
7433
7443
7471
7472
7476
7477
7477
7485
7487
7488
7493
7495
7498
7509
7523
7534
7547
7560
7565
7594
7597
7597
7599
7603
7606
7610
7615
7616
7621
7624
7625
7641
7667
7670
7674
7674
7694
7695
7696
7702
7715
7716
7719
7724
7725
7726
7744
7746
7751
7759
7775
7788
7790
7791
7793
7796
7798
7799
7806
7816
7818
7821
7828
7832
7843
7846
7847
7854
7859
7865
7872
7875
7878
7883
7887
7896
7900
7908
7910
7911
7930
7938
7945
7945
7957
7962
7972
7983
7986
7994
7997
8011
8012
8012
8018
8022
8029
8039
8040
8052
8068
8069
8070
8070
8074
8091
8105
8108
8112
8113
8129
8136
8145
8148
8149
8170
8178
8182
8192
8193
8202
8207
8207
8221
8222
8225
8226
8230
8232
8246
8254
8267
8268
8268
8274
8276
8277
8283
8290
8295
8297
8300
8312
8343
8348
8359
8360
8367
8370
8374
8390
8397
8403
8404
8405
8410
8427
8431
8432
8433
8442
8445
8449
8451
8465
8469
8475
8480
8491
8496
8499
8505
8509
8511
8514
8516
8517
8518
8519
8526
8531
8535
8536
8563
8569
8570
8574
8585
8594
8595
8600
8604
8619
8620
8634
8643
8650
8650
8653
8660
8662
8668
8670
8675
8698
8711
8715
8716
8722
8724
8736
8751
8755
8756
8758
8759
8770
8770
8773
8776
8785
8792
8795
8796
8804
8810
8814
8823
8828
8830
8845
8846
8866
8873
8890
8898
8908
8913
8924
8932
8934
8935
8936
8943
8956
8957
8959
8971
9001
9024
9030
9035
9039
9042
9053
9056
9068
9084
9085
9087
9092
9094
9103
9103
9114
9115
9124
9129
9132
9133
9136
9143
9152
9153
9155
9155
9166
9168
9171
9196
9219
9223
9240
9255
9255
9259
9265
9267
9267
9267
9273
9282
9290
9306
9306
9308
9333
9339
9339
9359
9362
9364
9382
9386
9400
9403
9404
9405
9406
9408
9414
9415
9415
9424
9424
9428
9429
9430
9431
9431
9433
9437
9456
9471
9476
9480
9485
9491
9498
9503
9509
9521
9535
9539
9551
9552
9554
9560
9562
9562
9573
9578
9578
9580
9581
9586
9595
9595
9597
9628
9646
9647
9649
9651
9660
9663
9667
9668
9674
9675
9676
9679
9681
9686
9703
9715
9716
9721
9738
9742
9758
9762
9778
9792
9798
9802
9802
9803
9803
9805
9810
9816
9818
9821
9827
9829
9835
9848
9864
9873
9883
9883
9888
9902
9909
9915
9919
9928
9929
9933
9935
9947
9950
9953
9957
9958
9965
9998
9998
10007
10009
10015
10025
10026
10028
10048
10074
10081
10084
10091
10099
10106
10111
10111
10114
10115
10116
10116
10118
10121
10125
10127
10129
10132
10145
10146
10164
10188
10189
10191
10196
10205
10231
10232
10236
10238
10238
10243
10251
10256
10262
10263
10271
10276
10279
10288
10297
10304
10314
10314
10322
10327
10327
10338
10339
10343
10350
10354
10357
10358
10361
10373
10394
10395
10398
10406
10422
10429
10432
10435
10442
10474
10481
10484
10489
10500
10503
10505
10511
10516
10531
10533
10533
10535
10538
10545
10555
10557
10565
10593
10619
10619
10627
10627
10628
10630
10636
10643
10646
10650
10662
10667
10670
10677
10690
10693
10705
10712
10719
10727
10730
10731
10745
10750
10759
10775
10779
10779
10791
10797
10816
10816
10827
10827
10830
10836
10838
10838
10852
10857
10864
10866
10867
10867
10871
10871
10886
10897
10915
10927
10927
10927
10931
10932
10937
10951
10954
10968
10981
10984
10985
10988
10988
10989
10999
11006
11011
11020
11027
11042
11049
11056
11063
11064
11065
11070
11086
11087
11108
11114
11125
11137
11139
11142
11157
11162
11165
11165
11167
11172
11181
11185
11185
11195
11200
11205
11210
11210
11212
11217
11218
11229
11235
11240
11255
11270
11272
11282
11286
11302
11303
11305
11315
11320
11324
11332
11336
11339
11343
11347
11350
11363
11364
11370
11380
11397
11404
11406
11407
11409
11409
11417
11425
11429
11433
11436
11436
11438
11449
11471
11480
11481
11483
11483
11502
11513
11515
11529
11558
11571
11571
11574
11577
11579
11582
11590
11593
11605
11608
11612
11612
11614
11614
11618
11625
11641
11644
11648
11649
11652
11656
11677
11687
11688
11690
11692
11692
11696
11703
11705
11714
11721
11723
11728
11736
11743
11745
11762
11776
11786
11791
11799
11802
11808
11811
11829
11845
11851
11855
11861
11867
11874
11877
11881
11882
11889
11893
11894
11909
11914
11937
11938
11939
11949
11959
11963
11964
11975
11981
11992
11999
12007
12025
12028
12040
12041
12069
12072
12073
12075
12080
12082
12083
12088
12090
12092
12096
12126
12133
12163
12165
12178
12181
12198
12201
12205
12220
12225
12227
12239
12242
12247
12248
12249
12261
12263
12267
12271
12274
12274
12278
12282
12283
12291
12298
12324
12326
12330
12336
12339
12367
12381
12399
12405
12411
12414
12415
12424
12427
12429
12435
12444
12454
12464
12467
12475
12486
12488
12489
12497
12499
12504
12510
12512
12514
12516
12531
12534
12551
12552
12555
12559
12575
12582
12583
12592
12616
12617
12619
12619
12621
12627
12630
12639
12639
12671
12681
12686
12697
12701
12709
12727
12733
12739
12744
12766
12773
12774
12776
12783
12795
12799
12806
12807
12809
12822
12830
12834
12847
12850
12865
12866
12881
12883
12886
12887
12890
12892
12901
12912
12914
12916
12919
12921
12923
12944
12947
12965
12966
12973
12992
13007
13014
13020
13025
13038
13042
13043
13057
13062
13062
13086
13087
13094
13108
13110
13119
13121
13123
13134
13140
13147
13154
13168
13171
13187
13191
13195
13201
13212
13221
13239
13244
13244
13248
13249
13253
13253
13254
13260
13262
13266
13279
13285
13290
13300
13310
13311
13318
13319
13324
13334
13349
13371
13379
13398
13402
13406
13414
13416
13427
13429
13437
13449
13454
13465
13473
13485
13499
13513
13516
13531
13534
13538
13541
13544
13551
13553
13557
13559
13560
13563
13571
13580
13580
13587
13589
13595
13600
13608
13617
13621
13623
13623
13625
13634
13637
13641
13643
13644
13649
13675
13708
13711
13713
13715
13723
13725
13729
13743
13750
13757
13761
13774
13781
13784
13790
13799
13806
13806
13810
13812
13822
13824
13837
13855
13860
13864
13872
13885
13902
13911
13912
13916
13923
13925
13927
13939
13942
13943
13946
13948
13952
13952
13958
13966
13975
13985
13990
13991
13997
14011
14023
14026
14033
14043
14081
14101
14103
14109
14112
14113
14120
14127
14135
14145
14147
14148
14153
14162
14186
14195
14196
14197
14198
14201
14205
14211
14222
14224
14230
14233
14239
14241
14252
14271
14274
14275
14279
14281
14286
14289
14290
14293
14297
14303
14303
14312
14314
14317
14323
14351
14357
14361
14364
14369
14373
14373
14374
14376
14381
14400
14413
14417
14454
14459
14464
14465
14467
14473
14483
14484
14493
14510
14511
14519
14521
14531
14536
14552
14556
14563
14566
14568
14569
14577
14583
14588
14603
14610
14626
14627
14631
14635
14644
14644
14648
14649
14653
14659
14666
14669
14687
14698
14700
14703
14707
14707
14708
14711
14725
14730
14731
14733
14734
14734
14735
14736
14754
14764
14766
14766
14768
14777
14782
14792
14803
14804
14806
14807
14815
14818
14818
14826
14841
14852
14867
14868
14875
14880
14882
14894
14900
14902
14905
14911
14916
14925
14935
14939
14948
14951
14953
14957
14962
14968
14971
14976
14977
14987
14996
15025
15027
15031
15038
15053
15057
15063
15066
15094
15101
15111
15116
15123
15126
15131
15135
15138
15148
15152
15156
15166
15167
15179
15180
15181
15185
15189
15204
15208
15217
15224
15228
15232
15240
15240
15242
15250
15252
15255
15260
15275
15279
15283
15291
15301
15308
15308
15310
15311
15319
15321
15326
15328
15347
15354
15355
15371
15395
15405
15408
15413
15414
15421
15424
15435
15441
15446
15461
15467
15470
15476
15476
15477
15480
15481
15491
15493
15500
15501
15504
15509
15513
15522
15528
15535
15546
15547
15549
15551
15568
15583
15591
15592
15598
15601
15608
15636
15649
15653
15664
15672
15675
15684
15693
15694
15710
15712
15736
15744
15744
15750
15752
15757
15761
15763
15766
15769
15789
15792
15796
15799
15802
15804
15804
15808
15818
15833
15834
15835
15839
15852
15864
15867
15868
15875
15881
15885
15897
15900
15920
15922
15936
15946
15947
15949
15958
15959
15962
15965
15967
15973
15976
15979
15980
15991
16014
16018
16025
16026
16042
16050
16050
16051
16056
16063
16082
16083
16088
16091
16093
16095
16100
16101
16113
16115
16124
16129
16130
16133
16135
16153
16159
16162
16164
16167
16176
16188
16194
16196
16206
16208
16214
16215
16218
16220
16221
16239
16240
16244
16255
16275
16291
16294
16300
16301
16305
16306
16314
16320
16325
16327
16327
16328
16355
16369
16371
16373
16378
16385
16387
16400
16403
16414
16416
16421
16426
16430
16436
16436
16441
16442
16444
16462
16463
16470
16472
16476
16480
16480
16481
16489
16498
16510
16518
16519
16520
16527
16532
16543
16553
16564
16571
16608
16626
16628
16637
16645
16646
16651
16655
16670
16671
16696
16698
16704
16717
16719
16726
16729
16735
16747
16749
16768
16775
16782
16791
16795
16799
16811
16819
16829
16843
16845
16854
16872
16878
16885
16887
16892
16898
16900
16906
16909
16913
16924
16927
16932
16938
16945
16948
16950
16960
16960
16970
16974
16990
16997
17000
17012
17014
17028
17031
17035
17045
17049
17058
17060
17060
17082
17084
17098
17106
17117
17121
17121
17124
17124
17130
17134
17154
17159
17169
17174
17189
17194
17199
17199
17211
17214
17219
17222
17234
17250
17254
17261
17272
17272
17277
17278
17279
17281
17282
17286
17287
17306
17308
17318
17326
17329
17332
17335
17336
17337
17344
17349
17350
17355
17365
17365
17369
17377
17388
17391
17394
17395
17397
17416
17419
17421
17423
17425
17425
17425
17428
17428
17440
17445
17447
17468
17490
17496
17506
17511
17521
17530
17541
17542
17548
17548
17551
17588
17593
17594
17595
17610
17612
17618
17629
17636
17642
17644
17647
17661
17664
17665
17666
17675
17679
17682
17683
17687
17701
17709
17715
17720
17757
17760
17763
17776
17784
17791
17795
17796
17805
17814
17814
17823
17843
17847
17857
17857
17883
17891
17893
17914
17915
17915
17918
17929
17929
17936
17942
17943
17946
17949
17955
17966
17975
17975
17989
17993
18002
18004
18017
18021
18034
18037
18041
18055
18070
18075
18086
18086
18086
18095
18102
18117
18123
18128
18130
18136
18140
18140
18149
18157
18158
18161
18185
18193
18199
18203
18212
18213
18214
18219
18219
18222
18226
18228
18232
18235
18240
18243
18253
18256
18260
18267
18275
18276
18286
18289
18306
18308
18311
18321
18324
18343
18344
18353
18361
18371
18391
18404
18411
18429
18431
18436
18445
18461
18466
18470
18473
18478
18485
18500
18507
18509
18516
18516
18520
18521
18530
18537
18552
18566
18570
18579
18600
18605
18613
18617
18623
18624
18624
18631
18633
18636
18637
18640
18640
18643
18645
18666
18669
18675
18696
18701
18705
18709
18710
18713
18716
18718
18731
18734
18734
18752
18754
18757
18766
18780
18788
18792
18792
18802
18805
18817
18817
18835
18839
18840
18844
18861
18868
18873
18874
18883
18886
18888
18896
18917
18923
18940
18941
18946
18948
18953
18954
18963
18965
18982
18991
18994
19003
19008
19017
19023
19026
19027
19039
19040
19047
19049
19052
19068
19080
19087
19092
19116
19124
19129
19134
19137
19143
19151
19154
19156
19160
19163
19185
19193
19208
19220
19246
19257
19259
19272
19278
19280
19282
19284
19287
19288
19291
19291
19296
19308
19319
19319
19322
19326
19328
19344
19346
19350
19355
19377
19383
19392
19405
19408
19423
19425
19428
19428
19430
19440
19452
19462
19462
19466
19473
19476
19485
19493
19502
19509
19517
19537
19542
19552
19560
19564
19564
19572
19579
19580
19585
19595
19599
19604
19605
19607
19614
19657
19658
19658
19661
19677
19687
19689
19699
19700
19703
19707
19708
19712
19718
19722
19731
19734
19736
19738
19738
19738
19740
19751
19754
19760
19762
19766
19773
19774
19789
19798
19803
19817
19821
19824
19824
19828
19831
19837
19838
19840
19849
19852
19856
19864
19866
19872
19879
19889
19889
19892
19894
19900
19905
19907
19907
19909
19913
19914
19916
19922
19923
19924
19928
19929
19945
19952
19954
19982
19988
19992
19999
20006
20012
20016
20017
20020
20028
20030
20033
20035
20038
20038
20043
20044
20066
20075
20091
20097
20116
20116
20119
20124
20133
20152
20161
20164
20179
20180
20184
20185
20196
20196
20210
20212
20224
20225
20239
20243
20258
20271
20271
20274
20276
20277
20277
20282
20286
20286
20291
20308
20321
20322
20325
20335
20339
20339
20345
20346
20349
20352
20353
20353
20357
20376
20383
20386
20397
20404
20406
20412
20417
20424
20439
20440
20444
20451
20457
20461
20468
20469
20471
20471
20472
20483
20487
20489
20496
20502
20520
20536
20539
20554
20562
20567
20573
20597
20599
20601
20611
20630
20631
20638
20641
20642
20650
20650
20652
20654
20657
20660
20661
20672
20680
20684
20689
20691
20698
20708
20711
20725
20732
20733
20738
20752
20752
20758
20768
20781
20783
20784
20788
20795
20796
20804
20806
20821
20824
20836
20873
20884
20889
20894
20901
20915
20921
20922
20923
20928
20928
20932
20940
20945
20955
20957
20965
20968
20975
20980
20981
20992
20992
20992
21019
21020
21027
21030
21036
21037
21038
21045
21051
21085
21101
21104
21113
21118
21124
21131
21133
21141
21141
21145
21145
21147
21153
21157
21164
21172
21173
21173
21174
21176
21182
21190
21202
21206
21207
21216
21222
21233
21244
21256
21256
21258
21273
21278
21282
21300
21301
21303
21316
21316
21319
21322
21324
21342
21347
21355
21366
21369
21379
21383
21385
21388
21389
21407
21409
21415
21418
21421
21425
21432
21433
21443
21453
21463
21467
21476
21494
21496
21501
21501
21508
21508
21512
21513
21517
21523
21538
21541
21554
21555
21559
21560
21561
21562
21570
21570
21571
21579
21579
21586
21588
21621
21626
21630
21647
21658
21663
21677
21679
21682
21682
21701
21707
21708
21717
21722
21725
21748
21755
21759
21761
21767
21771
21777
21796
21805
21813
21813
21823
21825
21828
21868
21886
21896
21920
21920
21926
21929
21934
21945
21946
21961
21968
21974
21977
21986
21995
22008
22015
22016
22021
22023
22027
22038
22038
22038
22058
22064
22067
22067
22071
22076
22083
22086
22087
22095
22097
22104
22107
22112
22115
22118
22121
22141
22146
22152
22159
22169
22175
22184
22190
22196
22214
22219
22226
22229
22236
22238
22238
22269
22280
22304
22304
22313
22330
22332
22336
22345
22348
22349
22380
22384
22389
22417
22426
22427
22447
22452
22483
22496
22500
22525
22526
22536
22537
22547
22553
22565
22565
22570
22582
22588
22600
22607
22614
22620
22625
22626
22628
22631
22658
22669
22673
22676
22679
22682
22684
22684
22685
22689
22689
22693
22695
22699
22700
22714
22747
22761
22774
22777
22781
22782
22783
22785
22786
22788
22788
22793
22805
22808
22825
22847
22861
22865
22867
22871
22872
22873
22885
22886
22892
22899
22908
22909
22910
22922
22922
22927
22929
22948
22949
22968
22970
22983
22987
22995
22997
22997
23009
23016
23030
23034
23037
23040
23044
23062
23064
23065
23067
23068
23074
23076
23079
23080
23080
23080
23083
23083
23104
23105
23109
23113
23115
23116
23129
23135
23136
23136
23137
23144
23146
23152
23161
23163
23171
23179
23182
23186
23190
23193
23194
23196
23198
23207
23208
23227
23236
23245
23252
23254
23262
23271
23273
23274
23286
23293
23313
23324
23326
23346
23360
23360
23361
23365
23369
23369
23373
23389
23400
23401
23401
23408
23410
23414
23427
23464
23474
23481
23484
23501
23503
23503
23504
23506
23510
23536
23536
23543
23543
23553
23560
23563
23565
23567
23575
23585
23585
23592
23598
23598
23600
23603
23615
23621
23621
23623
23638
23640
23646
23657
23661
23700
23701
23705
23712
23713
23727
23737
23740
23744
23755
23767
23785
23787
23788
23801
23806
23806
23813
23815
23818
23822
23829
23853
23855
23858
23859
23873
23873
23873
23884
23890
23892
23896
23897
23898
23898
23903
23916
23917
23917
23925
23931
23932
23933
23940
23961
23965
23979
23989
23992
23997
24013
24020
24031
24062
24063
24068
24073
24076
24082
24090
24097
24098
24098
24106
24108
24110
24112
24114
24117
24125
24132
24135
24156
24161
24164
24166
24166
24186
24209
24212
24218
24224
24224
24228
24234
24251
24270
24271
24272
24295
24299
24301
24304
24307
24309
24310
24334
24348
24360
24361
24378
24388
24389
24389
24396
24419
24422
24425
24442
24450
24460
24460
24461
24462
24468
24470
24483
24487
24494
24499
24501
24506
24510
24532
24555
24558
24561
24563
24570
24574
24597
24606
24611
24612
24619
24632
24637
24638
24639
24644
24647
24663
24666
24680
24685
24688
24693
24696
24705
24706
24712
24718
24720
24723
24730
24736
24737
24767
24771
24774
24778
24789
24789
24805
24815
24820
24822
24827
24829
24844
24860
24862
24863
24867
24870
24878
24881
24888
24902
24908
24911
24913
24919
24922
24923
24924
24940
24944
24950
24954
24964
24969
24972
24976
24977
24977
24983
24984
24985
25005
25007
25019
25025
25030
25036
25036
25040
25049
25049
25049
25060
25064
25068
25071
25081
25082
25089
25092
25093
25096
25102
25110
25111
25117
25124
25125
25130
25131
25138
25142
25144
25145
25155
25161
25164
25169
25174
25177
25185
25188
25200
25206
25212
25216
25217
25230
25231
25254
25263
25264
25266
25270
25275
25277
25279
25287
25290
25292
25297
25302
25302
25303
25325
25337
25340
25349
25367
25374
25376
25382
25382
25391
25399
25405
25408
25415
25424
25433
25449
25458
25474
25476
25476
25493
25495
25501
25508
25513
25528
25536
25542
25545
25569
25572
25575
25581
25593
25598
25604
25611
25612
25615
25629
25635
25639
25644
25646
25666
25677
25699
25707
25714
25720
25725
25728
25729
25737
25740
25754
25758
25760
25763
25766
25770
25771
25776
25788
25802
25806
25810
25815
25819
25820
25831
25832
25836
25841
25845
25849
25852
25869
25876
25932
25938
25940
25942
25946
25947
25949
25950
25964
25984
25995
26005
26011
26036
26047
26051
26052
26062
26064
26069
26082
26091
26094
26102
26119
26121
26129
26132
26133
26141
26149
26164
26169
26179
26180
26189
26190
26198
26205
26214
26217
26218
26228
26233
26236
26237
26244
26245
26248
26254
26259
26261
26268
26270
26275
26284
26285
26286
26295
26300
26301
26311
26324
26331
26332
26332
26346
26349
26360
26361
26364
26372
26381
26383
26384
26388
26392
26412
26436
26446
26466
26466
26467
26473
26476
26477
26479
26497
26502
26506
26510
26513
26519
26523
26530
26532
26533
26535
26557
26563
26572
26573
26582
26585
26594
26599
26601
26602
26603
26611
26612
26614
26618
26621
26622
26622
26637
26640
26645
26653
26662
26675
26679
26687
26709
26713
26747
26749
26758
26775
26787
26808
26812
26819
26822
26836
26840
26844
26860
26862
26863
26867
26876
26883
26885
26886
26895
26903
26914
26923
26945
26945
26951
26960
26966
26982
26982
26994
27014
27018
27041
27042
27052
27053
27055
27057
27063
27064
27064
27066
27067
27068
27071
27074
27098
27099
27101
27108
27108
27119
27121
27126
27132
27135
27138
27141
27143
27145
27147
27149
27160
27168
27175
27177
27182
27188
27209
27211
27211
27213
27223
27236
27239
27243
27244
27245
27251
27287
27290
27298
27307
27308
27320
27330
27330
27337
27338
27339
27346
27357
27357
27368
27373
27389
27390
27391
27397
27397
27402
27411
27420
27423
27425
27429
27444
27460
27461
27462
27463
27473
27483
27484
27495
27498
27505
27522
27540
27545
27546
27548
27549
27562
27564
27579
27585
27587
27590
27590
27597
27615
27624
27624
27626
27626
27628
27635
27645
27646
27648
27651
27668
27677
27682
27687
27694
27706
27729
27734
27743
27747
27748
27748
27754
27756
27758
27760
27765
27770
27811
27812
27815
27817
27818
27818
27820
27836
27836
27849
27851
27861
27866
27867
27872
27879
27881
27895
27901
27907
27917
27927
27932
27933
27937
27944
27960
27964
27966
27969
27970
27981
27988
27997
27998
27998
28008
28013
28018
28018
28020
28026
28031
28044
28048
28051
28059
28077
28081
28088
28093
28101
28107
28121
28130
28133
28147
28154
28162
28166
28167
28180
28186
28192
28192
28194
28195
28200
28209
28238
28256
28262
28262
28278
28287
28295
28312
28312
28316
28320
28333
28334
28338
28347
28352
28356
28356
28373
28392
28395
28400
28405
28416
28416
28424
28424
28429
28438
28455
28462
28463
28478
28479
28490
28511
28520
28522
28532
28535
28538
28552
28563
28568
28570
28594
28604
28616
28626
28627
28634
28644
28652
28662
28671
28694
28695
28703
28722
28724
28726
28727
28741
28746
28755
28760
28760
28764
28766
28768
28768
28774
28776
28784
28785
28786
28797
28805
28806
28809
28816
28818
28820
28832
28844
28858
28858
28863
28866
28877
28885
28887
28894
28912
28912
28933
28942
28948
28950
28956
28963
28964
28975
28976
28987
29004
29008
29008
29010
29023
29035
29036
29038
29047
29054
29054
29068
29073
29080
29088
29091
29093
29094
29094
29106
29110
29110
29112
29125
29131
29134
29138
29162
29165
29170
29171
29190
29191
29199
29201
29214
29214
29215
29218
29219
29225
29226
29239
29243
29247
29250
29256
29259
29270
29278
29279
29284
29297
29305
29318
29320
29324
29327
29349
29352
29356
29359
29375
29382
29397
29398
29403
29408
29417
29426
29430
29439
29458
29462
29464
29469
29481
29491
29494
29501
29502
29505
29505
29508
29509
29510
29514
29520
29543
29551
29560
29575
29589
29636
29643
29647
29648
29648
29655
29658
29664
29666
29666
29672
29672
29682
29682
29694
29697
29703
29715
29716
29718
29721
29721
29729
29736
29740
29747
29766
29787
29789
29790
29798
29816
29817
29818
29827
29831
29842
29851
29856
29865
29866
29878
29879
29885
29887
29891
29895
29905
29915
29924
29924
29927
29927
29930
29930
29931
29932
29933
29935
29941
29954
29956
29969
29978
29980
29981
29984
29984
29990
30014
30016
30025
30031
30038
30039
30040
30055
30061
30065
30066
30074
30077
30091
30092
30099
30100
30100
30112
30112
30114
30129
30132
30136
30147
30147
30148
30157
30161
30166
30181
30181
30186
30195
30198
30206
30222
30225
30225
30226
30248
30251
30253
30255
30257
30269
30270
30279
30282
30301
30311
30319
30324
30330
30337
30353
30359
30359
30362
30368
30369
30374
30375
30376
30377
30380
30381
30391
30400
30407
30410
30426
30433
30436
30436
30437
30439
30439
30446
30456
30460
30462
30469
30489
30489
30496
30497
30512
30514
30516
30521
30531
30538
30549
30551
30553
30555
30575
30578
30580
30598
30602
30604
30605
30611
30612
30613
30620
30629
30631
30642
30647
30667
30669
30672
30706
30710
30720
30727
30730
30741
30749
30752
30764
30774
30775
30782
30786
30789
30792
30800
30803
30811
30812
30840
30856
30868
30886
30887
30889
30901
30904
30934
30938
30941
30944
30947
30949
30950
30952
30952
30953
30966
30966
30970
30971
30971
30976
31001
31001
31002
31012
31020
31020
31022
31028
31029
31029
31030
31031
31031
31036
31060
31063
31063
31064
31066
31071
31071
31106
31108
31131
31138
31144
31145
31147
31147
31155
31164
31173
31174
31182
31183
31190
31198
31209
31217
31223
31238
31240
31255
31256
31259
31265
31281
31283
31302
31307
31308
31311
31319
31323
31328
31333
31336
31347
31352
31361
31364
31367
31370
31377
31383
31398
31406
31408
31412
31417
31422
31430
31431
31431
31435
31436
31440
31445
31445
31447
31453
31453
31454
31462
31465
31467
31472
31473
31473
31477
31478
31489
31490
31492
31505
31510
31511
31515
31522
31548
31570
31576
31589
31589
31598
31617
31617
31623
31625
31634
31640
31641
31643
31650
31652
31655
31668
31671
31681
31682
31684
31688
31700
31711
31711
31720
31724
31730
31732
31732
31744
31754
31768
31769
31787
31799
31800
31823
31826
31833
31836
31837
31842
31852
31852
31855
31871
31886
31889
31889
31897
31899
31901
31910
31911
31913
31918
31935
31939
31941
31969
31999
32003
32004
32005
32007
32013
32014
32015
32030
32035
32036
32052
32054
32055
32055
32063
32084
32093
32095
32098
32140
32162
32168
32169
32176
32179
32184
32187
32190
32191
32192
32194
32199
32199
32201
32220
32229
32243
32244
32255
32256
32282
32293
32297
32299
32308
32310
32318
32323
32328
32336
32336
32336
32340
32364
32365
32368
32371
32410
32410
32417
32424
32431
32446
32452
32453
32461
32462
32469
32470
32480
32488
32489
32496
32498
32503
32504
32506
32520
32523
32526
32533
32555
32557
32558
32559
32567
32570
32571
32588
32604
32615
32617
32618
32620
32621
32644
32654
32659
32659
32673
32676
32680
32683
32696
32702
32718
32722
32723
32727
32729
32730
32731
32732
32740
32743
32751
32759
