0
0
0
1
2
3
3
3
3
4
5
6
6
7
10
10
10
11
11
11
12
12
12
12
13
14
14
15
16
16
17
17
18
19
19
20
20
21
21
21
21
21
23
23
24
25
25
26
26
27
29
30
30
30
31
31
33
34
34
36
36
40
41
43
44
44
44
46
47
48
50
50
55
56
57
59
60
60
60
60
61
61
63
63
63
65
66
66
67
67
67
67
67
67
68
70
73
74
76
77
77
77
78
78
80
80
80
81
82
82
82
82
83
83
83
84
84
85
85
86
87
88
89
89
89
89
90
90
90
92
92
93
94
95
95
95
95
97
98
98
98
99
99
100
100
100
101
102
103
104
106
106
108
109
109
111
112
113
113
114
114
114
114
114
115
116
117
118
118
120
120
121
121
123
123
124
124
126
127
127
127
129
129
130
130
131
132
133
133
133
134
134
135
135
136
137
137
140
142
143
143
143
145
146
146
146
148
148
152
153
153
153
153
154
154
156
156
161
161
162
164
164
164
165
165
166
167
168
168
169
169
170
171
171
172
174
175
180
182
182
183
183
184
184
185
186
187
187
187
188
188
189
189
190
191
192
193
193
194
197
199
199
200
201
201
201
202
202
202
203
204
204
205
206
206
206
207
208
208
208
209
210
211
212
213
213
214
214
215
216
217
218
218
220
220
221
222
223
223
224
224
225
225
226
226
227
228
228
228
229
229
230
231
232
232
232
232
233
234
234
234
234
235
236
238
239
239
240
240
240
240
242
242
243
244
246
248
248
250
254
255
255
257
257
257
258
260
260
260
263
263
263
264
264
265
265
265
265
267
267
268
268
269
270
270
270
271
272
272
273
275
276
277
277
278
279
280
282
282
284
284
284
284
284
286
286
288
288
289
289
289
294
294
294
296
297
298
298
298
298
299
300
300
300
301
301
302
303
304
304
305
307
307
308
308
308
308
310
310
310
312
313
314
314
316
316
316
317
319
320
320
321
321
324
324
326
326
327
330
331
331
332
333
333
337
337
337
340
341
341
342
342
343
343
344
344
345
346
346
346
347
348
348
350
351
351
352
353
355
355
357
363
364
366
366
366
366
366
367
367
367
368
368
369
370
371
372
372
373
375
375
375
376
376
377
377
377
377
378
378
378
380
380
381
384
384
386
387
387
388
388
389
389
390
391
391
391
392
393
394
395
396
397
398
399
400
401
404
405
406
407
407
407
408
409
410
412
413
413
415
418
419
420
421
421
423
424
424
424
425
425
425
426
427
428
430
430
430
432
432
432
434
435
435
435
438
438
438
438
438
439
440
441
441
442
442
446
447
448
448
448
449
450
451
453
454
454
454
455
455
456
457
459
461
461
462
464
465
466
467
468
469
469
470
470
470
471
472
474
474
475
475
477
478
478
479
480
481
482
484
485
486
486
487
488
489
490
491
493
493
494
494
495
496
496
496
496
496
497
497
499
502
502
503
503
506
506
508
508
509
510
511
512
513
513
513
514
515
517
517
517
517
518
520
521
521
521
522
523
523
523
524
527
528
528
529
530
530
530
532
532
532
533
534
535
537
537
538
539
541
542
542
542
545
545
546
547
547
548
549
550
551
551
554
554
554
554
555
555
555
556
556
556
560
560
561
562
563
565
566
566
567
567
567
567
569
572
572
573
576
576
577
578
578
579
580
581
581
582
583
584
584
584
584
585
586
587
587
587
587
588
589
591
593
593
593
594
594
595
595
596
596
596
596
599
600
601
602
603
605
606
607
607
611
612
612
613
613
614
615
616
616
617
617
619
619
620
620
622
622
622
623
623
624
624
624
626
627
627
627
627
629
629
629
631
632
633
633
633
633
634
634
636
636
636
638
640
645
646
647
647
649
650
651
653
653
653
655
655
657
657
657
658
658
659
659
659
662
662
665
665
666
668
668
672
673
674
675
675
679
679
680
680
681
682
682
683
683
684
684
684
685
685
685
687
688
688
689
689
689
690
691
691
692
693
693
694
695
696
697
698
698
699
701
701
705
709
709
710
710
710
711
713
714
714
715
715
717
718
718
719
720
721
722
722
723
723
723
726
727
729
730
730
731
732
732
733
734
734
735
735
737
738
739
740
741
744
744
744
744
746
747
748
749
750
750
752
752
755
755
755
755
756
757
758
758
759
759
759
761
762
763
764
765
766
766
767
767
768
769
771
771
773
773
773
775
776
777
778
778
778
779
780
780
780
782
783
783
783
784
785
786
787
788
789
790
792
793
793
793
797
797
801
802
803
804
804
804
805
806
806
806
806
806
806
807
808
809
810
811
811
813
813
814
814
816
816
818
818
819
821
822
822
822
823
825
825
826
826
827
827
828
829
829
829
829
830
831
832
833
834
836
837
837
840
841
841
842
843
843
845
846
846
847
848
848
849
849
853
854
854
855
856
857
857
857
858
858
858
861
863
863
863
863
865
865
865
866
866
867
867
868
868
868
869
869
871
871
871
873
873
874
874
874
875
875
875
876
876
876
877
877
877
877
880
881
882
882
882
885
886
886
886
887
887
887
888
888
888
888
889
892
893
895
897
902
905
905
905
905
906
907
907
907
908
908
909
909
909
910
911
912
912
913
914
914
914
917
919
921
922
922
923
924
927
927
928
928
929
929
929
929
929
929
931
932
933
933
935
935
936
936
936
938
939
939
940
940
941
943
944
945
946
946
947
948
948
948
948
949
951
953
953
954
954
955
956
956
957
958
959
959
959
960
960
961
961
961
962
962
966
967
968
968
969
969
970
971
971
972
973
973
974
974
974
975
977
977
979
980
980
980
982
982
984
985
986
986
987
989
989
990
991
991
991
992
993
993
993
995
996
997
997
998
998
998
998
999
999
1001
1003
1003
1003
1004
1004
1005
1005
1005
1006
1007
1007
1008
1008
1008
1008
1008
1009
1010
1014
1014
1014
1015
1016
1016
1017
1018
1019
1020
1020
1021
1023
1024
1027
1028
1028
1030
1033
1034
1035
1035
1035
1036
1036
1036
1037
1037
1037
1037
1040
1041
1041
1041
1042
1043
1043
1043
1043
1044
1044
1045
1046
1048
1049
1049
1051
1051
1052
1054
1057
1059
1059
1061
1063
1064
1064
1065
1065
1067
1068
1069
1070
1074
1076
1076
1076
1080
1081
1082
1083
1084
1084
1084
1086
1088
1088
1088
1088
1089
1089
1090
1091
1092
1093
1093
1093
1093
1095
1096
1096
1097
1098
1098
1098
1098
1102
1104
1106
1108
1109
1110
1111
1111
1113
1113
1113
1118
1118
1119
1119
1120
1120
1121
1122
1122
1123
1124
1125
1125
1127
1127
1129
1130
1131
1133
1133
1135
1136
1136
1136
1137
1137
1137
1139
1140
1142
1144
1144
1145
1147
1148
1148
1148
1149
1151
1154
1156
1158
1159
1159
1160
1160
1161
1162
1163
1163
1164
1165
1165
1166
1167
1169
1170
1170
1171
1174
1175
1177
1177
1178
1178
1179
1182
1182
1182
1183
1185
1187
1187
1190
1193
1195
1196
1197
1197
1198
1198
1199
1200
1200
1200
1202
1202
1203
1203
1204
1205
1206
1206
1206
1206
1206
1207
1208
1209
1211
1211
1211
1211
1213
1213
1214
1214
1214
1217
1217
1218
1218
1218
1219
1220
1220
1220
1220
1220
1221
1222
1223
1224
1225
1226
1226
1227
1228
1229
1229
1229
1230
1230
1230
1231
1231
1233
1233
1233
1234
1234
1235
1235
1235
1236
1237
1238
1239
1239
1240
1245
1246
1246
1246
1246
1247
1248
1248
1251
1251
1252
1252
1252
1254
1255
1255
1255
1255
1256
1257
1259
1260
1260
1261
1262
1262
1263
1263
1264
1266
1266
1266
1267
1268
1269
1269
1269
1270
1270
1270
1271
1271
1274
1274
1275
1275
1275
1276
1276
1276
1277
1277
1277
1277
1279
1280
1280
1280
1281
1281
1285
1285
1286
1287
1287
1288
1288
1289
1289
1290
1290
1292
1293
1293
1293
1296
1296
1298
1300
1301
1301
1301
1302
1302
1304
1305
1305
1306
1306
1307
1309
1309
1310
1310
1310
1310
1311
1311
1312
1312
1314
1316
1317
1318
1320
1321
1321
1323
1325
1326
1326
1326
1326
1327
1329
1330
1330
1330
1331
1331
1332
1332
1335
1338
1338
1340
1340
1341
1341
1341
1342
1344
1344
1345
1346
1346
1346
1346
1346
1346
1347
1347
1348
1349
1349
1349
1351
1351
1352
1352
1354
1354
1355
1356
1357
1360
1361
1361
1362
1363
1365
1369
1369
1371
1372
1373
1376
1376
1376
1377
1377
1378
1378
1378
1378
1380
1381
1382
1382
1382
1382
1383
1384
1384
1385
1385
1390
1390
1391
1392
1393
1395
1395
1397
1397
1397
1398
1399
1400
1400
1401
1402
1402
1404
1405
1405
1408
1408
1408
1408
1409
1411
1411
1411
1411
1413
1414
1414
1415
1416
1416
1416
1417
1418
1418
1418
1421
1422
1422
1423
1424
1425
1426
1428
1428
1429
1430
1430
1431
1432
1432
1432
1432
1434
1434
1434
1434
1435
1435
1436
1436
1437
1440
1440
1441
1441
1441
1443
1443
1443
1444
1444
1445
1446
1446
1447
1448
1449
1450
1450
1450
1450
1451
1451
1453
1453
1454
1454
1455
1455
1458
1461
1463
1464
1464
1465
1466
1466
1469
1470
1470
1471
1473
1474
1475
1477
1479
1479
1479
1479
1480
1481
1481
1483
1483
1485
1485
1487
1489
1491
1493
1494
1494
1495
1496
1497
1497
1497
1498
1498
1502
1504
1504
1505
1506
1506
1507
1507
1509
1510
1511
1511
1511
1512
1513
1514
1515
1516
1518
1518
1519
1521
1522
1522
1523
1524
1524
1525
1525
1526
1527
1527
1528
1528
1530
1530
1531
1532
1532
1533
1534
1535
1536
1536
1536
1536
1537
1537
1538
1538
1539
1541
1541
1543
1543
1544
1545
1545
1545
1547
1550
1551
1551
1554
1555
1555
1557
1557
1557
1558
1559
1559
1561
1563
1565
1566
1566
1570
1571
1571
1571
1571
1572
1575
1575
1575
1576
1577
1579
1580
1581
1584
1585
1586
1586
1588
1588
1589
1589
1589
1591
1591
1592
1593
1595
1595
1595
1595
1596
1596
1596
1596
1596
1597
1598
1598
1600
1600
1600
1603
1605
1605
1605
1608
1608
1608
1609
1611
1612
1612
1612
1612
1613
1614
1616
1616
1618
1618
1619
1619
1619
1620
1621
1621
1622
1622
1622
1623
1623
1624
1624
1626
1627
1627
1629
1629
1630
1630
1631
1632
1633
1633
1633
1634
1635
1637
1637
1638
1638
1639
1639
1640
1640
1641
1642
1642
1643
1643
1643
1644
1644
1646
1646
1646
1647
1648
1648
1648
1649
1650
1650
1651
1651
1653
1653
1653
1655
1656
1657
1657
1657
1657
1659
1659
1660
1660
1661
1663
1664
1664
1666
1667
1667
1669
1671
1673
1674
1674
1675
1675
1676
1677
1677
1679
1681
1683
1683
1684
1684
1685
1686
1686
1686
1687
1688
1689
1689
1689
1690
1691
1692
1693
1693
1693
1694
1696
1696
1697
1697
1698
1698
1698
1699
1699
1701
1702
1702
1703
1703
1704
1705
1706
1706
1706
1706
1710
1710
1710
1714
1715
1715
1716
1716
1717
1718
1719
1720
1721
1722
1724
1724
1724
1725
1725
1725
1727
1728
1731
1731
1732
1734
1734
1735
1735
1736
1737
1737
1738
1738
1739
1741
1741
1743
1743
1744
1744
1746
1749
1750
1750
1751
1752
1752
1755
1756
1756
1758
1759
1759
1760
1760
1760
1761
1762
1762
1762
1764
1767
1767
1767
1768
1768
1768
1768
1770
1771
1772
1772
1772
1772
1772
1773
1773
1774
1774
1776
1777
1778
1779
1780
1780
1781
1782
1782
1783
1786
1788
1788
1789
1790
1790
1791
1791
1791
1791
1792
1792
1793
1793
1794
1794
1794
1795
1795
1798
1800
1800
1801
1801
1801
1802
1802
1802
1802
1803
1803
1803
1804
1806
1806
1809
1813
1814
1815
1815
1816
1817
1818
1818
1818
1819
1820
1820
1822
1822
1822
1823
1824
1824
1825
1825
1826
1827
1828
1831
1834
1834
1834
1835
1835
1836
1836
1837
1838
1839
1839
1839
1840
1843
1843
1843
1843
1843
1844
1845
1846
1846
1847
1848
1850
1850
1851
1851
1853
1854
1856
1856
1857
1858
1859
1860
1861
1861
1861
1862
1863
1864
1864
1865
1866
1867
1867
1867
1868
1869
1869
1869
1870
1870
1871
1871
1872
1872
1872
1873
1875
1875
1876
1878
1878
1878
1878
1879
1881
1881
1881
1882
1882
1883
1885
1886
1886
1887
1889
1889
1890
1891
1892
1894
1894
1896
1896
1896
1897
1901
1902
1902
1902
1905
1905
1906
1906
1906
1907
1908
1908
1909
1910
1913
1914
1914
1915
1916
1916
1916
1919
1920
1920
1920
1920
1921
1923
1925
1925
1926
1927
1927
1927
1928
1929
1930
1930
1930
1934
1934
1935
1937
1937
1937
1938
1939
1940
1940
1941
1941
1943
1943
1944
1944
1944
1945
1945
1946
1946
1947
1948
1949
1949
1950
1950
1950
1951
1951
1957
1957
1957
1958
1958
1960
1962
1962
1963
1963
1965
1966
1967
1968
1969
1969
1970
1970
1971
1972
1973
1974
1974
1975
1976
1976
1978
1979
1980
1981
1985
1988
1990
1992
1992
1993
1993
1996
1999
2002
2002
2003
2004
2005
2006
2007
2009
2011
2012
2012
2013
2013
2015
2016
2016
2017
2017
2017
2019
2022
2022
2023
2023
2025
2025
2026
2027
2028
2028
2029
2029
2030
2031
2033
2033
2035
2036
2037
2038
2039
2039
2040
2040
2040
2042
2043
2043
2043
2045
2045
2045
2046
2046
2047
2048
2048
2048
2050
2052
2052
2054
2055
2055
2056
2058
2058
2061
2061
2061
2062
2065
2066
2067
2068
2069
2070
2071
2071
2071
2073
2073
2074
2076
2076
2078
2078
2080
2080
2080
2081
2082
2082
2082
2083
2085
2087
2087
2088
2088
2091
2091
2092
2092
2092
2093
2093
2093
2093
2095
2096
2098
2098
2099
2099
2100
2103
2104
2105
2106
2108
2108
2111
2112
2113
2113
2114
2114
2115
2116
2117
2117
2118
2119
2120
2121
2121
2122
2123
2124
2124
2124
2124
2125
2126
2126
2126
2127
2128
2129
2130
2130
2131
2131
2132
2132
2134
2134
2135
2136
2137
2137
2137
2140
2141
2142
2143
2143
2144
2145
2145
2146
2146
2146
2147
2148
2149
2151
2151
2152
2153
2154
2154
2155
2156
2156
2157
2157
2158
2159
2159
2160
2160
2160
2161
2164
2165
2165
2165
2165
2166
2167
2170
2172
2172
2173
2173
2175
2176
2176
2176
2176
2176
2177
2178
2179
2180
2180
2182
2184
2184
2185
2187
2189
2190
2191
2192
2192
2193
2193
2197
2198
2198
2199
2199
2199
2201
2201
2202
2202
2202
2202
2202
2202
2203
2203
2204
2204
2205
2206
2206
2207
2207
2207
2208
2209
2209
2210
2211
2211
2211
2211
2211
2212
2214
2216
2216
2217
2218
2218
2219
2219
2220
2221
2221
2221
2222
2223
2223
2225
2225
2226
2227
2228
2232
2232
2232
2237
2237
2237
2239
2240
2241
2241
2242
2242
2243
2243
2245
2247
2247
2247
2249
2249
2250
2250
2250
2251
2251
2251
2251
2251
2252
2254
2255
2255
2256
2256
2256
2256
2257
2257
2259
2260
2260
2261
2262
2262
2262
2262
2267
2268
2269
2269
2269
2270
2270
2271
2272
2274
2275
2276
2277
2277
2279
2279
2281
2283
2283
2284
2285
2288
2290
2290
2291
2292
2292
2295
2297
2297
2298
2299
2300
2301
2301
2302
2302
2303
2304
2304
2304
2305
2305
2306
2306
2309
2310
2310
2310
2312
2314
2314
2314
2316
2316
2317
2318
2318
2320
2320
2321
2322
2324
2324
2325
2328
2329
2330
2334
2334
2334
2335
2335
2336
2336
2338
2338
2339
2339
2340
2341
2341
2341
2342
2342
2342
2344
2344
2344
2346
2347
2347
2347
2347
2348
2348
2349
2350
2354
2355
2355
2355
2355
2357
2359
2360
2361
2361
2362
2364
2365
2367
2367
2368
2369
2369
2370
2371
2372
2372
2373
2373
2373
2375
2375
2377
2378
2378
2380
2380
2381
2381
2382
2382
2383
2383
2386
2389
2389
2392
2392
2393
2393
2393
2394
2394
2395
2395
2396
2396
2396
2396
2396
2397
2397
2398
2398
2398
2399
2399
2399
2400
2401
2402
2403
2404
2405
2406
2407
2409
2411
2411
2411
2411
2411
2413
2415
2415
2415
2416
2416
2416
2416
2416
2417
2417
2419
2419
2420
2420
2421
2421
2422
2422
2423
2424
2424
2425
2425
2425
2425
2425
2425
2427
2427
2428
2429
2430
2432
2433
2434
2434
2434
2434
2436
2437
2437
2437
2438
2439
2439
2441
2442
2444
2446
2447
2447
2448
2450
2451
2452
2453
2453
2453
2454
2456
2456
2456
2457
2458
2459
2460
2460
2461
2461
2462
2463
2464
2465
2466
2466
2466
2467
2469
2470
2471
2471
2471
2472
2474
2475
2475
2475
2476
2477
2477
2477
2477
2478
2479
2481
2483
2483
2484
2484
2484
2485
2486
2488
2488
2489
2489
2489
2492
2493
2494
2495
2495
2496
2497
2497
2498
2500
2500
2500
2502
2504
2504
2506
2507
2507
2507
2508
2508
2508
2508
2509
2509
2512
2513
2513
2513
2514
2515
2516
2517
2517
2517
2518
2519
2520
2526
2526
2526
2527
2527
2530
2531
2531
2532
2532
2533
2535
2535
2536
2536
2537
2540
2541
2543
2543
2543
2544
2545
2546
2546
2546
2547
2548
2549
2549
2549
2550
2551
2553
2555
2555
2555
2557
2557
2558
2558
2559
2559
2560
2560
2560
2562
2562
2562
2563
2566
2566
2567
2567
2569
2569
2570
2570
2570
2570
2571
2571
2571
2572
2573
2574
2574
2575
2576
2576
2576
2577
2577
2577
2577
2577
2577
2578
2579
2581
2583
2585
2586
2587
2591
2591
2592
2592
2592
2593
2594
2594
2595
2599
2603
2604
2605
2607
2611
2612
2612
2613
2613
2614
2614
2616
2618
2619
2619
2620
2620
2620
2621
2621
2623
2623
2624
2625
2625
2625
2625
2626
2628
2629
2630
2630
2631
2632
2632
2633
2633
2633
2633
2633
2634
2634
2634
2636
2636
2636
2637
2638
2638
2639
2639
2640
2640
2641
2641
2641
2642
2643
2643
2644
2644
2644
2645
2646
2649
2649
2650
2650
2652
2657
2657
2659
2660
2660
2662
2662
2663
2663
2664
2665
2665
2668
2668
2669
2670
2670
2670
2671
2671
2672
2673
2673
2674
2674
2676
2678
2678
2678
2679
2683
2683
2683
2683
2684
2685
2686
2688
2688
2689
2690
2691
2691
2693
2693
2695
2696
2696
2696
2698
2699
2700
2701
2702
2702
2705
2706
2707
2709
2710
2710
2710
2712
2713
2714
2714
2714
2715
2715
2718
2719
2719
2719
2720
2720
2720
2722
2724
2725
2725
2726
2727
2727
2730
2730
2731
2731
2731
2731
2732
2732
2733
2734
2736
2739
2740
2741
2741
2742
2742
2743
2743
2744
2744
2744
2744
2744
2744
2745
2746
2747
2749
2749
2749
2749
2750
2750
2751
2755
2755
2755
2756
2756
2757
2758
2760
2760
2761
2761
2761
2764
2765
2765
2766
2767
2770
2773
2773
2776
2776
2776
2777
2777
2779
2780
2780
2780
2781
2781
2784
2784
2785
2787
2788
2789
2789
2791
2793
2793
2793
2793
2796
2798
2803
2804
2804
2807
2808
2809
2810
2810
2811
2812
2812
2812
2814
2814
2815
2815
2816
2817
2819
2819
2819
2820
2820
2821
2829
2832
2832
2833
2834
2835
2836
2836
2837
2838
2838
2838
2839
2842
2844
2846
2849
2851
2852
2852
2855
2855
2857
2858
2860
2862
2863
2865
2869
2869
2872
2873
2875
2877
2877
2877
2879
2883
2885
2885
2886
2887
2888
2888
2889
2889
2889
2890
2890
2891
2891
2892
2893
2895
2896
2898
2899
2900
2903
2905
2905
2906
2906
2906
2906
2909
2909
2911
2911
2913
2913
2913
2913
2914
2915
2916
2920
2922
2923
2923
2923
2924
2924
2927
2928
2930
2930
2932
2933
2934
2934
2936
2937
2938
2938
2939
2939
2940
2941
2943
2945
2945
2948
2951
2951
2951
2951
2953
2955
2955
2956
2956
2958
2959
2962
2962
2962
2963
2964
2964
2965
2966
2966
2968
2969
2969
2969
2970
2971
2972
2972
2972
2972
2972
2973
2973
2976
2978
2978
2979
2979
2980
2980
2981
2981
2982
2983
2984
2988
2995
2995
2995
2996
2997
2998
3003
3004
3004
3005
3005
3006
3007
3008
3008
3009
3009
3009
3010
3011
3013
3013
3013
3013
3013
3014
3017
3018
3019
3020
3021
3022
3024
3027
3027
3027
3027
3031
3032
3032
3032
3034
3035
3036
3036
3037
3037
3038
3039
3040
3041
3042
3042
3043
3043
3045
3045
3046
3046
3046
3047
3047
3049
3051
3051
3052
3052
3052
3053
3054
3054
3055
3056
3057
3057
3060
3062
3063
3064
3065
3067
3068
3068
3068
3069
3070
3070
3076
3077
3077
3077
3079
3081
3082
3082
3083
3085
3088
3089
3089
3089
3089
3089
3090
3090
3091
3093
3093
3094
3095
3096
3098
3100
3101
3102
3102
3102
3104
3107
3110
3110
3111
3113
3113
3113
3116
3117
3118
3119
3121
3122
3124
3124
3125
3126
3127
3127
3128
3128
3128
3130
3131
3131
3131
3131
3135
3137
3138
3141
3142
3143
3144
3144
3145
3147
3149
3149
3150
3152
3154
3155
3157
3157
3161
3164
3165
3167
3168
3168
3172
3172
3173
3173
3174
3174
3175
3176
3176
3177
3177
3181
3181
3181
3184
3187
3187
3187
3188
3188
3188
3188
3189
3191
3192
3194
3195
3195
3195
3196
3196
3197
3198
3198
3199
3199
3200
3201
3202
3203
3205
3205
3206
3207
3207
3208
3210
3210
3210
3211
3212
3212
3213
3214
3214
3214
3215
3217
3220
3221
3221
3221
3222
3222
3222
3223
3224
3224
3225
3226
3228
3230
3233
3235
3235
3236
3236
3237
3237
3239
3244
3246
3247
3247
3248
3248
3250
3252
3252
3253
3253
3253
3253
3255
3256
3258
3261
3261
3262
3264
3265
3265
3267
3267
3268
3270
3271
3271
3273
3275
3275
3276
3276
3277
3280
3281
3283
3284
3285
3286
3286
3287
3288
3289
3289
3291
3293
3294
3294
3294
3296
3302
3302
3304
3305
3305
3306
3306
3307
3309
3309
3310
3311
3312
3314
3319
3320
3322
3324
3326
3326
3329
3329
3330
3331
3331
3332
3332
3332
3335
3335
3335
3336
3337
3337
3337
3339
3339
3339
3339
3343
3345
3345
3346
3347
3348
3350
3352
3352
3353
3354
3354
3355
3356
3357
3358
3358
3359
3361
3361
3363
3363
3364
3366
3366
3367
3370
3371
3372
3374
3375
3377
3380
3380
3382
3383
3384
3386
3388
3388
3391
3392
3392
3393
3393
3395
3395
3397
3397
3398
3398
3398
3398
3398
3402
3402
3402
3403
3404
3405
3406
3407
3408
3408
3409
3410
3411
3411
3411
3413
3413
3415
3415
3416
3417
3418
3419
3420
3421
3421
3422
3423
3424
3424
3425
3426
3427
3428
3430
3430
3433
3438
3439
3439
3440
3440
3441
3441
3444
3445
3447
3448
3450
3452
3452
3453
3453
3455
3462
3463
3464
3466
3466
3466
3468
3469
3469
3470
3476
3479
3480
3480
3480
3483
3484
3485
3486
3487
3489
3489
3491
3491
3492
3492
3493
3493
3493
3496
3497
3500
3501
3504
3506
3508
3509
3510
3510
3511
3512
3513
3514
3517
3519
3520
3521
3522
3522
3523
3524
3524
3525
3526
3526
3528
3530
3530
3531
3531
3532
3532
3533
3534
3535
3536
3537
3537
3539
3540
3541
3543
3544
3545
3546
3548
3549
3550
3550
3551
3552
3553
3554
3554
3555
3556
3556
3561
3562
3563
3566
3566
3567
3569
3570
3570
3570
3570
3570
3577
3580
3581
3583
3584
3584
3585
3586
3589
3589
3590
3590
3591
3594
3595
3595
3598
3600
3601
3601
3602
3603
3604
3605
3608
3608
3612
3612
3613
3615
3616
3616
3616
3617
3618
3618
3618
3619
3620
3620
3621
3622
3623
3624
3625
3626
3626
3627
3628
3629
3630
3630
3631
3632
3633
3633
3634
3638
3642
3643
3643
3643
3644
3644
3645
3645
3646
3647
3647
3647
3647
3649
3649
3650
3651
3652
3653
3654
3658
3659
3661
3662
3663
3664
3664
3664
3665
3665
3665
3665
3666
3666
3666
3668
3669
3669
3670
3670
3670
3670
3671
3671
3671
3672
3673
3673
3674
3674
3677
3678
3679
3680
3681
3682
3683
3683
3686
3686
3687
3687
3688
3688
3690
3692
3692
3693
3693
3693
3693
3693
3693
3695
3697
3698
3699
3700
3700
3702
3703
3704
3708
3709
3709
3711
3712
3714
3715
3717
3718
3720
3721
3722
3723
3723
3723
3723
3726
3727
3731
3732
3732
3732
3733
3734
3735
3735
3736
3737
3738
3738
3739
3740
3741
3745
3746
3747
3747
3747
3752
3752
3753
3755
3757
3757
3757
3758
3760
3761
3763
3765
3765
3767
3768
3770
3771
3773
3773
3773
3779
3779
3781
3781
3782
3783
3784
3785
3785
3786
3788
3788
3788
3789
3790
3790
3790
3792
3794
3795
3795
3796
3797
3799
3799
3801
3803
3803
3803
3804
3805
3806
3807
3809
3812
3812
3814
3814
3814
3815
3817
3820
3821
3821
3824
3827
3828
3828
3830
3830
3831
3832
3832
3833
3833
3835
3836
3841
3842
3842
3843
3845
3846
3846
3849
3851
3851
3854
3855
3858
3859
3862
3864
3864
3864
3864
3866
3866
3872
3873
3873
3873
3873
3874
3875
3875
3876
3877
3879
3881
3881
3881
3884
3884
3884
3884
3885
3886
3888
3889
3891
3892
3892
3894
3894
3895
3896
3898
3901
3901
3901
3902
3902
3903
3903
3904
3905
3905
3906
3913
3913
3914
3915
3915
3916
3917
3918
3919
3919
3921
3923
3925
3925
3928
3929
3929
3929
3931
3932
3932
3933
3934
3936
3938
3939
3940
3941
3941
3943
3943
3943
3943
3944
3946
3949
3950
3951
3953
3953
3953
3954
3954
3955
3956
3956
3956
3958
3961
3961
3962
3962
3963
3965
3965
3965
3965
3966
3966
3968
3969
3971
3971
3973
3974
3974
3975
3977
3978
3978
3979
3980
3981
3982
3984
3986
3986
3986
3986
3987
3988
3989
3994
3994
3996
3999
4001
4001
4002
4002
4003
4003
4004
4006
4007
4007
4009
4009
4009
4010
4012
4012
4013
4013
4013
4014
4017
4018
4021
4021
4021
4021
4022
4023
4023
4023
4023
4023
4023
4024
4025
4025
4025
4027
4029
4030
4031
4032
4032
4032
4034
4035
4035
4036
4036
4037
4039
4039
4040
4041
4043
4043
4044
4044
4044
4045
4048
4050
4050
4050
4050
4054
4054
4055
4056
4056
4056
4057
4061
4062
4062
4063
4065
4066
4066
4067
4068
4068
4070
4070
4074
4075
4076
4076
4077
4077
4078
4079
4079
4085
4085
4090
4091
4094
4095
4098
4099
4101
4102
4104
4105
4105
4105
4106
4106
4107
4107
4108
4111
4112
4112
4114
4116
4123
4124
4125
4126
4126
4127
4128
4128
4128
4132
4133
4133
4134
4134
4135
4136
4138
4138
4138
4140
4140
4141
4141
4142
4144
4145
4146
4146
4146
4149
4153
4153
4154
4155
4157
4158
4162
4166
4166
4169
4170
4171
4171
4171
4172
4174
4174
4175
4177
4181
4182
4183
4183
4184
4188
4188
4188
4190
4193
4194
4194
4195
4196
4196
4197
4201
4202
4203
4203
4206
4207
4209
4211
4211
4212
4214
4215
4215
4218
4219
4219
4219
4219
4220
4221
4222
4224
4224
4225
4227
4230
4231
4233
4235
4235
4237
4237
4237
4237
4238
4238
4238
4239
4239
4239
4240
4241
4242
4242
4245
4246
4248
4249
4256
4256
4258
4259
4260
4261
4262
4262
4262
4262
4262
4265
4266
4267
4270
4272
4272
4273
4274
4274
4274
4274
4275
4275
4276
4277
4277
4280
4280
4281
4281
4281
4282
4283
4284
4284
4285
4286
4288
4291
4294
4294
4295
4295
4301
4302
4304
4304
4305
4305
4305
4310
4310
4311
4313
4315
4317
4320
4320
4320
4321
4321
4322
4325
4326
4327
4328
4328
4329
4332
4332
4333
4335
4336
4336
4338
4339
4340
4340
4340
4341
4342
4342
4342
4344
4347
4347
4348
4351
4352
4352
4354
4355
4356
4356
4356
4367
4367
4367
4369
4369
4373
4376
4376
4376
4376
4379
4379
4380
4382
4384
4385
4385
4386
4389
4390
4390
4392
4394
4395
4396
4398
4398
4400
4402
4403
4404
4405
4408
4408
4410
4411
4415
4415
4418
4418
4419
4419
4419
4421
4423
4424
4424
4427
4430
4430
4430
4431
4433
4436
4436
4437
4438
4438
4438
4439
4445
4446
4448
4448
4448
4448
4450
4451
4452
4454
4456
4456
4457
4458
4459
4460
4460
4462
4462
4463
4464
4464
4465
4469
4470
4470
4471
4474
4475
4477
4479
4480
4481
4484
4489
4489
4490
4490
4490
4491
4491
4494
4494
4495
4495
4497
4498
4500
4500
4501
4501
4502
4503
4506
4508
4509
4510
4512
4513
4515
4517
4517
4517
4519
4519
4520
4522
4522
4525
4527
4527
4529
4529
4529
4530
4532
4533
4534
4534
4534
4534
4535
4535
4537
4537
4537
4539
4539
4542
4542
4547
4548
4548
4548
4548
4551
4552
4552
4553
4554
4557
4558
4558
4559
4559
4560
4562
4563
4564
4564
4567
4569
4570
4570
4572
4573
4575
4575
4577
4577
4577
4580
4580
4582
4582
4584
4586
4586
4587
4589
4592
4592
4595
4596
4599
4600
4601
4601
4604
4604
4605
4607
4607
4608
4609
4609
4609
4612
4613
4614
4616
4620
4622
4622
4623
4624
4626
4627
4627
4628
4629
4629
4631
4632
4633
4633
4634
4635
4640
4640
4642
4643
4644
4646
4647
4650
4651
4652
4652
4652
4652
4653
4654
4654
4655
4655
4655
4655
4656
4656
4657
4660
4661
4662
4662
4663
4663
4664
4666
4667
4667
4669
4669
4670
4671
4674
4674
4674
4675
4675
4675
4675
4676
4680
4680
4680
4680
4681
4681
4683
4684
4685
4686
4686
4688
4689
4691
4692
4694
4696
4696
4696
4697
4698
4698
4699
4700
4701
4703
4706
4706
4707
4707
4709
4710
4712
4713
4714
4714
4714
4718
4718
4719
4724
4726
4727
4732
4732
4734
4735
4735
4736
4737
4737
4738
4744
4745
4746
4747
4750
4751
4752
4752
4753
4753
4754
4757
4757
4758
4761
4762
4763
4766
4767
4769
4772
4772
4774
4774
4774
4775
4775
4776
4777
4777
4778
4780
4781
4782
4782
4782
4783
4785
4786
4787
4787
4788
4788
4789
4793
4796
4796
4797
4797
4798
4800
4803
4804
4806
4808
4809
4809
4812
4813
4813
4813
4814
4815
4815
4816
4817
4817
4818
4819
4820
4821
4821
4821
4821
4822
4822
4822
4823
4824
4827
4828
4829
4830
4831
4832
4833
4833
4834
4838
4839
4841
4844
4845
4846
4846
4847
4848
4851
4852
4853
4853
4855
4860
4862
4862
4862
4863
4864
4865
4867
4867
4868
4868
4870
4871
4871
4872
4873
4875
4876
4877
4878
4879
4880
4881
4882
4884
4891
4892
4893
4893
4894
4894
4896
4896
4896
4898
4898
4899
4899
4899
4901
4901
4902
4903
4904
4905
4905
4906
4907
4907
4909
4910
4910
4910
4913
4913
4913
4919
4920
4921
4921
4921
4921
4924
4926
4929
4931
4934
4935
4937
4938
4938
4938
4939
4942
4942
4942
4943
4943
4945
4946
4947
4947
4949
4949
4951
4951
4952
4952
4952
4952
4953
4955
4955
4955
4955
4957
4957
4958
4959
4961
4962
4962
4962
4963
4963
4964
4964
4967
4968
4972
4974
4977
4980
4980
4980
4982
4983
4988
4989
4990
4990
4991
4995
4996
4996
4996
4996
4997
5001
5001
5001
5002
5003
5006
5007
5007
5009
5010
5010
5010
5011
5012
5016
5016
5017
5018
5019
5019
5019
5020
5022
5023
5024
5024
5027
5034
5035
5035
5035
5037
5038
5039
5041
5042
5042
5044
5044
5045
5045
5046
5046
5048
5048
5050
5051
5051
5052
5053
5054
5054
5057
5058
5058
5058
5061
5062
5062
5062
5063
5064
5065
5069
5071
5072
5073
5076
5076
5078
5078
5079
5079
5079
5080
5080
5082
5085
5085
5086
5089
5089
5089
5095
5096
5097
5098
5099
5101
5102
5106
5108
5110
5112
5116
5117
5118
5119
5119
5119
5119
5123
5124
5126
5129
5129
5130
5130
5131
5134
5134
5135
5138
5138
5141
5141
5142
5142
5144
5146
5147
5150
5155
5157
5158
5158
5158
5160
5162
5164
5165
5166
5167
5168
5170
5172
5172
5173
5174
5174
5175
5177
5178
5179
5180
5181
5182
5182
5182
5183
5184
5185
5185
5187
5187
5188
5190
5191
5191
5192
5192
5192
5196
5197
5197
5200
5205
5205
5206
5207
5207
5208
5212
5213
5213
5213
5216
5218
5220
5221
5222
5224
5224
5225
5225
5227
5227
5228
5228
5229
5230
5230
5231
5231
5233
5234
5235
5236
5237
5238
5239
5240
5246
5247
5248
5250
5254
5254
5254
5254
5255
5257
5258
5259
5260
5261
5261
5262
5263
5263
5265
5265
5266
5266
5267
5267
5267
5270
5271
5271
5272
5273
5273
5274
5274
5275
5276
5276
5277
5278
5279
5281
5282
5282
5283
5284
5287
5287
5287
5287
5288
5289
5290
5293
5294
5294
5294
5295
5295
5295
5295
5296
5297
5297
5298
5298
5300
5302
5303
5303
5304
5305
5305
5305
5306
5308
5308
5308
5308
5309
5309
5312
5312
5313
5313
5314
5319
5319
5320
5320
5322
5325
5326
5326
5327
5329
5330
5331
5334
5334
5337
5337
5338
5342
5343
5343
5343
5344
5345
5347
5350
5351
5351
5352
5353
5353
5355
5356
5356
5356
5356
5357
5358
5358
5359
5360
5365
5366
5366
5366
5366
5368
5371
5372
5377
5379
5382
5382
5383
5384
5385
5388
5389
5389
5389
5390
5395
5395
5396
5396
5397
5398
5399
5400
5400
5401
5401
5404
5406
5407
5412
5412
5413
5415
5415
5416
5417
5419
5420
5420
5422
5423
5423
5423
5424
5424
5424
5425
5426
5426
5427
5427
5427
5428
5428
5432
5433
5433
5433
5433
5434
5435
5436
5438
5439
5440
5442
5443
5444
5444
5445
5448
5448
5451
5451
5452
5452
5453
5456
5456
5457
5458
5458
5458
5460
5463
5464
5464
5465
5467
5467
5468
5470
5471
5472
5472
5473
5474
5477
5480
5480
5481
5484
5487
5487
5488
5488
5489
5489
5492
5496
5496
5497
5497
5498
5500
5501
5501
5503
5504
5505
5507
5508
5509
5510
5511
5515
5517
5519
5519
5520
5521
5523
5527
5527
5527
5530
5531
5532
5536
5537
5537
5537
5539
5539
5545
5551
5551
5551
5552
5553
5554
5554
5554
5554
5556
5557
5559
5561
5562
5562
5562
5563
5563
5565
5566
5568
5569
5570
5570
5570
5571
5573
5574
5575
5575
5577
5578
5579
5579
5580
5580
5581
5582
5583
5583
5585
5585
5586
5587
5590
5590
5592
5595
5595
5596
5597
5597
5600
5604
5604
5605
5606
5607
5609
5610
5610
5611
5612
5612
5615
5618
5621
5622
5623
5626
5630
5632
5633
5636
5639
5639
5642
5644
5645
5647
5647
5647
5648
5648
5648
5650
5651
5653
5654
5655
5655
5656
5659
5660
5661
5665
5666
5667
5668
5669
5670
5671
5672
5673
5673
5673
5673
5674
5675
5677
5678
5679
5680
5681
5682
5683
5684
5686
5686
5688
5691
5693
5693
5695
5697
5699
5699
5699
5700
5701
5703
5703
5703
5704
5704
5708
5708
5712
5712
5716
5716
5717
5717
5718
5719
5720
5723
5725
5726
5727
5727
5728
5730
5730
5731
5735
5736
5737
5737
5739
5739
5739
5739
5739
5744
5745
5747
5747
5748
5750
5750
5750
5750
5751
5752
5753
5754
5754
5755
5756
5756
5759
5762
5762
5763
5763
5764
5765
5765
5770
5770
5772
5774
5775
5776
5779
5780
5783
5784
5784
5787
5789
5791
5794
5794
5796
5797
5797
5798
5801
5803
5804
5804
5804
5804
5804
5806
5808
5808
5810
5810
5811
5811
5812
5813
5814
5814
5814
5816
5817
5820
5821
5821
5825
5827
5828
5829
5829
5831
5834
5836
5836
5836
5837
5838
5838
5839
5840
5840
5840
5841
5841
5842
5848
5848
5848
5850
5851
5852
5853
5854
5856
5856
5858
5858
5859
5863
5864
5865
5866
5868
5869
5869
5872
5873
5873
5873
5875
5875
5878
5878
5880
5882
5882
5884
5884
5884
5886
5888
5889
5889
5890
5890
5890
5893
5894
5894
5894
5894
5895
5896
5897
5898
5899
5900
5900
5902
5903
5904
5906
5907
5910
5912
5913
5915
5915
5916
5916
5916
5916
5917
5918
5918
5919
5919
5922
5922
5925
5926
5929
5931
5932
5933
5933
5933
5936
5940
5941
5942
5943
5944
5945
5945
5947
5948
5949
5952
5956
5957
5958
5958
5959
5960
5961
5961
5962
5962
5964
5964
5966
5967
5968
5968
5969
5971
5971
5972
5972
5972
5973
5977
5978
5980
5981
5982
5983
5984
5985
5985
5985
5986
5987
5989
5991
5992
5992
5992
5994
5995
5996
5996
5998
5998
6001
6001
6002
6002
6003
6004
6006
6007
6008
6009
6010
6010
6012
6014
6014
6014
6014
6017
6017
6018
6019
6019
6021
6022
6025
6025
6025
6027
6029
6029
6030
6031
6033
6034
6035
6038
6038
6040
6041
6042
6042
6043
6043
6043
6044
6044
6045
6046
6048
6048
6048
6048
6049
6050
6050
6051
6052
6052
6054
6055
6056
6057
6058
6058
6059
6061
6062
6062
6062
6064
6065
6066
6071
6072
6073
6073
6073
6074
6075
6077
6078
6078
6081
6082
6082
6082
6083
6083
6084
6084
6085
6087
6087
6087
6087
6088
6089
6089
6091
6092
6093
6094
6095
6096
6098
6100
6100
6102
6103
6103
6103
6104
6107
6108
6109
6111
6111
6116
6119
6120
6120
6121
6123
6124
6124
6125
6126
6126
6128
6128
6128
6129
6129
6129
6130
6131
6133
6133
6135
6136
6138
6138
6140
6141
6141
6142
6142
6142
6143
6144
6144
6145
6146
6151
6151
6153
6153
6154
6155
6155
6156
6157
6159
6159
6160
6161
6161
6161
6164
6164
6164
6165
6165
6166
6166
6167
6169
6173
6174
6176
6177
6178
6179
6179
6180
6180
6182
6183
6183
6185
6185
6186
6186
6187
6187
6188
6189
6190
6191
6194
6195
6196
6197
6199
6199
6200
6201
6202
6202
6206
6207
6207
6208
6209
6211
6211
6213
6215
6215
6216
6216
6218
6218
6219
6221
6222
6224
6225
6226
6226
6226
6226
6228
6230
6231
6231
6233
6235
6235
6237
6238
6241
6241
6242
6242
6242
6243
6243
6245
6246
6246
6247
6247
6248
6254
6255
6255
6258
6260
6260
6260
6261
6263
6267
6268
6269
6270
6271
6273
6274
6276
6277
6277
6279
6281
6285
6286
6286
6286
6286
6287
6288
6288
6288
6289
6290
6290
6290
6291
6292
6294
6294
6295
6295
6295
6295
6297
6297
6299
6299
6300
6300
6303
6306
6309
6310
6311
6313
6315
6315
6315
6315
6316
6316
6316
6317
6318
6319
6319
6322
6323
6325
6325
6325
6327
6328
6328
6330
6334
6335
6335
6335
6337
6338
6339
6340
6340
6343
6343
6343
6344
6344
6345
6345
6345
6346
6346
6346
6348
6349
6350
6352
6352
6352
6354
6356
6357
6360
6360
6362
6366
6366
6366
6366
6366
6367
6368
6370
6371
6371
6371
6374
6374
6374
6374
6375
6377
6377
6379
6380
6380
6383
6385
6388
6389
6390
6391
6392
6392
6393
6395
6396
6396
6396
6397
6397
6397
6402
6409
6409
6409
6410
6410
6410
6411
6412
6412
6412
6415
6417
6418
6418
6420
6421
6422
6422
6422
6423
6423
6423
6425
6425
6427
6430
6430
6431
6432
6432
6433
6434
6436
6437
6438
6439
6440
6441
6445
6446
6446
6451
6452
6454
6454
6455
6457
6457
6459
6461
6461
6462
6462
6463
6463
6464
6465
6467
6470
6472
6474
6475
6476
6478
6480
6482
6483
6485
6490
6492
6492
6495
6495
6496
6496
6497
6500
6502
6503
6505
6506
6507
6510
6516
6516
6517
6517
6517
6518
6518
6521
6522
6522
6529
6529
6530
6532
6532
6532
6534
6536
6536
6537
6539
6542
6545
6546
6546
6546
6547
6548
6549
6549
6550
6550
6552
6553
6554
6555
6555
6556
6558
6559
6560
6560
6560
6561
6562
6562
6562
6563
6568
6568
6568
6569
6573
6573
6575
6576
6576
6576
6576
6576
6579
6583
6583
6584
6584
6585
6586
6587
6587
6588
6592
6593
6594
6596
6597
6598
6598
6599
6599
6600
6602
6602
6602
6603
6605
6610
6611
6611
6613
6616
6618
6618
6618
6619
6619
6622
6626
6627
6629
6629
6629
6629
6632
6633
6633
6634
6636
6637
6638
6641
6641
6641
6641
6643
6643
6643
6644
6645
6645
6646
6647
6651
6652
6653
6655
6655
6657
6658
6662
6662
6662
6666
6666
6667
6667
6667
6668
6669
6669
6670
6670
6673
6674
6675
6677
6680
6683
6683
6683
6684
6684
6684
6685
6686
6686
6688
6691
6694
6697
6698
6698
6698
6699
6699
6700
6701
6701
6706
6707
6708
6708
6709
6711
6711
6712
6712
6712
6712
6713
6714
6716
6716
6717
6718
6720
6720
6721
6723
6723
6724
6725
6726
6728
6728
6729
6731
6733
6733
6734
6735
6735
6737
6739
6741
6741
6742
6742
6743
6743
6749
6750
6751
6752
6753
6754
6756
6757
6759
6760
6762
6764
6765
6768
6769
6770
6770
6770
6772
6773
6773
6773
6774
6777
6778
6781
6782
6783
6784
6784
6785
6786
6787
6787
6789
6789
6790
6791
6792
6795
6797
6799
6802
6806
6807
6807
6808
6808
6809
6810
6810
6815
6816
6817
6817
6818
6820
6823
6824
6825
6825
6825
6826
6827
6827
6827
6828
6829
6832
6832
6833
6834
6835
6836
6836
6836
6836
6837
6838
6838
6838
6838
6839
6839
6839
6840
6840
6841
6844
6845
6846
6847
6848
6848
6848
6848
6848
6849
6850
6850
6851
6855
6858
6858
6859
6863
6866
6867
6867
6867
6868
6870
6870
6874
6875
6876
6881
6881
6883
6883
6885
6888
6888
6889
6889
6889
6894
6895
6895
6896
6897
6897
6898
6900
6902
6903
6903
6904
6907
6907
6910
6911
6913
6914
6915
6919
6920
6920
6921
6924
6925
6925
6926
6927
6927
6927
6929
6929
6930
6932
6933
6934
6935
6935
6936
6937
6937
6938
6938
6938
6939
6940
6941
6944
6946
6946
6949
6949
6949
6949
6950
6950
6951
6951
6952
6954
6954
6954
6957
6957
6958
6960
6960
6961
6961
6963
6966
6967
6968
6968
6968
6969
6969
6970
6970
6970
6971
6971
6971
6971
6971
6973
6973
6973
6974
6974
6975
6977
6977
6978
6979
6979
6980
6980
6984
6984
6985
6987
6990
6990
6992
7001
7001
7001
7005
7006
7007
7008
7009
7009
7012
7012
7012
7015
7018
7019
7019
7020
7022
7023
7024
7025
7026
7028
7028
7030
7030
7031
7031
7031
7032
7032
7034
7036
7036
7036
7038
7038
7043
7043
7044
7044
7044
7044
7047
7047
7047
7052
7052
7055
7055
7056
7056
7056
7057
7060
7061
7062
7062
7064
7064
7064
7065
7066
7072
7073
7073
7074
7074
7074
7076
7077
7077
7077
7078
7080
7080
7083
7083
7085
7087
7088
7091
7092
7093
7093
7094
7097
7097
7097
7099
7102
7103
7104
7106
7107
7108
7110
7112
7113
7114
7114
7115
7115
7117
7118
7119
7119
7122
7125
7125
7126
7127
7127
7131
7132
7132
7132
7134
7136
7138
7138
7139
7142
7144
7145
7145
7147
7149
7151
7151
7152
7154
7155
7156
7156
7157
7158
7158
7158
7158
7159
7160
7160
7161
7161
7162
7164
7164
7165
7165
7165
7165
7167
7168
7171
7171
7172
7175
7175
7176
7177
7178
7178
7179
7180
7181
7182
7183
7183
7183
7188
7189
7190
7191
7193
7195
7195
7195
7196
7196
7198
7198
7200
7202
7204
7204
7204
7204
7207
7208
7209
7210
7213
7213
7214
7215
7215
7216
7216
7216
7217
7218
7218
7218
7219
7220
7221
7221
7226
7226
7227
7227
7228
7229
7229
7229
7231
7232
7233
7233
7234
7235
7235
7235
7237
7238
7238
7241
7243
7247
7247
7249
7250
7250
7257
7258
7259
7259
7260
7261
7265
7267
7268
7271
7272
7273
7273
7276
7277
7277
7278
7281
7284
7284
7285
7286
7287
7289
7301
7302
7303
7303
7303
7304
7306
7308
7309
7312
7314
7314
7317
7318
7320
7320
7321
7325
7325
7327
7331
7332
7339
7340
7341
7341
7343
7343
7343
7343
7344
7344
7345
7346
7347
7348
7353
7356
7357
7358
7359
7359
7359
7360
7360
7361
7361
7363
7364
7364
7364
7364
7365
7365
7366
7367
7367
7368
7369
7369
7371
7375
7375
7376
7376
7377
7378
7379
7380
7380
7381
7385
7387
7388
7389
7390
7391
7392
7393
7394
7395
7395
7395
7396
7400
7404
7405
7405
7406
7406
7408
7410
7412
7413
7413
7413
7414
7414
7419
7419
7419
7420
7422
7425
7426
7426
7428
7429
7429
7429
7429
7437
7438
7439
7444
7445
7446
7449
7449
7450
7451
7451
7451
7452
7453
7454
7455
7456
7456
7457
7457
7457
7459
7460
7462
7462
7463
7464
7464
7464
7466
7466
7468
7468
7469
7469
7472
7476
7476
7476
7478
7479
7480
7481
7481
7485
7485
7487
7487
7491
7491
7492
7494
7494
7495
7496
7498
7499
7503
7504
7506
7507
7508
7509
7509
7510
7511
7511
7511
7512
7514
7514
7515
7515
7517
7519
7522
7522
7523
7523
7523
7523
7524
7525
7526
7528
7529
7529
7531
7531
7532
7533
7534
7534
7537
7538
7538
7539
7540
7541
7541
7542
7542
7543
7543
7544
7544
7544
7546
7549
7550
7553
7553
7554
7558
7559
7559
7559
7559
7560
7561
7561
7561
7562
7565
7565
7566
7566
7567
7568
7569
7570
7570
7570
7571
7571
7571
7572
7574
7577
7577
7578
7579
7581
7583
7584
7587
7587
7587
7589
7589
7590
7591
7592
7592
7593
7594
7597
7598
7598
7598
7599
7599
7602
7607
7608
7609
7609
7610
7612
7612
7612
7612
7613
7613
7613
7614
7614
7616
7617
7618
7618
7618
7619
7620
7621
7622
7627
7628
7630
7631
7632
7632
7635
7635
7638
7640
7642
7642
7642
7648
7650
7651
7651
7652
7653
7653
7656
7658
7661
7666
7667
7668
7668
7669
7669
7669
7669
7673
7675
7678
7678
7678
7678
7679
7680
7682
7683
7683
7685
7685
7687
7687
7687
7688
7688
7690
7691
7691
7693
7693
7694
7695
7698
7699
7702
7702
7703
7704
7707
7707
7708
7709
7709
7710
7710
7711
7711
7712
7713
7715
7715
7716
7717
7719
7724
7726
7726
7729
7729
7729
7730
7730
7731
7731
7732
7732
7734
7735
7739
7740
7740
7740
7743
7744
7745
7747
7747
7749
7749
7753
7753
7753
7754
7755
7756
7756
7757
7757
7758
7760
7762
7763
7764
7764
7767
7767
7767
7768
7769
7770
7770
7770
7770
7771
7772
7773
7773
7773
7774
7774
7780
7780
7781
7783
7785
7789
7790
7790
7791
7791
7791
7792
7792
7792
7794
7796
7796
7798
7798
7798
7799
7801
7801
7801
7802
7806
7807
7807
7808
7808
7808
7809
7813
7814
7815
7816
7816
7817
7821
7821
7824
7824
7826
7827
7827
7828
7828
7829
7831
7831
7831
7832
7833
7835
7836
7836
7839
7840
7840
7842
7842
7844
7844
7846
7847
7848
7849
7849
7850
7852
7852
7853
7854
7856
7856
7856
7856
7858
7860
7860
7861
7862
7863
7865
7866
7867
7867
7868
7868
7869
7869
7870
7871
7871
7872
7873
7877
7877
7878
7878
7881
7882
7882
7883
7884
7884
7885
7885
7886
7888
7889
7889
7890
7891
7896
7897
7898
7900
7901
7902
7903
7904
7906
7908
7911
7911
7913
7914
7914
7914
7916
7916
7917
7918
7920
7920
7921
7921
7923
7924
7926
7927
7931
7932
7933
7933
7934
7935
7935
7935
7936
7936
7938
7938
7938
7938
7941
7942
7947
7947
7947
7948
7948
7948
7950
7951
7952
7952
7953
7953
7954
7955
7957
7961
7966
7967
7967
7970
7972
7973
7975
7982
7982
7983
7984
7984
7985
7986
7990
7990
7991
7993
7994
7994
7995
7996
7996
7997
7998
8001
8001
8004
8004
8007
8007
8008
8010
8013
8013
8014
8014
8015
8018
8020
8021
8023
8023
8025
8028
8030
8030
8032
8032
8033
8036
8038
8039
8039
8039
8040
8041
8042
8045
8046
8046
8047
8049
8050
8050
8050
8051
8051
8051
8052
8053
8053
8053
8055
8057
8057
8058
8058
8059
8059
8060
8061
8061
8062
8063
8065
8066
8066
8068
8068
8069
8069
8072
8072
8073
8073
8075
8076
8077
8079
8079
8081
8081
8082
8083
8084
8085
8086
8087
8087
8088
8089
8090
8090
8092
8092
8093
8098
8099
8100
8102
8104
8105
8107
8107
8107
8107
8109
8112
8113
8113
8113
8114
8116
8117
8117
8119
8119
8120
8121
8122
8122
8122
8125
8127
8128
8131
8131
8131
8131
8132
8133
8133
8134
8135
8136
8136
8137
8138
8139
8140
8141
8142
8142
8144
8151
8153
8153
8153
8159
8159
8159
8161
8163
8164
8164
8169
8171
8171
8171
8172
8172
8173
8174
8174
8176
8177
8177
8178
8178
8178
8178
8178
8178
8179
8180
8182
8182
8183
8183
8184
8184
8190
8192
8192
8194
8195
8195
8196
8197
8200
8201
8201
8207
8208
8209
8210
8210
8211
8211
8212
8213
8218
8219
8219
8219
8219
8220
8220
8220
8221
8223
8225
8226
8227
8227
8229
8230
8230
8232
8232
8234
8234
8236
8237
8237
8240
8240
8242
8242
8244
8245
8245
8246
8246
8247
8250
8253
8253
8253
8254
8254
8254
8255
8256
8256
8256
8257
8257
8259
8260
8260
8262
8262
8262
8264
8267
8268
8269
8269
8270
8271
8272
8272
8272
8273
8274
8276
8277
8277
8278
8279
8281
8281
8282
8282
8283
8284
8285
8287
8287
8289
8292
8294
8294
8294
8295
8296
8296
8297
8298
8298
8301
8302
8303
8304
8305
8305
8307
8307
8307
8309
8310
8310
8311
8313
8314
8316
8317
8317
8318
8318
8321
8322
8323
8325
8325
8326
8326
8327
8327
8328
8328
8328
8328
8330
8330
8332
8333
8334
8335
8336
8336
8337
8338
8338
8340
8343
8344
8345
8345
8345
8346
8346
8346
8348
8349
8351
8352
8353
8354
8355
8357
8357
8360
8361
8361
8361
8365
8365
8365
8370
8373
8373
8374
8375
8375
8376
8376
8376
8377
8377
8377
8377
8380
8384
8386
8387
8387
8387
8387
8389
8390
8390
8392
8393
8393
8393
8393
8394
8395
8398
8399
8400
8401
8401
8405
8405
8406
8406
8407
8407
8408
8408
8409
8411
8412
8413
8413
8415
8415
8416
8417
8418
8418
8418
8419
8422
8423
8424
8425
8426
8429
8429
8430
8432
8433
8434
8437
8437
8438
8439
8440
8442
8443
8443
8445
8445
8445
8449
8450
8453
8453
8455
8455
8455
8455
8455
8456
8457
8459
8460
8462
8462
8467
8468
8469
8470
8471
8472
8472
8474
8474
8475
8476
8477
8480
8480
8480
8481
8481
8482
8483
8484
8484
8484
8486
8487
8487
8488
8488
8489
8489
8491
8492
8492
8492
8495
8496
8497
8497
8497
8498
8499
8501
8504
8504
8505
8506
8507
8510
8510
8510
8510
8512
8512
8512
8513
8515
8516
8517
8517
8518
8520
8520
8521
8522
8524
8525
8526
8526
8527
8527
8528
8529
8530
8531
8532
8535
8535
8536
8538
8539
8539
8539
8539
8540
8542
8543
8544
8545
8547
8547
8547
8547
8549
8550
8551
8553
8555
8557
8557
8557
8559
8561
8562
8565
8567
8568
8571
8573
8573
8573
8575
8576
8576
8577
8577
8578
8579
8580
8581
8584
8585
8587
8588
8589
8589
8590
8593
8594
8594
8595
8595
8596
8597
8598
8599
8600
8600
8600
8601
8601
8603
8603
8603
8603
8604
8605
8607
8607
8609
8610
8613
8614
8616
8617
8617
8618
8618
8619
8624
8624
8624
8625
8626
8626
8629
8631
8631
8631
8633
8633
8633
8634
8634
8635
8635
8635
8636
8637
8637
8637
8640
8643
8643
8643
8644
8644
8644
8645
8647
8647
8648
8649
8650
8650
8652
8654
8657
8659
8660
8661
8661
8663
8663
8663
8664
8664
8668
8671
8673
8673
8674
8676
8678
8679
8679
8680
8681
8682
8683
8683
8683
8686
8686
8688
8689
8691
8693
8693
8696
8696
8699
8699
8699
8701
8701
8702
8702
8704
8706
8706
8709
8710
8710
8711
8711
8714
8715
8715
8719
8721
8721
8724
8725
8725
8726
8729
8730
8730
8732
8733
8734
8736
8737
8739
8739
8740
8742
8742
8744
8744
8745
8745
8745
8746
8747
8748
8751
8754
8754
8755
8756
8757
8758
8759
8760
8761
8761
8766
8766
8767
8767
8768
8769
8771
8771
8772
8773
8773
8774
8775
8776
8776
8779
8780
8782
8783
8783
8786
8786
8787
8789
8789
8791
8791
8793
8797
8798
8800
8801
8801
8801
8801
8803
8803
8804
8805
8805
8810
8810
8815
8818
8820
8820
8821
8823
8823
8824
8826
8826
8826
8830
8831
8831
8831
8832
8832
8833
8833
8834
8834
8836
8838
8838
8840
8841
8843
8843
8843
8844
8844
8845
8845
8845
8846
8846
8847
8847
8847
8847
8847
8847
8848
8849
8850
8852
8852
8852
8854
8854
8854
8855
8856
8857
8860
8860
8862
8863
8863
8866
8866
8867
8868
8868
8871
8871
8874
8874
8874
8877
8878
8879
8879
8880
8882
8885
8888
8888
8889
8890
8890
8891
8891
8891
8891
8892
8893
8895
8895
8895
8896
8897
8901
8902
8903
8903
8903
8904
8906
8907
8908
8908
8909
8910
8910
8911
8912
8914
8914
8914
8915
8917
8919
8919
8921
8922
8922
8922
8924
8924
8924
8924
8925
8927
8927
8927
8927
8927
8929
8930
8930
8931
8931
8934
8934
8936
8936
8938
8939
8940
8945
8945
8946
8947
8951
8954
8957
8959
8960
8960
8962
8962
8963
8965
8967
8967
8969
8969
8973
8975
8977
8977
8982
8983
8983
8984
8985
8985
8986
8987
8989
8990
8990
8992
8996
8996
8996
8997
8997
8998
8999
9000
9000
9000
9001
9001
9002
9002
9002
9004
9005
9005
9005
9008
9011
9013
9013
9017
9019
9020
9023
9024
9024
9027
9028
9031
9033
9034
9041
9042
9043
9044
9046
9046
9047
9047
9049
9050
9050
9050
9050
9051
9051
9051
9053
9053
9055
9056
9056
9057
9057
9058
9058
9059
9060
9060
9060
9061
9062
9062
9063
9065
9066
9068
9069
9069
9072
9073
9075
9075
9076
9077
9078
9082
9082
9082
9083
9085
9087
9089
9091
9091
9091
9092
9092
9095
9095
9095
9096
9096
9098
9099
9099
9101
9101
9102
9102
9103
9104
9104
9107
9108
9108
9109
9110
9112
9114
9115
9116
9117
9118
9120
9121
9122
9123
9128
9129
9129
9129
9130
9131
9131
9134
9134
9134
9135
9135
9136
9137
9137
9138
9139
9140
9140
9141
9142
9142
9143
9147
9149
9149
9149
9150
9151
9152
9153
9153
9153
9154
9156
9156
9157
9160
9160
9160
9162
9162
9163
9163
9166
9168
9169
9169
9171
9171
9173
9173
9175
9175
9176
9176
9177
9180
9181
9183
9183
9184
9185
9185
9186
9186
9187
9187
9189
9189
9190
9190
9190
9191
9192
9192
9196
9196
9198
9198
9198
9202
9203
9203
9204
9204
9206
9207
9207
9209
9211
9212
9212
9213
9213
9213
9214
9214
9215
9216
9216
9217
9217
9217
9219
9221
9222
9224
9224
9226
9227
9229
9230
9234
9234
9234
9234
9237
9237
9238
9241
9241
9243
9243
9244
9245
9247
9250
9253
9254
9258
9258
9259
9261
9262
9262
9268
9269
9269
9271
9272
9272
9273
9274
9275
9276
9277
9278
9278
9279
9280
9283
9285
9288
9290
9290
9291
9294
9300
9300
9306
9309
9310
9312
9313
9314
9315
9316
9316
9316
9318
9319
9319
9320
9320
9320
9323
9323
9325
9325
9325
9326
9328
9329
9331
9331
9333
9337
9337
9339
9342
9342
9346
9348
9349
9349
9350
9352
9353
9353
9354
9356
9359
9359
9360
9360
9361
9361
9361
9362
9364
9364
9367
9368
9369
9369
9370
9373
9375
9376
9377
9378
9379
9382
9383
9384
9385
9387
9387
9388
9389
9389
9390
9390
9391
9391
9392
9397
9398
9399
9399
9402
9403
9405
9406
9406
9409
9410
9412
9413
9413
9414
9414
9416
9417
9419
9419
9421
9421
9424
9424
9425
9426
9428
9429
9429
9429
9430
9432
9432
9432
9434
9434
9434
9435
9435
9436
9436
9437
9440
9442
9442
9443
9446
9446
9449
9449
9451
9452
9452
9452
9452
9453
9453
9456
9456
9456
9458
9460
9460
9461
9462
9462
9464
9465
9465
9466
9467
9468
9468
9471
9472
9472
9474
9474
9474
9476
9477
9478
9478
9479
9486
9486
9489
9491
9492
9492
9493
9495
9500
9500
9501
9501
9503
9503
9504
9505
9506
9508
9510
9514
9514
9515
9516
9516
9517
9518
9520
9521
9522
9524
9525
9526
9526
9527
9530
9530
9531
9532
9532
9533
9534
9534
9537
9537
9537
9538
9539
9540
9542
9543
9547
9547
9549
9549
9550
9550
9551
9552
9553
9555
9555
9556
9556
9557
9558
9559
9559
9560
9560
9560
9562
9564
9565
9567
9567
9570
9570
9570
9570
9572
9572
9574
9576
9577
9577
9578
9578
9578
9578
9580
9582
9585
9587
9587
9589
9589
9589
9590
9590
9595
9596
9597
9598
9600
9601
9603
9603
9604
9604
9606
9607
9607
9611
9615
9615
9617
9617
9619
9621
9622
9626
9627
9627
9628
9628
9629
9629
9629
9629
9631
9631
9634
9635
9637
9637
9638
9638
9638
9638
9639
9640
9641
9643
9646
9646
9647
9648
9649
9649
9649
9653
9654
9654
9655
9656
9657
9658
9658
9659
9659
9661
9667
9669
9672
9673
9675
9675
9677
9678
9679
9681
9681
9684
9687
9687
9688
9688
9690
9692
9693
9694
9694
9695
9696
9696
9697
9698
9698
9698
9699
9700
9702
9702
9704
9705
9707
9707
9709
9709
9711
9713
9713
9715
9716
9716
9716
9716
9717
9717
9719
9719
9720
9722
9723
9724
9724
9727
9728
9729
9729
9729
9729
9730
9730
9733
9733
9733
9735
9736
9738
9738
9741
9742
9743
9744
9745
9747
9747
9748
9748
9748
9749
9749
9751
9755
9756
9757
9757
9758
9759
9759
9762
9763
9763
9767
9767
9768
9772
9772
9772
9772
9773
9773
9778
9778
9780
9780
9781
9783
9783
9784
9784
9784
9786
9786
9787
9788
9790
9791
9793
9793
9794
9794
9795
9795
9795
9795
9796
9797
9798
9800
9803
9804
9807
9807
9807
9808
9809
9812
9812
9813
9814
9815
9816
9817
9818
9818
9820
9820
9822
9823
9825
9829
9829
9829
9830
9830
9832
9832
9832
9833
9833
9835
9835
9837
9837
9837
9839
9841
9842
9842
9845
9846
9846
9847
9848
9849
9850
9851
9851
9851
9854
9855
9857
9859
9860
9862
9863
9863
9865
9865
9866
9868
9868
9871
9873
9875
9875
9876
9877
9877
9878
9878
9880
9881
9882
9882
9882
9883
9887
9887
9888
9888
9888
9889
9891
9892
9892
9892
9893
9893
9895
9896
9896
9898
9898
9900
9900
9901
9902
9902
9903
9905
9906
9909
9911
9912
9914
9915
9916
9918
9919
9919
9921
9922
9924
9925
9927
9927
9929
9930
9930
9932
9933
9934
9935
9936
9936
9937
9937
9938
9938
9939
9941
9941
9943
9944
9947
9947
9948
9950
9950
9951
9952
9952
9953
9955
9956
9956
9957
9959
9959
9960
9960
9961
9962
9964
9964
9965
9965
9966
9968
9969
9969
9971
9972
9974
9976
9977
9977
9978
9979
9980
9981
9982
9982
9983
9983
9984
9984
9986
9987
9989
9990
9991
9992
9992
9993
9994
9995
9999
9999
