4
11
11
15
17
21
21
24
34
44
65
89
90
92
93
102
106
114
118
120
123
135
153
156
156
164
187
189
194
211
226
239
240
254
260
265
272
284
288
297
301
308
316
317
326
333
337
346
352
366
368
405
430
435
438
441
447
451
462
469
470
481
484
493
494
508
513
513
522
523
528
532
541
554
555
556
565
584
584
588
593
619
622
633
634
650
653
655
691
697
710
719
721
726
727
731
732
748
759
768
777
829
833
836
847
848
858
863
869
886
887
888
888
907
917
929
929
931
939
940
945
957
962
968
1008
1059
1069
1076
1129
1136
1144
1159
1174
1185
1193
1197
1200
1205
1217
1220
1224
1247
1248
1252
1259
1263
1266
1279
1293
1293
1302
1306
1309
1309
1318
1327
1332
1346
1346
1372
1378
1378
1382
1391
1402
1405
1416
1428
1434
1436
1444
1446
1446
1451
1455
1458
1479
1479
1483
1485
1489
1505
1530
1536
1537
1539
1541
1545
1551
1557
1571
1577
1580
1586
1595
1596
1596
1598
1612
1640
1647
1648
1649
1663
1667
1674
1681
1701
1710
1724
1727
1735
1744
1751
1795
1801
1813
1818
1822
1824
1825
1856
1858
1861
1867
1878
1887
1896
1905
1923
1937
1944
1996
2009
2016
2022
2040
2048
2076
2081
2082
2082
2087
2093
2118
2122
2134
2140
2145
2154
2199
2202
2205
2207
2218
2221
2243
2262
2272
2274
2277
2281
2310
2328
2335
2338
2341
2357
2360
2380
2382
2389
2393
2394
2403
2411
2422
2427
2434
2447
2454
2457
2461
2469
2471
2477
2477
2479
2481
2483
2495
2498
2509
2514
2531
2533
2549
2560
2560
2567
2569
2569
2570
2587
2612
2625
2632
2633
2634
2636
2644
2665
2665
2670
2671
2679
2683
2685
2691
2700
2715
2722
2724
2751
2761
2765
2773
2773
2780
2784
2814
2817
2819
2852
2858
2862
2886
2891
2903
2906
2909
2923
2937
2939
2948
2951
2951
2958
2973
2980
2981
2982
3017
3018
3021
3051
3062
3063
3067
3076
3089
3094
3135
3168
3184
3191
3195
3199
3201
3206
3210
3212
3222
3228
3233
3236
3237
3255
3284
3289
3289
3291
3331
3339
3350
3352
3361
3366
3374
3382
3392
3397
3398
3411
3416
3444
3466
3506
3517
3524
3531
3531
3545
3555
3570
3570
3581
3586
3589
3590
3595
3595
3618
3622
3630
3633
3647
3647
3659
3693
3699
3700
3704
3708
3709
3732
3733
3752
3753
3757
3783
3788
3795
3799
3799
3803
3803
3805
3814
3842
3855
3864
3866
3898
3921
3929
3932
3936
3939
3941
3941
3949
3953
3958
3965
3971
3994
3994
4003
4012
4031
4036
4039
4044
4045
4056
4078
4085
4098
4099
4102
4105
4106
4106
4133
4134
4134
4171
4182
4219
4221
4222
4233
4242
4249
4262
4262
4273
4284
4302
4304
4304
4305
4313
4321
4332
4332
4390
4396
4408
4419
4427
4430
4456
4470
4512
4513
4529
4530
4535
4537
4547
4558
4575
4595
4596
4600
4604
4616
4632
4669
4675
4681
4684
4694
4714
4727
4736
4737
4738
4753
4774
4775
4775
4788
4808
4822
4839
4846
4852
4853
4865
4867
4871
4896
4899
4907
4921
4929
4943
4951
4951
4961
5010
5020
5053
5061
5062
5071
5078
5080
5089
5089
5126
5134
5150
5164
5166
5179
5182
5182
5185
5197
5206
5235
5237
5287
5288
5303
5308
5309
5334
5334
5379
5420
5423
5424
5436
5487
5501
5523
5532
5551
5557
5562
5590
5597
5605
5607
5609
5611
5639
5639
5644
5651
5655
5655
5679
5695
5700
5701
5739
5748
5750
5808
5836
5852
5854
5886
5894
5907
5910
5912
5945
5952
5956
5957
5986
5998
6001
6006
6025
6043
6050
6051
6059
6074
6103
6119
6129
6141
6145
6151
6166
6167
6185
6189
6201
6207
6213
6226
6226
6245
6255
6269
6291
6295
6299
6316
6330
6343
6345
6352
6356
6366
6371
6389
6390
6393
6410
6411
6425
6457
6463
6476
6496
6502
6521
6549
6550
6553
6576
6599
6600
6637
6641
6651
6658
6667
6673
6677
6721
6781
6783
6784
6795
6839
6840
6846
6848
6859
6867
6870
6889
6897
6902
6907
6920
6938
6946
6951
6960
6961
6966
7001
7005
7007
7020
7022
7056
7056
7076
7077
7077
7119
7152
7156
7158
7161
7168
7175
7181
7196
7204
7213
7221
7231
7238
7238
7250
7267
7317
7320
7348
7356
7361
7364
7366
7379
7390
7393
7413
7414
7457
7464
7481
7491
7492
7523
7534
7538
7541
7544
7561
7571
7574
7579
7581
7590
7613
7614
7619
7622
7630
7635
7666
7679
7690
7695
7702
7703
7712
7735
7745
7753
7755
7771
7772
7773
7807
7807
7814
7816
7836
7856
7883
7914
7935
7936
7938
7938
7938
7970
7975
7982
7996
8025
8028
8053
8065
8073
8085
8088
8099
8107
8109
8120
8122
8131
8137
8178
8208
8210
8219
8219
8232
8237
8256
8257
8272
8294
8301
8305
8307
8310
8316
8323
8328
8333
8354
8361
8390
8406
8417
8425
8430
8437
8449
8467
8475
8480
8483
8491
8499
8505
8526
8531
8547
8568
8578
8585
8607
8618
8626
8634
8640
8643
8644
8661
8679
8706
8709
8730
8733
8745
8754
8768
8771
8774
8779
8782
8801
8834
8845
8847
8854
8877
8878
8879
8896
8897
8934
8962
8967
8967
8992
9000
9002
9005
9008
9020
9060
9063
9077
9083
9095
9095
9096
9098
9099
9101
9102
9108
9108
9117
9129
9134
9137
9149
9163
9163
9168
9171
9192
9271
9272
9285
9306
9310
9316
9316
9319
9348
9367
9373
9390
9403
9405
9429
9432
9434
9495
9515
9518
9522
9539
9550
9552
9556
9565
9567
9570
9578
9590
9600
9604
9604
9619
9629
9646
9673
9681
9684
9687
9696
9719
9729
9733
9736
9747
9748
9755
9757
9772
9793
9794
9800
9804
9818
9830
9851
9863
9875
9877
9888
9892
9941
9952
9957
9964
9968
9969
9977
9979
9982
9984
9987
9994
9995
9999
