0
1
3
3
4
6
6
10
11
11
12
12
13
14
15
17
17
18
19
21
21
21
21
23
24
26
29
30
31
33
34
36
41
44
44
48
50
55
59
60
60
61
63
63
65
66
67
67
67
68
73
77
77
78
82
83
83
85
85
89
89
89
90
90
92
92
93
94
95
95
97
98
100
102
104
106
111
114
114
114
117
118
118
120
121
121
123
123
126
127
127
129
130
132
133
133
133
135
137
142
143
143
143
145
146
148
153
153
154
156
156
161
164
164
165
166
168
169
170
175
182
183
184
184
187
187
189
189
191
193
193
194
197
199
200
201
201
202
206
208
208
208
209
210
211
213
214
214
215
216
218
221
224
226
226
228
228
232
232
234
239
239
240
240
242
246
254
255
260
260
265
265
267
267
272
272
273
276
277
278
279
280
282
284
284
284
286
288
289
294
294
294
296
297
299
300
301
301
302
304
304
308
308
310
310
313
314
316
316
316
317
319
321
321
326
327
330
331
333
337
337
337
340
341
341
342
344
344
345
346
348
352
353
355
357
366
366
366
367
368
368
373
376
377
378
378
380
380
381
384
384
386
387
387
391
391
392
393
397
398
400
405
406
407
412
419
420
421
421
424
424
424
425
425
428
430
430
432
432
435
435
438
438
438
438
440
441
441
447
448
451
453
454
454
455
457
461
462
465
469
470
470
471
474
475
475
479
480
481
482
484
485
487
488
489
490
491
493
493
494
494
495
496
496
497
499
503
506
506
508
508
509
511
513
513
517
517
518
521
522
523
524
528
530
530
532
534
535
537
537
538
541
542
542
545
545
546
547
550
551
554
555
555
556
556
560
563
565
567
567
567
576
578
579
581
581
582
584
584
584
586
587
588
589
593
593
593
594
595
595
596
596
602
603
607
612
615
619
620
622
623
624
627
627
629
629
632
633
633
633
633
634
634
636
638
640
645
647
650
651
653
653
655
655
657
659
662
662
665
666
668
668
672
673
675
675
679
680
682
684
685
689
689
691
691
692
693
696
697
705
710
710
714
715
715
718
719
720
721
722
726
727
730
731
732
732
735
738
744
744
746
748
749
750
752
755
755
757
758
759
759
764
766
767
768
769
771
773
773
775
777
780
782
783
785
787
788
790
793
793
793
797
804
804
806
806
807
808
810
811
811
813
814
816
818
819
823
827
829
829
829
831
833
836
837
837
840
841
842
843
845
847
848
848
853
854
855
857
858
861
863
863
865
865
865
866
869
871
874
876
876
877
880
882
886
886
887
887
888
888
892
902
905
905
905
906
907
907
908
909
909
911
914
917
919
921
922
923
928
928
929
929
929
929
931
933
935
936
936
939
939
940
940
945
946
946
947
948
949
956
957
959
960
960
961
962
962
968
969
969
971
972
973
974
974
975
977
980
984
990
991
993
993
993
995
997
998
999
1001
1003
1005
1006
1007
1007
1008
1008
1008
1008
1014
1016
1017
1023
1028
1028
1030
1035
1037
1037
1037
1040
1041
1043
1049
1052
1059
1061
1063
1064
1069
1076
1076
1080
1081
1082
1084
1084
1088
1089
1093
1093
1097
1106
1110
1111
1111
1113
1118
1120
1122
1123
1125
1127
1127
1129
1130
1133
1133
1136
1137
1139
1142
1144
1145
1147
1148
1151
1154
1159
1160
1160
1161
1162
1164
1170
1171
1174
1177
1179
1182
1185
1187
1193
1195
1196
1197
1198
1199
1200
1202
1203
1204
1205
1206
1206
1208
1209
1211
1213
1214
1217
1218
1219
1220
1220
1221
1224
1226
1226
1227
1229
1230
1231
1233
1233
1233
1234
1235
1235
1239
1240
1245
1246
1247
1248
1251
1252
1252
1255
1255
1256
1259
1260
1261
1263
1263
1264
1266
1266
1266
1269
1270
1271
1274
1275
1276
1276
1277
1277
1279
1280
1285
1287
1287
1288
1288
1290
1290
1293
1293
1296
1298
1300
1301
1302
1304
1305
1306
1306
1307
1309
1309
1311
1314
1317
1318
1320
1321
1321
1323
1326
1327
1330
1332
1338
1338
1340
1341
1342
1345
1346
1346
1346
1347
1349
1349
1349
1351
1351
1354
1357
1363
1369
1372
1373
1376
1376
1376
1377
1378
1378
1378
1378
1382
1382
1382
1384
1384
1385
1391
1397
1397
1399
1400
1402
1405
1405
1408
1409
1411
1414
1416
1416
1416
1422
1422
1425
1426
1428
1430
1430
1434
1434
1434
1435
1436
1436
1440
1440
1441
1444
1444
1446
1446
1447
1449
1450
1450
1451
1451
1454
1455
1455
1458
1470
1470
1473
1474
1475
1479
1479
1479
1479
1480
1481
1481
1483
1483
1485
1485
1489
1494
1495
1497
1498
1498
1505
1506
1507
1511
1511
1511
1512
1513
1514
1518
1518
1519
1523
1525
1526
1527
1530
1532
1533
1536
1537
1539
1541
1541
1543
1544
1545
1545
1547
1551
1554
1557
1557
1557
1558
1559
1561
1566
1571
1571
1571
1575
1575
1577
1580
1584
1586
1589
1589
1591
1595
1595
1596
1596
1596
1596
1598
1598
1600
1600
1605
1608
1609
1612
1612
1616
1618
1619
1621
1621
1622
1626
1627
1627
1629
1630
1630
1631
1632
1633
1633
1634
1637
1637
1640
1642
1642
1643
1646
1646
1647
1648
1648
1649
1650
1653
1653
1655
1656
1657
1657
1660
1663
1667
1669
1674
1674
1675
1676
1677
1677
1679
1681
1683
1683
1685
1686
1686
1689
1690
1693
1693
1696
1697
1697
1698
1701
1703
1706
1706
1706
1706
1710
1715
1715
1716
1718
1719
1721
1724
1724
1724
1725
1725
1727
1731
1734
1735
1737
1738
1739
1743
1743
1744
1744
1749
1751
1752
1752
1756
1759
1759
1760
1761
1762
1762
1764
1768
1768
1768
1771
1772
1772
1772
1773
1773
1774
1777
1779
1780
1780
1781
1782
1790
1790
1793
1794
1795
1795
1798
1800
1800
1801
1801
1803
1806
1809
1813
1814
1816
1818
1818
1819
1820
1822
1823
1824
1825
1828
1834
1835
1836
1839
1843
1845
1847
1850
1850
1856
1857
1858
1859
1861
1861
1861
1863
1864
1866
1867
1867
1867
1869
1870
1871
1872
1872
1875
1876
1878
1878
1879
1881
1881
1886
1887
1889
1891
1894
1896
1896
1897
1902
1905
1905
1906
1908
1915
1916
1919
1920
1923
1925
1927
1929
1930
1935
1937
1939
1943
1944
1945
1946
1949
1950
1950
1951
1957
1958
1963
1966
1967
1969
1969
1970
1971
1973
1974
1976
1976
1978
1979
1980
1981
1985
1988
1993
1993
1996
1999
2002
2002
2003
2004
2005
2007
2009
2012
2012
2013
2013
2016
2017
2022
2022
2023
2025
2025
2029
2030
2031
2033
2035
2039
2039
2040
2042
2043
2046
2048
2048
2052
2052
2055
2061
2061
2066
2069
2070
2071
2073
2073
2076
2078
2078
2080
2081
2082
2082
2083
2085
2087
2091
2091
2093
2099
2100
2103
2104
2113
2114
2116
2117
2118
2121
2122
2123
2124
2124
2124
2125
2126
2126
2127
2129
2132
2132
2134
2134
2137
2137
2140
2143
2145
2145
2146
2148
2151
2151
2154
2155
2156
2157
2157
2160
2160
2161
2165
2166
2167
2170
2172
2173
2176
2176
2177
2180
2180
2182
2184
2187
2192
2193
2197
2199
2202
2202
2202
2205
2206
2207
2207
2207
2208
2209
2211
2211
2216
2216
2217
2218
2218
2219
2221
2222
2223
2223
2225
2232
2232
2237
2240
2242
2243
2243
2247
2249
2250
2250
2251
2251
2251
2251
2252
2255
2256
2256
2256
2259
2262
2262
2267
2269
2269
2270
2271
2272
2274
2275
2276
2277
2281
2283
2284
2285
2288
2290
2298
2299
2300
2302
2302
2303
2304
2305
2305
2306
2306
2309
2310
2310
2314
2316
2317
2318
2320
2321
2328
2329
2335
2335
2336
2336
2338
2338
2339
2339
2341
2342
2344
2347
2348
2349
2350
2357
2360
2362
2364
2367
2369
2369
2371
2372
2373
2375
2378
2378
2380
2380
2381
2382
2382
2383
2383
2386
2389
2392
2393
2394
2395
2395
2396
2396
2396
2397
2399
2402
2403
2405
2407
2411
2411
2413
2415
2416
2416
2419
2422
2423
2425
2425
2425
2425
2425
2427
2434
2434
2434
2436
2437
2437
2439
2441
2446
2447
2448
2452
2453
2454
2456
2457
2458
2459
2460
2461
2461
2462
2463
2465
2466
2469
2471
2471
2475
2477
2477
2477
2477
2479
2481
2483
2484
2484
2485
2488
2489
2489
2489
2492
2495
2495
2496
2497
2498
2500
2500
2507
2507
2508
2509
2509
2512
2513
2513
2514
2516
2517
2517
2518
2519
2526
2526
2527
2527
2530
2531
2531
2532
2533
2536
2543
2543
2544
2546
2546
2547
2549
2549
2553
2557
2557
2560
2560
2566
2566
2567
2569
2569
2570
2570
2570
2572
2574
2574
2576
2576
2577
2577
2578
2585
2587
2592
2604
2612
2612
2618
2619
2620
2623
2624
2625
2625
2632
2633
2634
2634
2634
2636
2636
2639
2640
2641
2643
2644
2644
2650
2650
2652
2657
2662
2664
2665
2665
2670
2670
2670
2671
2671
2672
2673
2674
2678
2678
2679
2683
2683
2685
2688
2688
2689
2690
2691
2691
2693
2696
2698
2699
2700
2701
2702
2706
2709
2710
2714
2714
2715
2715
2718
2719
2720
2722
2724
2725
2727
2730
2731
2731
2731
2732
2733
2741
2743
2746
2749
2749
2750
2750
2751
2755
2756
2758
2760
2761
2761
2765
2767
2770
2773
2773
2776
2776
2776
2777
2780
2780
2781
2781
2784
2784
2785
2789
2793
2793
2803
2804
2804
2807
2809
2811
2812
2812
2814
2814
2816
2817
2819
2819
2829
2833
2835
2836
2838
2838
2842
2844
2852
2852
2855
2858
2860
2862
2869
2869
2873
2875
2877
2879
2883
2885
2885
2886
2889
2889
2891
2891
2892
2896
2898
2899
2900
2903
2905
2906
2906
2909
2913
2913
2914
2916
2920
2922
2923
2923
2927
2928
2930
2933
2934
2936
2937
2939
2941
2943
2945
2945
2948
2951
2951
2951
2955
2958
2959
2962
2962
2962
2964
2964
2965
2966
2968
2971
2972
2972
2973
2973
2976
2978
2978
2979
2979
2980
2981
2982
2984
2995
2996
2997
2998
3003
3004
3005
3006
3009
3013
3013
3013
3014
3017
3018
3020
3021
3022
3027
3031
3032
3032
3036
3042
3043
3045
3046
3047
3051
3052
3054
3054
3057
3060
3062
3063
3064
3065
3067
3068
3068
3068
3070
3076
3077
3077
3082
3082
3083
3085
3089
3089
3093
3094
3100
3101
3111
3113
3117
3122
3124
3125
3127
3128
3130
3131
3131
3135
3137
3142
3144
3144
3152
3157
3168
3168
3172
3173
3174
3177
3181
3184
3191
3192
3195
3196
3196
3199
3201
3202
3205
3205
3206
3208
3210
3210
3211
3212
3212
3215
3220
3221
3221
3222
3224
3226
3228
3233
3236
3237
3244
3248
3250
3252
3253
3253
3255
3258
3261
3261
3264
3267
3268
3276
3281
3284
3285
3286
3287
3288
3289
3289
3291
3293
3294
3294
3294
3296
3302
3302
3305
3311
3314
3320
3329
3330
3331
3332
3335
3337
3337
3337
3339
3339
3339
3339
3345
3347
3348
3350
3352
3353
3354
3356
3358
3361
3361
3366
3366
3371
3374
3380
3382
3383
3384
3388
3388
3392
3392
3393
3393
3395
3397
3397
3398
3398
3398
3403
3404
3406
3407
3408
3408
3411
3411
3413
3416
3417
3419
3421
3421
3423
3424
3424
3430
3438
3439
3440
3441
3444
3445
3450
3453
3466
3466
3469
3469
3476
3479
3480
3484
3485
3489
3491
3492
3492
3493
3493
3496
3497
3500
3501
3504
3506
3508
3512
3513
3514
3517
3520
3521
3522
3524
3526
3528
3531
3531
3532
3532
3535
3537
3543
3545
3549
3550
3551
3553
3554
3555
3556
3556
3561
3566
3569
3570
3570
3577
3581
3583
3586
3589
3589
3590
3590
3591
3595
3595
3601
3601
3602
3605
3608
3608
3612
3612
3613
3615
3618
3618
3620
3621
3622
3623
3626
3628
3630
3632
3633
3634
3638
3643
3643
3644
3645
3647
3647
3647
3651
3652
3659
3661
3663
3664
3665
3666
3668
3669
3670
3670
3671
3671
3671
3672
3674
3677
3681
3682
3683
3687
3687
3688
3688
3692
3693
3693
3697
3698
3699
3700
3703
3704
3708
3709
3709
3711
3712
3714
3718
3721
3727
3731
3732
3732
3732
3733
3735
3735
3736
3737
3741
3747
3752
3753
3755
3757
3757
3758
3760
3765
3765
3767
3768
3773
3773
3779
3781
3781
3783
3785
3788
3788
3789
3790
3790
3794
3795
3796
3799
3799
3801
3803
3803
3803
3804
3805
3809
3812
3814
3814
3814
3817
3821
3827
3828
3831
3832
3833
3842
3845
3846
3846
3851
3854
3855
3858
3864
3864
3864
3866
3866
3872
3873
3875
3876
3881
3881
3884
3884
3885
3886
3888
3898
3901
3903
3904
3913
3915
3916
3918
3919
3921
3923
3925
3929
3932
3933
3936
3938
3939
3940
3941
3941
3943
3943
3944
3949
3950
3951
3953
3953
3953
3958
3962
3965
3965
3965
3968
3969
3971
3974
3975
3977
3978
3981
3986
3986
3989
3994
3994
4002
4003
4003
4012
4013
4013
4014
4018
4021
4021
4021
4023
4023
4023
4024
4025
4027
4031
4032
4032
4034
4036
4037
4039
4039
4043
4044
4044
4045
4048
4050
4050
4055
4056
4061
4062
4063
4065
4070
4070
4074
4076
4077
4077
4078
4079
4079
4085
4094
4098
4099
4102
4105
4106
4106
4111
4112
4116
4123
4125
4126
4126
4127
4128
4128
4133
4133
4134
4134
4135
4138
4140
4145
4146
4146
4153
4153
4154
4155
4157
4162
4169
4171
4171
4174
4175
4182
4183
4188
4190
4194
4201
4206
4212
4214
4215
4215
4219
4219
4220
4221
4222
4224
4225
4230
4231
4233
4235
4237
4237
4238
4238
4238
4239
4240
4241
4242
4242
4248
4249
4260
4261
4262
4262
4262
4267
4272
4272
4273
4274
4274
4274
4275
4281
4281
4281
4282
4284
4286
4291
4294
4294
4302
4304
4304
4305
4305
4310
4313
4315
4320
4321
4322
4332
4332
4336
4336
4340
4342
4342
4342
4347
4348
4352
4367
4369
4369
4376
4376
4376
4380
4384
4390
4392
4396
4398
4398
4400
4404
4408
4408
4411
4415
4418
4418
4419
4419
4423
4424
4427
4430
4436
4437
4438
4438
4438
4439
4448
4451
4452
4456
4458
4460
4460
4464
4469
4470
4471
4474
4484
4489
4489
4490
4494
4495
4495
4498
4501
4502
4503
4506
4508
4509
4512
4513
4517
4517
4517
4519
4522
4529
4529
4530
4532
4533
4534
4535
4537
4537
4539
4542
4547
4548
4548
4554
4558
4558
4559
4560
4564
4569
4570
4572
4575
4575
4577
4582
4584
4586
4592
4595
4596
4600
4604
4604
4607
4608
4609
4612
4616
4620
4622
4626
4629
4631
4632
4633
4634
4635
4640
4646
4651
4652
4652
4653
4655
4656
4657
4660
4661
4666
4669
4670
4674
4674
4675
4675
4681
4681
4683
4684
4689
4692
4694
4696
4697
4698
4699
4700
4701
4703
4707
4709
4710
4712
4714
4727
4732
4732
4735
4735
4736
4737
4738
4746
4751
4752
4752
4753
4757
4758
4762
4763
4767
4769
4772
4774
4774
4775
4775
4778
4782
4783
4785
4787
4787
4788
4788
4789
4797
4797
4803
4804
4808
4809
4812
4813
4814
4815
4815
4816
4817
4817
4820
4821
4821
4821
4821
4822
4822
4829
4830
4831
4833
4839
4844
4845
4846
4848
4852
4853
4853
4860
4862
4864
4865
4867
4867
4868
4868
4870
4871
4873
4875
4878
4880
4881
4882
4893
4894
4896
4896
4896
4898
4899
4901
4903
4906
4907
4910
4913
4913
4919
4921
4921
4929
4938
4938
4939
4942
4942
4942
4943
4945
4946
4947
4951
4951
4952
4952
4952
4953
4958
4959
4961
4962
4963
4964
4980
4982
4988
4991
4996
4996
4996
4997
5001
5001
5007
5007
5009
5010
5016
5019
5020
5023
5027
5035
5037
5038
5042
5042
5044
5044
5045
5048
5048
5051
5053
5054
5057
5058
5058
5061
5062
5063
5065
5071
5073
5078
5078
5080
5082
5089
5089
5089
5096
5102
5110
5119
5119
5126
5129
5129
5130
5130
5131
5134
5134
5141
5142
5144
5150
5157
5158
5158
5160
5164
5166
5167
5168
5172
5175
5177
5179
5180
5181
5182
5182
5182
5185
5185
5187
5187
5190
5196
5197
5200
5205
5206
5212
5213
5213
5218
5222
5224
5225
5227
5228
5230
5234
5235
5237
5240
5254
5255
5259
5261
5263
5263
5265
5267
5271
5271
5272
5273
5273
5274
5274
5276
5277
5279
5281
5283
5287
5287
5287
5288
5289
5290
5293
5294
5294
5295
5296
5298
5298
5300
5302
5303
5303
5305
5305
5305
5308
5308
5309
5309
5312
5313
5313
5320
5325
5326
5327
5331
5334
5334
5337
5343
5345
5350
5351
5353
5355
5356
5356
5358
5359
5366
5366
5368
5379
5382
5385
5389
5389
5390
5395
5396
5398
5400
5401
5401
5406
5407
5412
5413
5415
5415
5419
5420
5422
5423
5423
5423
5424
5424
5424
5425
5427
5432
5435
5436
5438
5444
5451
5456
5456
5458
5460
5463
5467
5468
5472
5472
5480
5481
5484
5487
5488
5489
5492
5496
5498
5500
5501
5503
5505
5507
5508
5510
5511
5519
5521
5523
5527
5530
5531
5532
5536
5537
5537
5539
5539
5551
5551
5551
5554
5554
5557
5561
5562
5562
5569
5570
5570
5570
5574
5577
5579
5583
5585
5586
5587
5590
5595
5596
5597
5600
5604
5605
5607
5609
5610
5611
5612
5612
5623
5626
5630
5639
5639
5644
5645
5651
5654
5655
5655
5660
5669
5670
5671
5679
5680
5681
5682
5686
5686
5688
5695
5697
5699
5699
5700
5701
5703
5703
5712
5712
5716
5716
5719
5725
5727
5727
5730
5735
5737
5737
5739
5739
5744
5745
5747
5748
5750
5750
5750
5751
5753
5754
5755
5756
5759
5762
5765
5770
5770
5774
5775
5780
5783
5784
5791
5794
5796
5797
5798
5801
5803
5804
5808
5808
5810
5811
5814
5814
5817
5820
5821
5825
5828
5829
5831
5834
5836
5836
5838
5838
5840
5840
5841
5842
5848
5848
5852
5853
5854
5856
5858
5873
5878
5878
5882
5884
5886
5889
5890
5893
5894
5894
5894
5894
5895
5896
5897
5898
5899
5900
5900
5903
5904
5906
5907
5910
5912
5913
5916
5917
5918
5926
5931
5933
5945
5952
5956
5957
5958
5962
5967
5968
5968
5971
5972
5973
5978
5983
5984
5985
5985
5986
5991
5992
5994
5996
5998
5998
6001
6001
6002
6006
6008
6010
6014
6019
6025
6025
6027
6029
6030
6038
6040
6042
6043
6044
6044
6046
6048
6050
6051
6052
6052
6054
6055
6056
6057
6058
6059
6061
6062
6062
6064
6065
6066
6073
6074
6075
6082
6083
6085
6087
6087
6087
6087
6089
6089
6093
6094
6095
6096
6100
6103
6103
6111
6116
6119
6121
6126
6126
6128
6129
6130
6133
6135
6138
6140
6141
6141
6142
6142
6142
6144
6144
6145
6151
6153
6153
6154
6156
6157
6160
6161
6161
6164
6164
6164
6165
6166
6167
6176
6179
6180
6180
6185
6185
6186
6186
6187
6187
6189
6191
6197
6199
6200
6201
6202
6207
6207
6208
6211
6213
6218
6218
6226
6226
6228
6230
6241
6242
6243
6243
6245
6246
6246
6247
6254
6255
6258
6268
6269
6271
6274
6276
6277
6285
6289
6290
6291
6295
6295
6295
6297
6299
6300
6306
6310
6315
6315
6315
6316
6316
6316
6318
6319
6325
6330
6334
6339
6340
6343
6344
6345
6345
6345
6346
6346
6350
6352
6352
6356
6357
6360
6360
6366
6366
6366
6367
6371
6371
6371
6374
6374
6377
6385
6388
6389
6390
6392
6392
6393
6396
6397
6397
6409
6410
6410
6411
6417
6418
6420
6421
6422
6423
6423
6423
6425
6432
6433
6434
6436
6438
6440
6445
6446
6454
6457
6461
6461
6462
6463
6463
6464
6465
6467
6470
6476
6478
6480
6483
6490
6495
6496
6496
6497
6500
6502
6516
6516
6517
6518
6521
6529
6530
6532
6532
6536
6537
6546
6546
6547
6548
6549
6550
6553
6555
6556
6558
6560
6562
6563
6568
6568
6576
6576
6583
6584
6584
6587
6587
6588
6593
6594
6596
6597
6598
6599
6599
6600
6602
6603
6605
6611
6611
6613
6616
6618
6618
6619
6619
6626
6627
6629
6636
6637
6638
6641
6641
6641
6641
6643
6643
6651
6652
6653
6657
6658
6662
6666
6667
6669
6673
6675
6677
6683
6683
6691
6697
6698
6698
6699
6699
6700
6701
6706
6711
6712
6712
6714
6721
6723
6729
6731
6733
6735
6739
6741
6743
6743
6750
6753
6757
6760
6764
6765
6769
6770
6772
6773
6773
6774
6781
6783
6784
6784
6786
6787
6791
6795
6802
6806
6810
6810
6817
6817
6818
6820
6823
6825
6826
6827
6827
6829
6832
6833
6835
6836
6836
6838
6838
6839
6840
6845
6846
6847
6848
6848
6848
6848
6858
6858
6859
6866
6867
6867
6868
6870
6874
6875
6881
6885
6889
6889
6896
6897
6900
6902
6903
6903
6907
6910
6914
6919
6920
6920
6924
6927
6927
6932
6934
6935
6936
6937
6938
6938
6938
6940
6946
6946
6949
6949
6950
6951
6951
6954
6954
6960
6960
6961
6966
6967
6968
6969
6969
6970
6971
6973
6973
6975
6977
6977
6979
6980
6984
6985
6987
6990
7001
7001
7001
7005
7006
7007
7009
7012
7012
7012
7018
7019
7020
7022
7023
7024
7031
7031
7032
7034
7036
7043
7043
7044
7047
7047
7052
7055
7056
7056
7056
7062
7062
7064
7074
7074
7076
7077
7077
7078
7080
7085
7088
7092
7093
7097
7102
7104
7107
7108
7110
7117
7119
7122
7126
7127
7127
7131
7132
7132
7139
7144
7149
7152
7156
7158
7158
7160
7161
7161
7162
7165
7165
7167
7168
7175
7177
7181
7189
7191
7193
7195
7195
7196
7196
7200
7202
7204
7204
7204
7208
7210
7213
7213
7215
7216
7217
7218
7221
7221
7226
7226
7228
7231
7233
7238
7238
7243
7247
7250
7257
7261
7267
7272
7276
7286
7302
7304
7306
7308
7309
7314
7314
7317
7318
7320
7320
7321
7325
7325
7331
7339
7341
7341
7343
7343
7344
7345
7346
7347
7348
7356
7357
7361
7361
7363
7364
7364
7364
7365
7365
7366
7367
7369
7375
7375
7376
7376
7377
7379
7380
7380
7388
7390
7392
7393
7395
7405
7405
7406
7406
7408
7410
7413
7413
7414
7422
7426
7428
7429
7439
7444
7445
7449
7449
7450
7451
7452
7454
7456
7457
7457
7460
7462
7462
7464
7464
7466
7468
7481
7485
7487
7491
7491
7492
7494
7496
7499
7506
7507
7511
7512
7515
7522
7522
7523
7523
7526
7531
7532
7533
7534
7537
7538
7541
7543
7543
7544
7544
7553
7553
7554
7559
7559
7559
7561
7565
7567
7568
7570
7571
7571
7574
7578
7579
7581
7583
7590
7592
7592
7593
7597
7598
7598
7599
7607
7610
7612
7612
7613
7613
7614
7618
7618
7618
7619
7620
7622
7630
7631
7632
7635
7642
7648
7653
7658
7661
7666
7667
7669
7669
7669
7673
7678
7679
7680
7682
7683
7685
7687
7687
7688
7688
7690
7695
7699
7702
7702
7703
7707
7711
7712
7713
7715
7724
7729
7729
7729
7730
7732
7735
7739
7740
7745
7747
7753
7753
7753
7754
7755
7756
7757
7760
7762
7763
7767
7767
7767
7768
7769
7770
7770
7771
7772
7773
7781
7789
7791
7791
7791
7801
7802
7806
7807
7807
7808
7813
7814
7816
7821
7824
7827
7828
7831
7831
7835
7836
7839
7840
7842
7844
7844
7846
7847
7848
7849
7849
7852
7853
7856
7856
7856
7858
7860
7860
7866
7867
7867
7877
7877
7881
7882
7882
7883
7884
7884
7886
7888
7889
7890
7891
7898
7904
7913
7914
7914
7917
7918
7920
7921
7921
7924
7927
7931
7933
7935
7936
7938
7938
7938
7941
7942
7948
7950
7951
7953
7955
7957
7967
7970
7972
7973
7975
7982
7982
7983
7984
7984
7990
7991
7995
7996
7998
8001
8001
8004
8004
8007
8007
8008
8010
8013
8014
8015
8018
8020
8021
8025
8028
8030
8040
8042
8045
8050
8051
8051
8053
8053
8057
8057
8058
8060
8061
8061
8063
8065
8073
8073
8079
8081
8081
8083
8084
8085
8086
8087
8087
8088
8089
8090
8092
8093
8099
8100
8102
8105
8107
8107
8109
8113
8113
8114
8116
8117
8117
8119
8120
8122
8122
8122
8125
8128
8131
8131
8133
8133
8134
8137
8138
8153
8159
8161
8164
8164
8171
8171
8172
8173
8177
8177
8178
8178
8178
8178
8180
8182
8183
8196
8200
8201
8201
8208
8210
8211
8211
8212
8218
8219
8219
8219
8219
8220
8220
8221
8229
8230
8232
8234
8236
8237
8237
8240
8242
8245
8245
8246
8250
8253
8254
8254
8256
8257
8257
8259
8260
8262
8262
8262
8269
8269
8271
8272
8272
8272
8273
8276
8277
8278
8279
8281
8285
8292
8294
8294
8295
8296
8298
8298
8301
8302
8303
8305
8307
8307
8309
8310
8310
8311
8316
8317
8318
8322
8323
8326
8327
8327
8328
8330
8333
8334
8336
8338
8338
8340
8343
8345
8345
8345
8351
8352
8354
8357
8361
8361
8361
8365
8373
8373
8375
8376
8376
8377
8377
8377
8380
8387
8387
8390
8393
8393
8394
8401
8401
8406
8408
8413
8415
8415
8417
8418
8418
8419
8423
8424
8425
8429
8430
8432
8433
8434
8437
8437
8442
8443
8445
8449
8453
8455
8456
8457
8459
8462
8467
8468
8471
8472
8474
8475
8477
8480
8480
8483
8487
8488
8491
8492
8496
8497
8498
8499
8501
8505
8510
8510
8510
8512
8512
8513
8517
8518
8520
8520
8522
8526
8526
8527
8528
8529
8531
8535
8536
8538
8539
8539
8540
8542
8543
8544
8545
8547
8547
8547
8547
8550
8551
8555
8561
8562
8568
8577
8578
8580
8581
8585
8587
8588
8589
8595
8596
8599
8600
8601
8603
8603
8604
8607
8607
8609
8613
8614
8617
8618
8618
8624
8625
8626
8633
8633
8634
8634
8635
8637
8637
8640
8643
8643
8644
8644
8645
8648
8649
8650
8650
8659
8661
8663
8663
8663
8664
8664
8673
8676
8678
8679
8682
8683
8683
8683
8688
8689
8693
8696
8699
8699
8701
8702
8706
8706
8709
8711
8714
8719
8721
8725
8726
8730
8732
8733
8734
8737
8742
8744
8745
8748
8751
8754
8755
8757
8761
8766
8767
8767
8768
8769
8771
8772
8773
8773
8774
8776
8779
8782
8783
8783
8789
8791
8797
8800
8801
8803
8803
8810
8815
8818
8820
8821
8826
8826
8830
8831
8832
8832
8833
8834
8836
8838
8841
8843
8843
8844
8845
8845
8846
8847
8847
8847
8847
8848
8852
8852
8854
8854
8855
8856
8860
8862
8868
8871
8874
8877
8878
8879
8885
8888
8890
8890
8891
8891
8895
8895
8896
8897
8903
8903
8906
8914
8915
8919
8922
8922
8924
8925
8927
8927
8929
8931
8934
8934
8936
8938
8945
8946
8947
8951
8959
8960
8962
8963
8967
8967
8983
8986
8990
8990
8992
8997
8998
9000
9000
9000
9001
9002
9002
9005
9008
9013
9020
9023
9027
9028
9034
9041
9044
9046
9047
9050
9051
9053
9053
9055
9056
9057
9057
9058
9059
9060
9063
9069
9077
9078
9083
9087
9089
9092
9092
9095
9095
9095
9096
9096
9098
9099
9101
9101
9102
9102
9108
9108
9109
9110
9117
9118
9123
9129
9129
9129
9130
9131
9134
9135
9136
9137
9139
9140
9141
9142
9149
9149
9149
9151
9153
9156
9156
9157
9160
9163
9163
9168
9169
9171
9173
9173
9175
9176
9176
9177
9185
9185
9190
9192
9196
9196
9198
9198
9204
9204
9209
9211
9213
9213
9213
9214
9215
9216
9217
9219
9221
9224
9224
9229
9230
9234
9234
9237
9241
9247
9250
9258
9258
9259
9262
9268
9269
9271
9272
9272
9273
9277
9283
9285
9288
9290
9291
9300
9306
9310
9313
9315
9316
9316
9319
9320
9320
9323
9325
9326
9331
9331
9342
9346
9348
9349
9354
9356
9359
9359
9367
9373
9375
9376
9378
9387
9387
9388
9389
9390
9397
9402
9403
9405
9406
9406
9410
9413
9414
9416
9419
9419
9424
9425
9426
9429
9429
9430
9432
9434
9434
9434
9436
9442
9443
9446
9451
9452
9452
9452
9453
9453
9456
9456
9458
9461
9462
9464
9468
9468
9474
9474
9477
9478
9479
9486
9489
9492
9492
9495
9501
9503
9503
9506
9508
9514
9515
9516
9517
9518
9520
9522
9525
9527
9530
9534
9537
9537
9539
9540
9542
9547
9550
9551
9552
9553
9555
9556
9557
9558
9560
9560
9564
9565
9567
9570
9570
9574
9578
9580
9587
9589
9589
9590
9590
9595
9596
9597
9598
9600
9601
9603
9604
9604
9611
9615
9619
9621
9627
9628
9629
9629
9631
9637
9637
9638
9638
9639
9641
9643
9646
9648
9649
9649
9653
9655
9656
9658
9659
9667
9669
9673
9677
9678
9681
9681
9684
9687
9694
9696
9696
9698
9700
9702
9704
9705
9707
9709
9711
9713
9713
9716
9716
9719
9720
9722
9724
9727
9729
9729
9733
9733
9735
9736
9738
9738
9742
9743
9745
9747
9748
9748
9755
9756
9757
9758
9759
9763
9767
9768
9772
9772
9772
9773
9773
9778
9781
9783
9783
9784
9787
9790
9791
9793
9794
9794
9795
9797
9798
9800
9803
9804
9807
9814
9816
9818
9820
9829
9830
9832
9832
9832
9833
9835
9839
9842
9846
9847
9848
9851
9859
9860
9863
9865
9866
9868
9871
9875
9875
9877
9878
9880
9882
9882
9888
9888
9888
9889
9891
9892
9893
9900
9901
9902
9902
9906
9911
9919
9927
9927
9933
9934
9936
9936
9938
9939
9941
9944
9947
9950
9951
9952
9952
9955
9956
9957
9960
9960
9961
9964
9968
9969
9977
9977
9978
9979
9982
9982
9983
9984
9986
9987
9989
9990
9992
9993
9994
9995
9999
9999
