135
5523
5639
9952
3994
3803
777
1663
2477
4221
4529
1405
3732
3517
2277
7702
4099
1596
5150
7619
4036
226
1434
858
4822
2939
2016
8992
8967
1536
3289
4304
4853
7544
3021
4961
4865
622
939
8834
2469
1205
430
4249
9000
8745
44
3965
3647
8568
4896
1744
6166
1905
7883
593
7936
3195
1878
3089
9995
4313
3291
4133
120
9804
2773
3595
2202
3866
6677
7056
3212
4222
5062
8257
9319
5952
5379
7457
1076
3191
4408
555
5679
508
6343
8088
4078
368
4684
8962
6641
6784
7970
346
2665
2632
3799
5639
7613
4134
2685
3201
9515
4273
1923
2205
3788
9434
9748
8137
9163
1489
4430
11
5655
7755
8774
1813
4951
7538
2154
2411
5854
1822
5206
888
6848
6051
1451
5998
5651
2570
957
5644
9977
9285
5420
7221
7213
9565
5750
239
11
254
7690
1193
3814
1446
8272
4512
3284
4714
9687
9892
1996
4537
1247
7975
1444
2549
297
6390
7204
863
156
8730
1455
8578
7481
5089
3506
7267
513
8425
2909
9367
5061
301
9747
7158
2461
4899
5597
1598
4669
2980
8531
4427
710
7022
93
6006
8585
4727
6103
4012
7938
8307
4596
3936
8178
1640
1220
9539
7836
7168
2009
3939
469
5886
3222
2082
102
5957
1129
6521
931
5605
1867
3228
9969
3255
6389
9999
9316
5739
8053
7561
3094
1727
8305
6840
2335
1667
9083
8390
513
1372
4182
8779
451
8854
1416
114
17
9405
8449
5808
8754
4045
3051
5986
9306
2328
481
9495
9168
9272
3397
3135
7250
5078
2509
7393
1224
8475
462
4675
2471
5748
92
7317
4600
3531
6145
5071
3864
5700
1612
7181
3168
5237
7771
6599
6295
6938
6316
4694
4039
3063
5424
7364
2093
3184
929
3700
869
1557
3366
9794
470
8210
8661
8219
650
8294
8328
240
6129
1266
8467
5287
2886
5701
6356
3971
1346
2981
556
9957
4575
9968
3757
8499
447
9604
2773
9719
2671
5532
3210
2923
6870
2636
9830
1541
8323
4943
7366
2221
6902
9567
653
7238
5836
2612
9310
316
6001
7856
6425
3803
2338
2427
3733
9793
6897
9403
6576
7413
8316
9063
2819
2087
1327
2715
106
2569
6553
7630
6226
6463
9101
34
2531
8771
9163
7196
9008
3932
9102
3237
940
9984
5334
768
2560
7816
7161
9149
3595
4595
405
7005
6889
317
9098
2567
1479
9681
726
90
3589
6189
8480
836
5020
8085
6457
6867
5235
3659
9552
3994
1069
8109
1861
438
6549
2447
2560
1378
8877
9851
6291
3799
7523
2262
3805
3352
9733
4788
8208
3949
7238
7935
3622
8878
65
308
528
8626
5182
8879
7390
2040
8643
3017
5590
4775
493
9646
1710
7361
1263
4852
9772
9005
7001
4808
9137
9429
6141
2891
2817
1485
5134
8782
1479
5334
634
265
3398
1825
7914
9522
2722
6951
2679
3708
7712
3929
2751
7614
1596
2644
5080
6502
5562
4535
3941
3693
8847
9432
1302
9757
2048
1795
9877
6352
3531
7348
5182
4171
9077
3704
2670
1595
8483
3647
7056
1647
333
8709
164
8934
6496
1505
1217
1402
1428
189
5436
5197
5053
727
1306
4242
917
9095
8706
9888
2394
3570
4262
7938
2483
9390
3331
4419
441
1944
5607
6920
3076
2274
5907
8430
9060
6961
6050
4774
7745
886
4921
3374
9941
6651
494
435
8120
8256
6269
8099
748
1382
5609
7175
522
829
8417
5089
9964
4233
5956
2082
3709
2906
565
7007
7534
7996
2514
7077
5179
6667
3233
3898
1293
7579
5308
2118
8801
968
1856
8547
4105
9673
1824
1649
2081
619
3855
6781
1252
3339
9518
3842
288
4003
7666
1648
7464
633
1801
156
8073
7156
1391
4681
2495
4321
2140
4470
7320
2341
4929
4871
6345
532
2691
5288
6960
945
2982
7679
4106
3590
8733
1378
6245
1318
4305
1577
2761
4098
3361
5557
9987
2633
2281
2481
1458
7491
8406
2360
21
4304
4056
2951
8644
5852
89
21
2479
7414
8237
352
2852
3586
1530
8025
2533
1259
6059
7635
4632
9117
3199
1751
929
194
8967
4604
2765
907
848
7590
9696
6673
7982
284
5010
732
8618
3630
4102
9684
7773
6839
8491
5126
9629
1279
6550
9818
4839
8437
5423
691
2814
6907
123
5894
3618
8897
9994
7119
1701
6119
8354
7152
2858
9373
588
9002
2207
6366
7581
833
8845
8028
3783
4284
1309
8333
2145
8107
5501
8679
7541
7020
7492
584
1545
4302
1346
3753
3392
2951
4219
6371
1681
260
3941
1571
584
8768
272
2634
4044
759
3350
888
2625
8634
7571
6074
2382
2357
4775
8065
6226
7807
3545
7574
4547
3411
9134
6411
7735
1197
2683
3699
118
1174
2199
3236
4736
1332
484
2076
4907
2780
8896
1858
6207
6185
3206
5551
2310
3921
6795
2380
9550
4262
8310
1293
1537
6330
8607
1887
6167
6151
5164
4846
554
2958
7703
9578
2218
7807
7076
187
2498
9800
6658
4530
6859
4753
4031
4738
655
9271
337
6255
1185
9095
7379
7622
3067
8526
4332
2973
1896
847
2454
9020
3555
2724
5166
3581
1200
9736
5303
7695
8361
7077
3524
4737
1436
8122
2422
1309
8131
7231
1586
3795
4867
8219
2903
6600
1674
7814
9982
6846
962
2587
211
9590
9979
1008
2243
1539
3752
2937
5910
6721
6025
7753
5487
4390
697
6043
7938
9863
9129
4513
4134
719
2700
1818
9755
731
9108
2665
6637
153
541
9108
8505
9619
3289
3466
5695
3062
6476
9192
6201
4616
8232
2862
1483
5945
4396
5309
7772
6393
24
2948
3444
523
4085
1580
2134
1144
3570
1136
2784
1159
9570
5185
2272
9099
4
2569
2457
8301
9875
4558
1735
7356
8640
3018
6783
2403
1724
5912
6299
2122
6410
3953
2389
15
9556
2393
9729
6966
2477
9171
1551
366
887
4332
1937
4951
2022
1446
4106
721
6213
1059
9096
3382
5655
3958
9604
5611
3633
9348
4456
2434
326
9600
1248
9316
6946
3416
6019
3181
2460
2298
6243
2664
1861
6027
6180
8254
4294
8345
6858
7097
8890
2223
5894
8061
4135
6537
5570
2425
2211
1385
9738
6874
5796
1545
4942
1857
6920
2546
2741
6
6598
2237
6500
5181
3765
4023
240
9784
4380
3866
7104
1981
4138
3082
758
921
919
2269
2176
3013
4074
991
6826
7449
7756
2100
5798
8846
1276
1951
5423
4584
2725
9219
7673
1123
9629
808
4845
13
2896
6497
341
8773
8253
1867
579
8419
3758
3944
1558
6392
9742
8637
5263
7559
5894
393
785
4804
6344
4231
7848
5451
4048
2437
6987
7012
3623
2070
4517
806
5834
1541
2240
8650
3131
6619
1571
9474
5158
6083
3261
3817
7031
6300
82
3068
6346
6207
1511
330
4050
6258
7592
3608
9598
5131
6306
7144
2746
6073
4797
6490
9474
495
5882
563
6268
5810
2670
4398
4070
1718
9773
8161
3821
4692
1803
6769
4464
1679
9759
6568
7460
9175
489
4214
1017
3965
4901
4661
4061
8744
2256
5554
8240
8903
6218
7849
5224
9416
6605
5968
1430
73
7149
4534
1896
3261
273
77
4816
6833
9185
2439
1397
4559
6160
2125
4696
5187
9452
485
234
284
1716
6180
4076
2965
8377
6082
391
1685
7127
1118
6318
9956
7158
2434
7568
2959
829
5177
8418
1277
8086
2941
9053
3794
2488
6357
1779
164
1280
8847
6760
2397
1793
715
9839
1233
9359
4153
530
5600
6246
946
8102
5294
3440
829
2750
6241
5366
2875
5503
5274
7702
9157
1988
8696
8375
5623
1554
8153
6345
1756
4735
2755
4896
1196
367
2914
6339
9795
8927
7347
2527
1780
7062
7904
4274
302
4952
5996
1269
909
2749
5906
1145
4404
9057
5353
6517
5562
5294
5227
782
2835
8087
3302
6153
6593
6949
1266
8365
218
2776
7380
29
5803
8230
6418
8116
9213
1752
7688
9713
3943
1589
907
629
3620
1950
8588
7867
1511
3485
3647
7064
7948
8040
1949
19
33
5626
199
1894
2549
9331
428
6597
5967
4782
2892
5295
9234
9092
7213
7363
1871
1600
366
9621
9516
3491
7499
1633
7428
8600
2496
6142
4575
6954
2577
3671
4340
3348
1514
790
7852
378
1650
1106
1080
183
1734
6315
5350
214
1971
2979
3215
2644
5027
2383
8117
8262
1612
9118
2507
6791
3205
8073
2437
21
1642
3612
2035
6285
6594
3556
1575
7139
3248
682
2415
1575
6935
783
319
9492
865
5272
3423
2731
9681
8891
3221
4752
7496
6042
100
659
629
7553
2869
9729
496
1835
4261
5356
1945
3337
4175
9832
3388
9013
939
9783
3144
1252
2984
3064
4305
9514
3173
7388
9778
995
246
1513
454
5759
3253
7554
9209
9453
2216
9702
299
4123
2930
2392
1957
3453
7724
2576
1743
2508
3476
384
7361
2145
8262
3737
5897
9234
1771
286
5884
5180
6848
7161
1760
8803
9176
8510
5737
517
2900
861
8178
4517
3042
1211
607
9095
6532
1251
3953
6903
387
5400
1706
8063
547
8847
6290
1752
984
2619
3688
8113
9530
5913
4188
5038
2005
3773
7661
4898
7891
9724
9999
8081
7598
7612
2527
95
993
1177
2698
653
5119
3305
3419
2709
1382
1330
9331
5412
6741
9258
1230
8327
2572
7583
4788
2585
5570
5577
2013
6924
3469
8413
3128
3670
8221
5539
4701
6462
2042
6666
3858
1543
6352
4554
2091
2732
7320
9722
3142
4044
1897
4291
4438
4537
9102
4821
1037
587
633
9833
3712
26
9224
1878
3670
1164
1768
9224
3697
5612
9464
398
2048
2844
6927
8818
7972
3884
2688
2623
4577
811
1772
3790
6055
7325
4489
337
226
9213
2114
4436
31
5045
2526
2369
6465
5933
3718
1043
9506
1296
5281
3421
1693
1621
6611
6683
5356
4860
662
7001
9229
1591
310
7507
5019
4683
5716
5213
2842
9655
7395
3732
6130
5765
4055
3268
624
9902
4783
892
1706
5747
368
1311
2113
425
4868
3484
4732
8997
7730
9888
1426
6056
9456
1642
7080
2012
7543
7824
876
4128
5254
8512
6753
2305
3337
793
1229
3258
9835
2347
2223
300
6138
780
2436
1137
8090
3773
3403
8734
5389
8380
9768
440
7009
2683
3111
6584
5274
4913
5058
5873
4162
4320
4532
7729
4910
8455
9326
2743
675
5432
6409
8164
7321
8604
3294
8357
4062
8550
6563
9456
1214
7942
3287
3692
6002
9727
1872
8614
294
8826
7618
6385
9520
380
9986
4206
9389
8134
3004
2285
494
2156
3666
8259
6420
4392
5750
3244
3031
2495
4522
8418
1629
6868
3590
1326
857
9388
4474
4655
1762
6434
6757
3721
6423
2364
453
6848
2399
4542
6319
3445
3253
3741
6817
5840
4787
582
5142
7983
4942
576
2714
5821
9763
9055
2718
7110
1233
267
9919
9738
7687
5745
4946
1425
4127
696
6691
5406
1179
7991
4830
503
8766
7860
8269
1875
8783
7984
1076
3013
1130
3137
6153
8200
5895
2928
1447
3068
2639
9109
4021
9696
1084
4831
3395
6832
1584
6712
6277
8737
3513
6089
67
3226
3779
8634
5551
6438
3615
4700
6360
7031
5395
8042
511
2269
5313
813
7593
551
8589
7408
8789
1609
1049
7364
2046
8302
9139
9269
4674
1408
2193
4812
7828
3479
3036
2165
4079
4238
5035
7204
5308
8060
161
6836
3814
4913
6618
2336
2172
863
3986
5878
3047
3356
9990
9848
9580
2453
2367
8133
8004
7092
8860
2968
9882
8613
4367
1007
1621
2934
3804
9262
3735
6845
5853
277
9204
2126
1721
5488
471
7405
3430
1677
738
4065
8092
1619
3413
2458
8236
5057
3665
9637
5697
9429
9501
4237
6374
6927
1064
9283
5065
5780
3424
689
1518
1111
4947
7308
310
2789
980
6297
5681
8415
928
6433
1618
2078
8001
6984
3411
8242
8018
4762
8201
1435
8693
2518
744
908
4882
224
6202
1725
432
2386
1436
8528
1657
4034
922
662
1993
7450
9196
4451
567
6100
7377
1759
5463
5716
1483
5102
4239
5595
9643
9059
969
1113
2702
384
1737
7331
679
2129
9551
1285
8512
2634
7839
7753
9868
61
5007
4569
9359
9057
8960
3345
2719
1263
7729
2137
2972
2271
7856
2673
2143
9667
1346
4238
7791
2002
4342
6820
5273
392
8773
4996
5345
6587
4348
1321
6772
5841
7485
4077
5712
3489
7763
321
3846
8487
2693
749
5327
5596
7821
3940
2829
1764
5273
1596
9555
1626
6065
2316
7304
9978
5898
2151
9767
8925
7162
5001
4570
1850
3933
4495
265
8218
9288
9356
9198
2461
9756
1544
2923
4604
9901
9211
7678
3919
8004
9452
5699
4336
2625
2083
4634
9951
1925
9637
2699
5703
7375
929
6743
1376
4821
7062
9185
166
2662
184
6061
2283
1518
6611
9832
3577
7753
2943
441
4763
7995
9557
3621
1660
4864
4560
1209
2207
2127
3671
5828
3888
1204
8650
7314
6699
2126
4043
5569
1005
438
1648
5037
5415
386
7990
1519
474
153
2536
8182
4063
744
7456
2116
4342
5972
60
8748
1474
2208
421
6698
2434
7217
7884
6388
4003
6560
4262
2207
7781
1985
8298
4502
3851
1970
1512
8678
8007
8229
7261
1277
1653
2177
9716
5205
9574
9798
3535
5051
5312
7680
5382
853
2276
1870
7454
7380
9537
7571
2030
3286
7831
7325
1023
6142
718
7844
6802
632
7032
997
8262
647
4660
5263
1162
2770
6532
7006
7343
1231
9649
23
2306
2462
8030
6739
9129
8714
9611
6111
8220
8219
4939
6066
886
4959
1976
2161
1739
1930
3157
2592
2396
524
1347
8938
3177
5458
840
1683
4023
3407
4942
9452
3202
2620
3528
5751
3781
4894
8906
1867
6423
5048
3801
8474
6360
6496
8113
3969
764
5750
3974
3968
2855
5682
2812
874
2634
9773
7339
1967
5213
6548
2781
7688
6638
424
1818
5187
2456
9273
2167
496
9560
7044
9402
1627
556
2378
3521
2124
8269
3267
755
2267
3006
6979
214
5783
197
7452
83
4952
5498
6164
7592
2419
6669
8057
2396
9215
3613
4674
6968
7462
6038
8871
4868
6030
1227
4772
5424
1449
7973
4282
1220
1450
3626
3046
313
6040
4785
8854
6810
6247
5797
1081
1093
8373
8376
5703
6743
9891
7578
5537
2023
5893
8058
7658
5313
1772
3532
854
5574
5505
4620
5521
5073
596
130
8596
2701
3831
1879
2339
6
420
5511
5130
6142
710
3398
4938
2785
6087
9320
4079
7802
8725
8844
9156
7831
1290
7272
2184
9627
2124
8443
8946
1235
9443
9807
3347
9803
7306
6910
2124
8609
6087
7607
3760
121
1630
1632
4267
7667
98
6750
8595
8683
9325
7107
7117
432
7683
2423
5331
7767
2338
9002
5141
2304
1773
2889
1405
9641
3354
175
424
8001
2519
766
2962
7088
9300
8462
4657
4982
1037
9653
5157
3569
871
887
3918
8643
6397
5296
7406
1314
4219
5808
4384
8401
331
1479
6346
304
366
4689
8079
2784
1342
3
3736
90
3393
8599
8468
304
5904
2452
5917
2500
6969
3714
4398
8903
5234
684
4369
8885
6271
470
6653
5023
9141
2321
593
5480
5472
1725
8394
6773
2066
8815
8699
3311
2317
2243
7757
2891
9587
4212
804
5579
5500
137
4789
9638
9880
6946
7189
7462
4037
4548
8852
7953
2883
2336
2650
1690
7302
4651
8832
232
3788
7034
2706
3767
448
3388
1507
3981
6558
6940
5825
2976
5848
1271
6555
5719
8376
923
2913
4094
1798
1697
2043
3886
4125
316
493
1052
457
4018
3785
8177
3492
9131
4997
1306
1969
7047
5630
1264
9176
1749
7533
5994
596
8178
2553
4002
3881
3022
1902
1430
2570
1061
4220
4272
2250
5228
6483
8520
1041
2475
7341
3768
3281
5290
7052
1376
1498
3727
5735
4411
2155
9927
5791
465
2137
6786
2566
7791
7445
2132
2290
2180
8105
41
3070
1470
67
7913
755
6340
6662
5389
517
7685
7613
2033
3664
9489
7921
490
1589
6774
8093
4633
1007
6126
7760
208
8843
6838
2466
7941
8295
7426
8891
9829
5978
5359
7200
6619
3989
7898
3663
7457
8488
7056
6062
3285
8472
1221
6095
5424
9888
3688
1943
9204
9669
4471
95
3652
2255
111
1929
1384
7444
8311
6919
2640
1719
3965
1161
7001
2945
6641
7126
6094
8895
2689
6093
8689
7357
8820
2380
7642
7024
9707
1008
8847
506
8133
2206
7813
1674
8562
2242
9733
5042
8810
5686
1715
1533
63
4582
6587
2160
8848
865
5277
769
7376
7522
8683
581
759
4640
1744
3550
294
3250
8947
6629
2576
8663
1643
1828
6823
9397
438
9704
8501
4656
1317
8053
5645
7982
3082
2250
9169
201
4469
2838
3125
2517
2187
7882
2180
6706
6121
9713
8433
6211
9527
8927
3329
5536
3424
2678
1511
4506
2816
3358
9791
7565
9503
3605
9151
8699
1598
1605
9547
9190
2463
3526
8393
1133
4458
7844
8292
9451
5725
2690
788
5325
2484
3294
4286
4867
4154
1111
2920
6568
6366
4013
7920
1349
4281
216
8237
7491
6350
4699
4758
3392
771
2650
3618
8547
6464
5130
1600
1411
998
6584
6008
1142
9889
12
6641
2966
8625
5407
8868
6936
5222
1915
960
9983
1290
6835
4240
1935
1731
9315
714
7102
7464
2489
2922
2288
5508
6643
8510
3698
633
9659
3651
1030
8456
4369
9952
4881
5422
3543
8081
6546
928
8931
5351
7877
586
6576
6014
7494
9540
1014
623
3353
6103
2251
2407
7769
1839
906
9960
7856
2657
2643
3566
8551
2302
4963
6613
8862
1384
5958
5737
2526
4133
4698
2061
2013
4322
9478
560
7522
3450
1434
3293
3913
4039
5305
1859
9993
344
1444
2485
6932
5044
425
977
6847
189
940
9078
2964
4376
4484
1762
6052
8429
2170
5962
4272
2906
8045
5167
4953
7309
7226
7597
4822
5185
1946
8580
1847
5016
7867
8220
1016
7866
2052
1397
8648
8285
7523
8173
8442
518
7882
5302
6187
4815
7610
3687
9110
5001
3406
5265
3380
6836
9419
773
5320
3404
2166
8020
1338
8326
327
4903
7858
3916
4572
8480
104
1861
7713
2017
8057
2489
7375
3644
2652
627
5058
5770
1414
296
1920
8272
3211
7927
1287
126
1686
1889
2885
378
1595
6315
5054
4797
2251
2546
8122
636
9720
4670
589
9866
537
1226
2811
7131
9216
1683
4635
44
3113
7806
6875
818
5510
8351
9413
8561
634
9320
720
2302
866
735
6058
4070
491
1363
837
2720
5583
4032
8543
8272
4418
8688
2039
1485
3068
133
9772
2710
2104
3732
184
5985
3693
6052
6461
9044
8682
936
911
9656
4215
2441
7890
6186
2073
9000
9477
1571
3671
2978
6208
9387
5899
7860
8761
7177
3755
5537
1677
4494
2249
3602
8990
8836
6295
845
8408
2913
5551
7466
1160
4752
2898
9698
3951
209
767
2344
8803
7711
7846
876
5366
5427
990
9982
1916
1127
3172
400
407
30
4452
6735
7365
882
6973
9955
3469
1566
2465
6197
1637
1886
7754
8177
5415
5267
1843
4844
9430
8107
1557
2807
7276
2512
3361
85
7365
5007
8334
793
8257
1245
5587
5172
773
85
4503
8014
7012
9237
2151
9906
3901
9034
1976
959
6773
8856
1006
5435
4438
7247
6140
187
2039
5754
2029
4225
5134
8633
4146
1270
6371
8434
1260
7512
9911
9156
2781
1525
1110
5756
538
5160
3672
8924
3876
2995
3054
8536
6536
2382
6603
530
8051
143
7537
4169
905
2251
9406
9342
5096
5484
1974
6423
5817
612
6867
8951
5287
9936
2217
3789
595
6784
9135
5196
5190
9414
2604
7468
4376
1133
94
2574
3330
1676
497
6838
3711
6731
9597
2612
9096
4501
4529
1171
640
5119
655
5078
6156
1800
1800
8831
4024
6161
5401
6242
8934
7215
7078
8874
280
1999
4310
7210
1440
2889
5423
5671
133
9560
6516
6980
5337
4025
2348
1470
314
9938
9989
5129
4646
3077
168
1978
8498
165
1743
6903
1547
807
8676
4347
430
8013
4508
255
5894
7599
132
5413
5829
5355
666
3591
1973
7167
7055
3408
5390
4996
508
376
6827
2670
9875
1622
424
2225
7127
1233
1823
4774
143
2776
8051
5998
3943
1203
6396
1494
215
9177
3493
827
9479
3875
1202
4448
5283
6977
8998
4014
2012
8539
4964
284
2320
59
3252
5727
7451
4201
6440
2803
5838
4183
2335
3803
4495
8767
6698
7669
7344
7369
1790
2641
1780
2945
8649
8260
5279
6697
9160
6200
9534
9323
5368
9638
2216
1345
3628
8919
5539
3832
8895
5991
6825
5890
3978
7531
3276
3643
1208
1093
9272
8767
8119
4021
7160
2362
3986
1170
7532
5456
3709
89
6729
1646
5009
8021
4817
672
9705
0
8373
757
3339
8377
1321
816
2411
9847
1559
208
9453
9677
1526
9442
8618
6446
5531
8437
308
7618
1377
3438
6445
6938
6950
877
3205
129
5926
6064
1139
3731
8171
8663
9046
7570
9781
4712
5804
6135
2007
4820
546
438
7410
3833
6461
7957
342
8393
3065
2222
9462
1963
2672
1794
475
8833
7165
3601
4652
5610
3553
8664
3005
6616
4870
9658
5973
6164
3827
8338
9748
289
7023
567
1845
9214
2489
9313
8128
1440
55
4235
2211
2416
3661
730
50
2080
3681
2413
3421
2996
4077
3302
8945
1199
3093
9832
2513
2123
2121
2192
2375
8637
5468
9129
4757
5688
118
603
657
8769
9735
4787
593
6243
4958
6377
7043
8100
201
6254
5200
7511
1341
8245
689
5444
2809
7924
9794
1301
3366
6154
567
8338
5889
8131
2157
6191
3196
1866
6626
2484
4609
7950
7191
6029
841
1320
2516
9123
3757
1148
3501
2972
2714
2350
8164
6062
8234
6711
5983
1850
3441
5240
8540
9846
7877
5918
594
9259
9842
8007
8890
2209
6141
6900
6829
1655
8791
4703
2767
1063
9268
3294
685
9865
1532
7193
2691
4519
4242
5305
865
3682
2500
5489
6367
67
8914
6546
9934
3492
1378
3881
7233
5712
7074
4988
412
5831
6096
9461
9947
9047
1239
9069
1351
3208
8171
9213
2517
8726
5287
8529
6463
2309
1125
1198
3814
7888
8830
406
584
5858
1698
905
3903
8281
810
206
9387
9639
475
6787
8673
2955
7598
3953
1715
848
3439
4803
5586
276
947
7544
6417
8843
2477
455
348
341
2578
6371
3497
7853
9595
8751
5309
6116
8635
7955
4050
1454
9458
6128
488
811
3089
3601
8538
1768
7951
4146
6770
8279
5916
9221
9375
7228
148
9603
9590
4746
2997
4112
8471
4878
3669
8114
9250
169
1422
5507
6938
3556
1003
3493
3864
8159
344
8309
819
6714
2756
1219
638
2760
10
9537
66
4241
4769
6010
4862
2103
9745
1782
316
2395
1255
715
1527
7840
2395
3077
9434
7216
7343
377
6969
1455
9882
3014
4710
3101
3174
8254
381
5727
935
1876
993
2256
7406
837
3643
9860
5900
6636
2688
397
123
4833
6562
2978
969
7218
3466
380
9446
2069
2132
4675
9041
60
8603
2873
8797
1274
4423
2869
3210
9797
3508
946
3393
3500
5878
7449
6896
3339
1481
8317
615
8701
8477
8645
7842
193
4274
5519
4248
7648
5840
9939
5811
1966
6971
806
6881
9023
8117
7392
4778
3196
9508
1120
2339
4438
133
750
7747
3962
6977
7345
6276
9878
1088
7122
7132
3371
4875
705
8492
8915
9814
1351
537
4821
2061
2812
4489
2342
974
3417
3168
7682
5896
880
9820
7884
2979
2091
1357
5218
1696
4275
6618
6949
2369
2674
2544
8296
7132
2378
6588
4230
7165
535
1450
3192
2202
2099
7422
7559
9434
4281
1028
7967
8424
9468
4612
6325
2373
5784
1288
8459
9772
1497
960
1218
7226
7707
5670
1151
7918
1506
2750
5744
7933
1724
9136
3520
1801
4707
4681
2025
6866
5303
6126
1706
6157
651
5298
506
7669
5358
7914
5212
4815
4237
9056
8852
3027
4919
3221
9992
2951
2962
1627
8330
4622
9436
6529
6885
7506
5044
2303
1349
9101
8250
1349
5660
8702
3796
6432
499
6218
787
6733
1646
4817
550
2160
435
5762
7917
1495
3052
5730
6144
4906
6187
8361
1872
1686
1774
4813
4814
2299
7699
595
1340
1939
6765
675
6641
1300
1863
6764
8497
1127
3032
2776
1323
5801
1416
6657
9525
210
5971
3060
8821
3013
1772
8277
9217
6087
8547
2531
6858
8180
1498
1037
2004
3790
6596
3845
6985
1927
8415
4980
4126
9601
355
542
278
1475
2731
8327
7318
5903
9028
5063
8826
9570
260
9354
2566
2492
509
7243
8542
9425
4194
4274
2425
2383
1369
6683
5460
4608
7762
9001
5300
242
3703
2202
2270
2182
804
3085
7018
2998
4376
2402
9589
8010
4460
1809
534
7085
2836
8845
5604
9787
5492
1082
2933
8318
4709
9277
8298
8841
1304
2819
6089
4564
3339
693
1147
6889
4153
170
1864
8271
4342
9053
143
2197
1596
17
5419
8401
5343
3314
9378
8986
1656
6397
8607
7314
4880
2259
1795
1160
5931
1195
9783
8125
1399
2262
7429
8838
4021
8518
8776
9153
8663
2305
6817
267
8219
8050
8732
97
5255
1633
1266
8246
4437
7620
975
213
321
6806
7847
8535
5089
279
581
2678
2964
933
6164
3
5438
8457
1122
9893
6179
7221
7074
9092
1905
4140
8432
949
7204
3634
2730
294
2148
6310
3549
2973
8577
7405
1182
7740
482
7618
5739
1255
2218
6810
3537
5561
4460
2780
9790
5396
1441
4945
2905
7047
1256
680
1697
4853
461
9694
9140
3828
5820
956
3522
6675
7367
9089
4896
5984
2071
5985
7889
5848
7984
542
5794
3264
5401
1206
3812
2916
2570
9933
208
1246
357
8061
454
5289
1706
732
391
1814
5814
2509
68
4751
1820
200
3846
282
3608
2318
4415
2497
2031
3320
6480
8527
9130
4848
6973
4829
6165
4418
9406
4767
9859
2532
7543
6392
9492
8212
1979
421
746
545
6044
8520
8936
2396
9558
8084
2636
480
9149
5129
7998
2416
3043
1040
9241
48
9503
8633
7931
6712
9291
4962
8664
2804
2252
4652
2547
2446
2232
89
7487
4336
9058
8888
3122
645
8089
8340
9419
4032
2371
2793
6934
2879
228
1993
1422
1777
8083
4174
8211
5669
8719
7921
9468
4517
4157
1675
4238
8755
2310
2761
6701
8387
7631
7413
8963
4921
3864
7043
3551
692
1881
2425
1759
5836
8377
8547
8545
232
1378
6422
7526
691
2146
1235
3224
239
8211
4190
2574
5770
4509
3583
77
3057
7801
8008
146
6818
8601
7849
2877
5110
855
545
8336
191
668
2134
8345
2543
4498
999
1035
7257
9628
2927
1908
6699
4116
1276
202
972
2885
1969
7559
3938
9290
6937
7767
2936
5158
6990
3504
1630
2758
1561
1634
929
340
154
8510
1693
1773
345
1307
8624
8517
6366
1287
5856
793
2671
2715
6848
5398
1608
114
8015
5496
8352
3100
8721
6454
8361
5326
1523
9196
2232
9564
6345
9000
8742
6057
1434
3977
2022
14
4126
4533
9816
2618
8294
843
2157
4809
9198
1768
1084
5271
4735
7341
8757
2055
4631
5472
2899
6495
221
6530
4439
6374
9743
8322
8307
722
9678
3872
7012
4539
3645
6228
8581
948
4294
1616
9711
8587
9902
8387
7093
6046
4938
9424
2543
9648
7202
6334
3045
1724
2852
337
5182
9258
6044
8345
5225
8800
2962
665
3117
8603
373
2219
6700
7886
6599
6914
4893
3561
8617
6176
1226
6478
4697
2793
3687
9376
3512
7687
1669
1213
1473
9871
9349
2814
5175
9173
7376
7612
3054
12
487
1637
5276
2256
6951
4991
3809
4215
9615
6652
8310
1653
2117
1631
8706
479
9589
8303
6723
6547
1451
6185
7835
9142
8644
3514
3144
974
1376
2733
1416
9553
5467
9410
8172
620
3612
3152
5293
5753
909
3884
5261
4171
9900
3130
4128
4732
8929
6436
7770
5530
8273
1657
5082
301
962
2471
3735
2284
2577
3532
8138
6144
5680
633
3885
9960
9700
4281
6274
7439
9230
4224
6295
8683
5144
8087
5048
1479
9346
8423
902
4548
9517
3668
6054
8555
5481
973
2349
1703
602
7632
3003
7553
2176
8659
6085
5755
6967
3009
7208
4400
6315
8513
4315
2971
5456
1869
9716
1400
2530
3554
3677
1881
1305
3747
3288
4490
7567
7715
1089
6199
8276
914
1028
1836
5585
1480
8990
6316
5900
3296
9944
6518
92
7767
1
7653
9950
9173
6075
8855
823
8522
6970
1409
4027
2749
3480
673
2173
7729
1980
2804
9927
1354
3083
2425
7196
8959
4592
21
1261
127
6025
1816
5305
4873
114
3408
936
182
6230
4653
8922
4666
9426
8772
1275
7019
3020
4424
6602
1761
6516
1382
4155
4111
2507
272
7881
3904
961
9149
1008
1206
3923
5838
4586
127
6421
2052
7768
3337
7515
4352
6643
3496
5775
9051
3683
3925
5230
3975
6048
2425
2275
4629
5527
3674
2329
2777
3632
3765
2251
7739
142
797
1806
7808
5686
1234
2306
2696
228
3638
3124
9961
8922
2860
1288
6316
2314
4626
4821
9542
3589
2513
145
842
117
5554
6975
6556
1097
627
2085
8201
9631
6954
2003
3398
8711
7770
6161
7286
2372
7108
1481
9936
5814
9087
1781
8544
5271
8539
1738
7789
1891
1154
1557
3915
7195
752
3332
1906
971
8453
1240
5774
6410
5992
1001
3032
4419
9486
2459
6133
5298
5259
5168
1950
6960
2073
1919
1008
6627
3335
83
7364
5968
419
4023
5042
5842
6827
2448
3873
4607
4145
2731
1298
1689
9709
521
814
387
775
8983
2381
4996
3397
6467
121
5425
193
1373
7346
1958
8783
8122
7827
4260
2557
63
3781
5570
9596
2300
1187
4013
9247
5654
8445
8178
2002
905
2833
2078
668
8526
6470
36
3383
9050
555
3854
2624
3127
8496
8343
1834
6583
9027
2025
3384
8278
9758
5699
3131
7791
1790
2477
4408
9649
8183
4558
3950
7732
6087
78
2838
2727
9977
4952
7036
1819
1338
18
2557
6246
993
8832
6001
353
6186
2405
7195
578
8196
3212
831
6289
5612
2247
3220
7669
5385
8245
