135
5523
5639
9952
3994
3803
777
1663
2477
4221
4529
1405
3732
3517
2277
7702
4099
1596
5150
7619
4036
226
1434
858
4822
2939
2016
8992
8967
1536
3289
4304
4853
7544
3021
4961
4865
622
939
8834
2469
1205
430
4249
9000
8745
44
3965
3647
8568
4896
1744
6166
1905
7883
593
7936
3195
1878
3089
9995
4313
3291
4133
120
9804
2773
3595
2202
3866
6677
7056
3212
4222
5062
8257
9319
5952
5379
7457
1076
3191
4408
555
5679
508
6343
8088
4078
368
4684
8962
6641
6784
7970
346
2665
2632
3799
5639
7613
4134
2685
3201
9515
4273
1923
2205
3788
9434
9748
8137
9163
1489
4430
11
5655
7755
8774
1813
4951
7538
2154
2411
5854
1822
5206
888
6848
6051
1451
5998
5651
2570
957
5644
9977
9285
5420
7221
7213
9565
5750
239
11
254
7690
1193
3814
1446
8272
4512
3284
4714
9687
9892
1996
4537
1247
7975
1444
2549
297
6390
7204
863
156
8730
1455
8578
7481
5089
3506
7267
513
8425
2909
9367
5061
301
9747
7158
2461
4899
5597
1598
4669
2980
8531
4427
710
7022
93
6006
8585
4727
6103
4012
7938
8307
4596
3936
8178
1640
1220
9539
7836
7168
2009
3939
469
5886
3222
2082
102
5957
1129
6521
931
5605
1867
3228
9969
3255
6389
9999
9316
5739
8053
7561
3094
1727
8305
6840
2335
1667
9083
8390
513
1372
4182
8779
451
8854
1416
114
17
9405
8449
5808
8754
4045
3051
5986
9306
2328
481
9495
9168
9272
3397
3135
7250
5078
2509
7393
1224
8475
462
4675
2471
5748
92
7317
4600
3531
6145
5071
3864
5700
1612
7181
3168
5237
7771
6599
6295
6938
6316
4694
4039
3063
5424
7364
2093
3184
929
3700
869
1557
3366
9794
470
8210
8661
8219
650
8294
8328
240
6129
1266
8467
5287
2886
5701
6356
3971
1346
2981
556
9957
4575
9968
3757
8499
447
9604
2773
9719
2671
5532
3210
2923
6870
2636
9830
1541
8323
4943
7366
2221
6902
9567
653
7238
5836
2612
9310
316
6001
7856
6425
3803
2338
2427
3733
9793
6897
9403
6576
7413
8316
9063
2819
2087
1327
2715
106
2569
6553
7630
6226
6463
9101
34
2531
8771
9163
7196
9008
3932
9102
3237
940
9984
5334
768
2560
7816
7161
9149
3595
4595
405
7005
6889
317
9098
2567
1479
9681
726
90
3589
6189
8480
836
5020
8085
6457
6867
5235
3659
9552
3994
1069
8109
1861
438
6549
2447
2560
1378
8877
9851
6291
3799
7523
2262
3805
3352
9733
4788
8208
3949
7238
7935
3622
8878
65
308
528
8626
5182
8879
7390
2040
8643
3017
5590
4775
493
9646
1710
7361
1263
4852
9772
9005
7001
4808
9137
9429
6141
2891
2817
1485
5134
8782
1479
5334
634
265
3398
1825
7914
9522
2722
6951
2679
3708
7712
3929
2751
7614
1596
2644
5080
6502
5562
4535
3941
3693
8847
9432
1302
9757
2048
1795
9877
6352
3531
7348
5182
4171
9077
3704
2670
1595
8483
3647
7056
1647
333
8709
164
8934
6496
1505
1217
1402
1428
189
5436
5197
5053
727
1306
4242
917
9095
8706
9888
2394
3570
4262
7938
2483
9390
3331
4419
441
1944
5607
6920
3076
2274
5907
8430
9060
6961
6050
4774
7745
886
4921
3374
9941
6651
494
435
8120
8256
6269
8099
748
1382
5609
7175
522
829
8417
5089
9964
4233
5956
2082
3709
2906
565
7007
7534
7996
2514
7077
5179
6667
3233
3898
1293
7579
5308
2118
8801
968
1856
8547
4105
9673
1824
1649
2081
619
3855
6781
1252
3339
9518
3842
288
4003
7666
1648
7464
633
1801
156
8073
7156
1391
4681
2495
4321
2140
4470
7320
2341
4929
4871
6345
532
2691
5288
6960
945
2982
7679
4106
3590
8733
1378
6245
1318
4305
1577
2761
4098
3361
5557
9987
2633
2281
2481
1458
7491
8406
2360
21
4304
4056
2951
8644
5852
89
21
2479
7414
8237
352
2852
3586
1530
8025
2533
1259
6059
7635
4632
9117
3199
1751
929
194
8967
4604
2765
907
848
7590
9696
6673
7982
284
5010
732
8618
3630
4102
9684
7773
6839
8491
5126
9629
1279
6550
9818
4839
8437
5423
691
2814
6907
123
5894
3618
8897
9994
7119
1701
6119
8354
7152
2858
9373
588
9002
2207
6366
7581
833
8845
8028
3783
4284
1309
8333
2145
8107
5501
8679
7541
7020
7492
584
1545
4302
1346
3753
3392
2951
4219
6371
1681
260
3941
1571
584
8768
272
2634
4044
759
3350
888
2625
8634
7571
6074
2382
2357
4775
8065
6226
7807
3545
7574
4547
3411
9134
6411
7735
1197
2683
3699
118
1174
2199
3236
4736
1332
484
2076
4907
2780
8896
1858
6207
6185
3206
5551
2310
3921
6795
2380
9550
4262
8310
1293
1537
6330
8607
1887
6167
6151
5164
4846
554
2958
7703
9578
2218
7807
7076
187
2498
9800
6658
4530
6859
4753
4031
4738
655
9271
337
6255
1185
9095
7379
7622
3067
8526
4332
2973
1896
847
2454
9020
3555
2724
5166
3581
1200
9736
5303
7695
8361
7077
3524
4737
1436
8122
2422
1309
8131
7231
1586
3795
4867
8219
2903
6600
1674
7814
9982
6846
962
2587
211
9590
9979
1008
2243
1539
3752
2937
5910
6721
6025
7753
5487
4390
697
6043
7938
9863
9129
4513
4134
719
2700
1818
9755
731
9108
2665
6637
153
541
9108
8505
9619
3289
3466
5695
3062
6476
9192
6201
4616
8232
2862
1483
5945
4396
5309
7772
6393
24
2948
3444
523
4085
1580
2134
1144
3570
1136
2784
1159
9570
5185
2272
9099
4
2569
2457
8301
9875
4558
1735
7356
8640
3018
6783
2403
1724
5912
6299
2122
6410
3953
2389
15
9556
2393
9729
6966
2477
9171
1551
366
887
4332
1937
4951
2022
1446
4106
721
6213
1059
9096
3382
5655
3958
9604
5611
3633
9348
4456
2434
326
9600
1248
9316
6946
3416
