135
5523
5639
9952
3994
3803
777
1663
2477
4221
4529
1405
3732
3517
2277
7702
4099
1596
5150
7619
4036
226
1434
858
4822
2939
2016
8992
8967
1536
3289
4304
4853
7544
3021
4961
4865
622
939
8834
2469
1205
430
4249
9000
8745
44
3965
3647
8568
4896
1744
6166
1905
7883
593
7936
3195
1878
3089
9995
4313
3291
4133
120
9804
2773
3595
2202
3866
6677
7056
3212
4222
5062
8257
9319
5952
5379
7457
1076
3191
4408
555
5679
508
6343
8088
4078
368
4684
8962
6641
6784
7970
346
2665
2632
3799
5639
7613
4134
2685
3201
9515
4273
1923
2205
3788
9434
9748
8137
9163
1489
4430
11
5655
7755
8774
1813
4951
7538
2154
2411
5854
1822
5206
888
6848
6051
1451
5998
5651
2570
957
5644
9977
9285
5420
7221
7213
9565
5750
239
11
254
7690
1193
3814
1446
8272
4512
3284
4714
9687
9892
1996
4537
1247
7975
1444
2549
297
6390
7204
863
156
8730
1455
8578
7481
5089
3506
7267
513
8425
2909
9367
5061
301
9747
7158
2461
4899
5597
1598
4669
2980
8531
4427
710
7022
93
6006
8585
4727
6103
4012
7938
8307
4596
3936
8178
1640
1220
9539
7836
7168
2009
3939
469
5886
3222
2082
102
5957
1129
6521
931
5605
1867
3228
9969
3255
6389
9999
9316
5739
8053
7561
3094
1727
8305
6840
2335
1667
9083
8390
513
1372
4182
8779
451
8854
1416
114
17
9405
8449
5808
8754
4045
3051
5986
9306
2328
481
9495
9168
9272
3397
3135
7250
5078
2509
7393
1224
8475
462
4675
2471
5748
92
7317
4600
3531
6145
5071
3864
5700
1612
7181
3168
5237
7771
6599
6295
6938
6316
4694
4039
3063
5424
7364
2093
3184
929
3700
869
1557
3366
9794
470
8210
8661
8219
650
8294
8328
240
6129
1266
8467
5287
2886
5701
6356
3971
1346
2981
556
9957
4575
9968
3757
8499
447
9604
2773
9719
2671
5532
3210
2923
6870
2636
9830
1541
8323
4943
7366
2221
6902
9567
653
7238
5836
2612
9310
316
6001
7856
6425
3803
2338
2427
3733
9793
6897
9403
6576
7413
8316
9063
2819
2087
1327
2715
106
2569
6553
7630
6226
6463
9101
34
2531
8771
9163
7196
9008
3932
9102
3237
940
9984
5334
768
2560
7816
7161
9149
3595
4595
405
7005
6889
317
9098
2567
1479
9681
726
90
3589
6189
8480
836
5020
8085
6457
6867
5235
3659
9552
3994
1069
8109
1861
438
6549
2447
2560
1378
8877
9851
6291
3799
7523
2262
3805
3352
9733
4788
8208
3949
7238
7935
3622
8878
65
308
528
8626
5182
8879
7390
2040
8643
3017
5590
4775
493
9646
1710
7361
1263
4852
9772
9005
7001
4808
9137
9429
6141
2891
2817
1485
5134
8782
1479
5334
634
265
3398
1825
7914
9522
2722
6951
2679
3708
7712
3929
2751
7614
1596
2644
5080
6502
5562
4535
3941
3693
8847
9432
1302
9757
2048
1795
9877
6352
3531
7348
5182
4171
9077
3704
2670
1595
8483
3647
7056
1647
333
8709
164
8934
6496
1505
1217
1402
1428
189
5436
5197
5053
727
1306
4242
917
9095
8706
9888
2394
3570
4262
7938
2483
9390
3331
4419
441
1944
5607
6920
3076
2274
5907
8430
9060
6961
6050
4774
7745
886
4921
3374
9941
6651
494
435
8120
8256
6269
8099
748
1382
5609
7175
522
829
8417
5089
9964
4233
5956
2082
3709
2906
565
7007
7534
7996
2514
7077
5179
6667
3233
3898
1293
7579
5308
2118
8801
968
1856
8547
4105
9673
1824
1649
2081
619
3855
6781
1252
3339
9518
3842
288
4003
7666
1648
7464
633
1801
156
8073
7156
1391
4681
2495
4321
2140
4470
7320
2341
4929
4871
6345
532
2691
5288
6960
945
2982
7679
4106
3590
8733
1378
6245
1318
4305
1577
2761
4098
3361
5557
9987
2633
2281
2481
1458
7491
8406
2360
21
4304
4056
2951
8644
5852
89
21
2479
7414
8237
352
2852
3586
1530
8025
2533
1259
6059
7635
4632
9117
3199
1751
929
194
8967
4604
2765
907
848
7590
9696
6673
7982
284
5010
732
8618
3630
4102
9684
7773
6839
8491
5126
9629
1279
6550
9818
4839
8437
5423
691
2814
6907
123
5894
3618
8897
9994
7119
1701
6119
8354
7152
2858
9373
588
9002
2207
6366
7581
833
8845
8028
3783
4284
1309
8333
2145
8107
5501
8679
7541
7020
7492
584
1545
4302
1346
3753
3392
2951
4219
6371
1681
260
3941
1571
584
8768
272
2634
4044
759
3350
888
2625
8634
7571
6074
2382
2357
4775
8065
6226
7807
3545
7574
4547
3411
9134
6411
7735
1197
2683
3699
118
1174
2199
3236
4736
1332
484
2076
4907
2780
8896
1858
6207
6185
3206
5551
2310
3921
6795
2380
9550
4262
8310
1293
1537
6330
8607
1887
6167
6151
5164
4846
554
2958
7703
9578
2218
7807
7076
187
2498
9800
6658
4530
6859
4753
4031
4738
655
9271
337
6255
1185
9095
7379
7622
3067
8526
4332
2973
1896
847
2454
9020
3555
2724
5166
3581
1200
9736
5303
7695
8361
7077
3524
4737
1436
8122
2422
1309
8131
7231
1586
3795
4867
8219
2903
6600
1674
7814
9982
6846
962
2587
211
9590
9979
1008
2243
1539
3752
2937
5910
6721
6025
7753
5487
4390
697
6043
7938
9863
9129
4513
4134
719
2700
1818
9755
731
9108
2665
6637
153
541
9108
8505
9619
3289
3466
5695
3062
6476
9192
6201
4616
8232
2862
1483
5945
4396
5309
7772
6393
24
2948
3444
523
4085
1580
2134
1144
3570
1136
2784
1159
9570
5185
2272
9099
4
2569
2457
8301
9875
4558
1735
7356
8640
3018
6783
2403
1724
5912
6299
2122
6410
3953
2389
15
9556
2393
9729
6966
2477
9171
1551
366
887
4332
1937
4951
2022
1446
4106
721
6213
1059
9096
3382
5655
3958
9604
5611
3633
9348
4456
2434
326
9600
1248
9316
6946
3416
6019
3181
2460
2298
6243
2664
1861
6027
6180
8254
4294
8345
6858
7097
8890
2223
5894
8061
4135
6537
5570
2425
2211
1385
9738
6874
5796
1545
4942
1857
6920
2546
2741
6
6598
2237
6500
5181
3765
4023
240
9784
4380
3866
7104
1981
4138
3082
758
921
919
2269
2176
3013
4074
991
6826
7449
7756
2100
5798
8846
1276
1951
5423
4584
2725
9219
7673
1123
9629
808
4845
13
2896
6497
341
8773
8253
1867
579
8419
3758
3944
1558
6392
9742
8637
5263
7559
5894
393
785
4804
6344
4231
7848
5451
4048
2437
6987
7012
3623
2070
4517
806
5834
1541
2240
8650
3131
6619
1571
9474
5158
6083
3261
3817
7031
6300
82
3068
6346
6207
1511
330
4050
6258
7592
3608
9598
5131
6306
7144
2746
6073
4797
6490
9474
495
5882
563
6268
5810
2670
4398
4070
1718
9773
8161
3821
4692
1803
6769
4464
1679
9759
6568
7460
9175
489
4214
1017
3965
4901
4661
4061
8744
2256
5554
8240
8903
6218
7849
5224
9416
6605
5968
1430
73
7149
4534
1896
3261
273
77
4816
6833
9185
2439
1397
4559
6160
2125
4696
5187
9452
485
234
284
1716
6180
4076
2965
8377
6082
391
1685
7127
1118
6318
9956
7158
2434
7568
2959
829
5177
8418
1277
8086
2941
9053
3794
2488
6357
1779
164
1280
8847
6760
2397
1793
715
9839
1233
9359
4153
530
5600
6246
946
8102
5294
3440
829
2750
6241
5366
2875
5503
5274
7702
9157
1988
8696
8375
5623
1554
8153
6345
1756
4735
2755
4896
1196
367
2914
6339
9795
8927
7347
2527
1780
7062
7904
4274
302
4952
5996
1269
909
2749
5906
1145
4404
9057
5353
6517
5562
5294
5227
782
2835
8087
3302
6153
6593
6949
1266
8365
218
2776
7380
29
5803
8230
6418
8116
9213
1752
7688
9713
3943
1589
907
629
3620
1950
8588
7867
1511
3485
3647
7064
7948
8040
1949
19
33
5626
199
1894
2549
9331
428
6597
5967
4782
2892
5295
9234
9092
7213
7363
1871
1600
366
9621
9516
3491
7499
1633
7428
8600
2496
6142
4575
6954
2577
3671
4340
3348
1514
790
7852
378
1650
1106
1080
183
1734
6315
5350
214
1971
2979
3215
2644
5027
2383
8117
8262
1612
9118
2507
6791
3205
8073
2437
21
1642
3612
2035
6285
6594
3556
1575
7139
3248
682
2415
1575
6935
783
319
9492
865
5272
3423
2731
9681
8891
3221
4752
7496
6042
100
659
629
7553
2869
9729
496
1835
4261
5356
1945
3337
4175
9832
3388
9013
939
9783
3144
1252
2984
3064
4305
9514
3173
7388
9778
995
246
1513
454
5759
3253
7554
9209
9453
2216
9702
299
4123
2930
2392
1957
3453
7724
2576
1743
2508
3476
384
7361
2145
8262
3737
5897
9234
1771
286
5884
5180
6848
7161
1760
8803
9176
8510
5737
517
2900
861
8178
4517
3042
1211
607
9095
6532
1251
3953
6903
387
5400
1706
8063
547
8847
6290
1752
984
2619
3688
8113
9530
5913
4188
5038
2005
3773
7661
4898
7891
9724
9999
8081
7598
7612
2527
95
993
1177
2698
653
5119
3305
3419
2709
1382
1330
9331
5412
6741
9258
1230
8327
2572
7583
4788
2585
5570
5577
2013
6924
3469
8413
3128
3670
8221
5539
4701
6462
2042
6666
3858
1543
6352
4554
2091
2732
7320
9722
3142
4044
1897
4291
4438
4537
9102
4821
1037
587
633
9833
3712
26
9224
1878
3670
1164
1768
9224
3697
5612
9464
398
2048
2844
6927
8818
7972
3884
2688
2623
4577
811
1772
3790
6055
7325
4489
337
226
9213
2114
4436
31
5045
2526
2369
6465
5933
3718
1043
9506
1296
5281
3421
1693
1621
6611
6683
5356
4860
662
7001
9229
1591
310
7507
5019
4683
5716
5213
2842
9655
7395
3732
6130
5765
4055
3268
624
9902
4783
892
1706
5747
368
1311
2113
425
4868
3484
4732
8997
7730
9888
1426
6056
9456
1642
7080
2012
7543
7824
876
4128
5254
8512
6753
2305
3337
793
1229
3258
9835
2347
2223
300
6138
780
2436
1137
8090
3773
3403
8734
5389
8380
9768
440
7009
2683
3111
6584
5274
4913
5058
5873
4162
4320
4532
7729
4910
8455
9326
2743
675
5432
6409
8164
7321
8604
3294
8357
4062
8550
6563
9456
1214
7942
3287
3692
6002
9727
1872
8614
294
8826
7618
6385
9520
380
9986
4206
9389
8134
3004
2285
494
2156
3666
8259
6420
4392
5750
3244
3031
2495
4522
8418
1629
6868
3590
1326
857
9388
4474
4655
1762
6434
6757
3721
6423
2364
453
6848
2399
4542
6319
3445
3253
3741
6817
5840
4787
582
5142
7983
4942
576
2714
5821
9763
9055
2718
7110
1233
267
9919
9738
7687
5745
4946
1425
4127
696
6691
5406
1179
7991
4830
503
8766
7860
8269
1875
8783
7984
1076
3013
1130
3137
6153
8200
5895
2928
1447
3068
2639
9109
4021
9696
1084
4831
3395
6832
1584
6712
6277
8737
3513
6089
67
3226
3779
8634
5551
6438
3615
4700
6360
7031
5395
8042
511
2269
5313
813
7593
551
8589
7408
8789
1609
1049
7364
2046
8302
9139
9269
4674
1408
2193
4812
7828
3479
3036
2165
4079
4238
5035
7204
5308
8060
161
6836
3814
4913
6618
2336
2172
863
3986
5878
3047
3356
9990
9848
9580
2453
2367
8133
8004
7092
8860
2968
9882
8613
4367
1007
1621
2934
3804
9262
3735
6845
5853
277
9204
2126
1721
5488
471
7405
3430
1677
738
4065
8092
1619
3413
2458
8236
5057
3665
9637
5697
9429
9501
4237
6374
6927
1064
9283
5065
5780
3424
689
1518
1111
4947
7308
310
2789
980
6297
5681
8415
928
6433
1618
2078
8001
6984
3411
8242
8018
4762
8201
1435
8693
2518
744
908
4882
224
6202
1725
432
2386
1436
8528
1657
4034
922
662
1993
7450
9196
4451
567
6100
7377
1759
5463
5716
1483
5102
4239
5595
9643
9059
969
1113
2702
384
1737
7331
679
2129
9551
1285
8512
2634
7839
7753
9868
61
5007
4569
9359
9057
8960
3345
2719
1263
7729
2137
2972
2271
7856
2673
2143
9667
1346
4238
7791
2002
4342
6820
5273
392
8773
4996
5345
6587
4348
1321
6772
5841
7485
4077
5712
3489
7763
321
3846
8487
2693
749
5327
5596
7821
3940
2829
1764
5273
1596
9555
1626
6065
2316
7304
9978
5898
2151
9767
8925
7162
5001
4570
1850
3933
4495
265
8218
9288
9356
9198
2461
9756
1544
2923
4604
9901
9211
7678
3919
8004
9452
5699
4336
2625
2083
4634
9951
1925
9637
2699
5703
7375
929
6743
1376
4821
7062
9185
166
2662
184
6061
2283
1518
6611
9832
3577
7753
2943
441
4763
7995
9557
3621
1660
4864
4560
1209
2207
2127
3671
5828
3888
1204
8650
7314
6699
2126
4043
5569
1005
438
1648
5037
5415
386
7990
1519
474
153
2536
8182
4063
744
7456
2116
4342
5972
60
8748
1474
2208
421
6698
2434
7217
7884
6388
4003
6560
4262
2207
7781
1985
8298
4502
3851
1970
1512
8678
8007
8229
7261
1277
1653
2177
9716
5205
9574
9798
3535
5051
5312
7680
5382
853
2276
1870
7454
7380
9537
7571
2030
3286
7831
7325
1023
6142
718
7844
6802
632
7032
997
8262
647
4660
5263
1162
2770
6532
7006
7343
1231
9649
23
2306
2462
8030
6739
9129
8714
9611
6111
8220
8219
4939
6066
886
4959
1976
2161
1739
1930
3157
2592
2396
524
1347
8938
3177
5458
840
1683
4023
3407
4942
9452
3202
2620
3528
5751
3781
4894
8906
1867
6423
5048
3801
8474
6360
6496
8113
3969
764
5750
3974
3968
2855
5682
2812
874
2634
9773
7339
1967
5213
6548
2781
7688
6638
424
1818
5187
2456
9273
2167
496
9560
7044
9402
1627
556
2378
3521
2124
8269
3267
755
2267
3006
6979
214
5783
197
7452
83
4952
5498
6164
7592
2419
6669
8057
2396
9215
3613
4674
6968
7462
6038
8871
4868
6030
1227
4772
5424
1449
7973
4282
1220
1450
3626
3046
313
6040
4785
8854
6810
6247
5797
1081
1093
8373
8376
5703
6743
9891
7578
5537
2023
5893
8058
7658
5313
1772
3532
854
5574
5505
4620
5521
5073
596
130
8596
2701
3831
1879
2339
6
420
5511
5130
6142
710
3398
4938
2785
6087
9320
4079
7802
8725
8844
9156
7831
1290
7272
2184
9627
2124
8443
8946
1235
9443
9807
3347
9803
7306
6910
2124
8609
6087
7607
3760
121
1630
1632
4267
7667
98
6750
8595
8683
9325
7107
7117
432
7683
2423
5331
7767
2338
9002
5141
2304
1773
2889
1405
9641
3354
175
424
8001
2519
766
2962
7088
9300
8462
4657
4982
1037
9653
5157
3569
871
887
3918
8643
6397
5296
7406
1314
4219
5808
4384
8401
331
1479
6346
304
366
4689
8079
2784
1342
3
3736
90
3393
8599
8468
304
5904
2452
5917
2500
6969
3714
4398
8903
5234
684
4369
8885
6271
470
6653
5023
9141
2321
593
5480
5472
1725
8394
6773
2066
8815
8699
3311
2317
2243
7757
2891
9587
4212
804
5579
5500
137
4789
9638
9880
6946
7189
7462
4037
4548
8852
7953
2883
2336
2650
1690
7302
4651
8832
232
3788
7034
2706
3767
448
3388
1507
3981
6558
6940
5825
2976
5848
1271
6555
5719
8376
923
2913
4094
1798
1697
2043
3886
4125
316
493
1052
457
4018
3785
8177
3492
9131
4997
1306
1969
7047
5630
1264
9176
1749
7533
5994
596
8178
2553
4002
3881
3022
1902
1430
2570
1061
4220
4272
2250
5228
6483
8520
1041
2475
7341
3768
3281
5290
7052
1376
1498
3727
5735
4411
2155
9927
5791
465
2137
6786
2566
7791
7445
2132
2290
2180
8105
41
3070
1470
67
7913
755
6340
6662
5389
517
7685
7613
2033
3664
9489
7921
490
1589
6774
8093
4633
1007
6126
7760
208
8843
6838
2466
7941
8295
7426
8891
9829
5978
5359
7200
6619
3989
7898
3663
7457
8488
7056
6062
3285
8472
1221
6095
5424
9888
3688
1943
9204
9669
4471
95
3652
2255
111
1929
1384
7444
8311
6919
2640
1719
3965
1161
7001
2945
6641
7126
6094
8895
2689
6093
8689
7357
8820
2380
7642
7024
9707
1008
8847
506
8133
2206
7813
1674
8562
2242
9733
5042
8810
5686
1715
1533
63
4582
6587
2160
8848
865
5277
769
7376
7522
8683
581
759
4640
1744
3550
294
3250
8947
6629
2576
8663
1643
1828
6823
9397
438
9704
8501
4656
1317
8053
5645
7982
3082
2250
9169
201
4469
2838
3125
2517
2187
7882
2180
6706
6121
9713
8433
6211
9527
8927
3329
5536
3424
2678
1511
4506
2816
3358
9791
7565
9503
3605
9151
8699
1598
1605
9547
9190
2463
3526
8393
1133
4458
7844
8292
9451
5725
2690
788
5325
2484
3294
4286
4867
4154
1111
2920
6568
6366
4013
7920
1349
4281
216
8237
7491
6350
4699
4758
3392
771
2650
3618
8547
6464
5130
1600
1411
998
6584
6008
1142
9889
12
6641
2966
8625
5407
8868
6936
5222
1915
960
9983
1290
6835
4240
1935
1731
9315
714
7102
7464
2489
2922
2288
5508
6643
8510
3698
633
9659
3651
1030
8456
4369
9952
4881
5422
3543
8081
6546
928
8931
5351
7877
586
6576
6014
7494
9540
1014
623
3353
6103
2251
2407
7769
1839
906
9960
7856
2657
2643
3566
8551
2302
4963
6613
8862
1384
5958
5737
2526
4133
4698
2061
2013
4322
9478
560
7522
3450
1434
3293
3913
4039
5305
1859
9993
344
1444
2485
6932
5044
425
977
6847
189
940
9078
2964
4376
4484
1762
6052
8429
2170
5962
4272
2906
8045
5167
4953
7309
7226
7597
4822
5185
1946
8580
1847
5016
7867
8220
1016
7866
2052
1397
8648
8285
7523
8173
8442
518
7882
5302
6187
4815
7610
3687
9110
5001
3406
5265
3380
6836
9419
773
5320
3404
2166
8020
1338
8326
327
4903
7858
3916
4572
8480
104
1861
7713
2017
8057
2489
7375
3644
2652
627
5058
5770
1414
296
1920
8272
3211
7927
1287
126
1686
1889
2885
378
1595
6315
5054
4797
2251
2546
8122
636
9720
4670
589
9866
537
1226
2811
7131
9216
1683
4635
44
3113
7806
6875
818
5510
8351
9413
8561
634
9320
720
2302
866
735
6058
4070
491
1363
837
2720
5583
4032
8543
8272
4418
8688
2039
1485
3068
133
9772
2710
2104
3732
184
5985
3693
6052
6461
9044
8682
936
911
9656
4215
2441
7890
6186
2073
9000
9477
1571
3671
2978
6208
9387
5899
7860
8761
7177
3755
5537
1677
4494
2249
3602
8990
8836
6295
845
8408
2913
5551
7466
1160
4752
2898
9698
3951
209
767
2344
8803
7711
7846
876
5366
5427
990
9982
1916
1127
3172
400
407
30
4452
6735
7365
882
6973
9955
3469
1566
2465
6197
1637
1886
7754
8177
5415
5267
1843
4844
9430
8107
1557
2807
7276
2512
3361
85
7365
5007
8334
793
8257
1245
5587
5172
773
85
4503
8014
7012
9237
2151
9906
3901
9034
1976
959
6773
8856
1006
5435
4438
7247
6140
187
2039
5754
2029
4225
5134
8633
4146
1270
6371
8434
1260
7512
9911
9156
2781
1525
1110
5756
538
5160
3672
8924
3876
2995
3054
8536
6536
2382
6603
530
8051
143
7537
4169
905
2251
9406
9342
5096
5484
1974
6423
5817
612
6867
8951
5287
9936
2217
3789
595
6784
9135
5196
5190
9414
2604
7468
4376
1133
94
2574
3330
1676
497
6838
3711
6731
9597
2612
9096
4501
4529
1171
640
5119
655
5078
6156
1800
1800
8831
4024
6161
5401
6242
8934
7215
7078
8874
280
1999
4310
7210
1440
2889
5423
5671
133
9560
6516
6980
5337
4025
2348
1470
314
9938
9989
5129
4646
3077
168
1978
8498
165
1743
6903
1547
807
8676
4347
430
8013
4508
255
5894
7599
132
5413
5829
5355
666
3591
1973
7167
7055
3408
5390
4996
508
376
6827
2670
9875
1622
424
2225
7127
1233
1823
4774
143
2776
8051
5998
3943
1203
6396
1494
215
9177
3493
827
9479
3875
1202
4448
5283
6977
8998
4014
2012
8539
4964
284
2320
59
3252
5727
7451
4201
6440
2803
5838
4183
2335
3803
4495
8767
6698
7669
7344
7369
1790
2641
1780
2945
8649
8260
5279
6697
9160
6200
9534
9323
5368
9638
2216
1345
3628
8919
5539
3832
8895
5991
6825
5890
3978
7531
3276
3643
1208
1093
9272
8767
8119
4021
7160
2362
3986
1170
7532
5456
3709
89
6729
1646
5009
8021
4817
672
9705
0
8373
757
3339
8377
1321
816
2411
9847
1559
208
9453
9677
1526
9442
8618
6446
5531
8437
308
7618
1377
3438
6445
6938
6950
877
3205
129
5926
6064
1139
3731
8171
8663
9046
7570
9781
4712
5804
6135
2007
4820
546
438
7410
3833
6461
7957
342
8393
3065
2222
9462
1963
2672
1794
475
8833
7165
3601
4652
5610
3553
8664
3005
6616
4870
9658
5973
6164
3827
8338
9748
289
7023
567
1845
9214
2489
9313
8128
1440
55
4235
2211
2416
3661
730
50
2080
3681
2413
3421
2996
4077
3302
8945
1199
3093
9832
2513
2123
2121
2192
2375
8637
5468
9129
4757
5688
118
603
657
8769
9735
4787
593
6243
4958
6377
7043
8100
201
6254
5200
7511
1341
8245
689
5444
2809
7924
9794
1301
3366
6154
567
8338
5889
8131
2157
6191
3196
1866
6626
2484
4609
7950
7191
6029
841
1320
2516
9123
3757
1148
3501
2972
2714
2350
8164
6062
8234
6711
5983
1850
3441
5240
8540
9846
7877
5918
594
9259
9842
8007
8890
2209
6141
6900
6829
1655
8791
4703
2767
1063
9268
3294
685
9865
1532
7193
2691
4519
4242
5305
865
3682
2500
5489
6367
67
8914
6546
9934
3492
1378
3881
7233
5712
7074
4988
412
5831
6096
9461
9947
9047
1239
9069
1351
3208
8171
9213
2517
8726
5287
8529
6463
2309
1125
1198
3814
7888
8830
406
584
5858
1698
905
3903
8281
810
206
9387
9639
475
6787
8673
2955
7598
3953
1715
848
3439
4803
5586
276
947
7544
6417
8843
2477
455
348
341
2578
6371
3497
7853
9595
8751
5309
6116
8635
7955
4050
1454
9458
6128
488
811
3089
3601
8538
1768
7951
4146
6770
8279
5916
9221
9375
7228
148
9603
9590
4746
2997
4112
8471
4878
3669
8114
9250
169
1422
5507
6938
3556
1003
3493
3864
8159
344
8309
819
6714
2756
1219
638
2760
10
9537
66
4241
4769
6010
4862
2103
9745
1782
316
2395
1255
715
1527
7840
2395
3077
9434
7216
7343
377
6969
1455
9882
3014
4710
3101
3174
8254
381
5727
935
1876
993
2256
7406
837
3643
9860
5900
6636
2688
397
123
4833
6562
2978
969
7218
3466
380
9446
2069
2132
4675
9041
60
8603
2873
8797
1274
4423
2869
3210
9797
3508
946
3393
3500
5878
7449
6896
3339
1481
8317
615
8701
8477
8645
7842
193
4274
5519
4248
7648
5840
9939
5811
1966
6971
806
6881
9023
8117
7392
4778
3196
9508
1120
2339
4438
133
750
7747
3962
6977
7345
6276
9878
1088
7122
7132
3371
4875
705
8492
8915
9814
1351
537
4821
2061
2812
4489
2342
974
3417
3168
7682
5896
880
9820
7884
2979
2091
1357
5218
1696
4275
6618
6949
2369
2674
2544
8296
7132
2378
6588
4230
7165
535
1450
3192
2202
2099
7422
7559
9434
4281
1028
7967
8424
9468
4612
6325
2373
5784
1288
8459
9772
1497
960
1218
7226
7707
5670
1151
7918
1506
2750
5744
7933
1724
9136
3520
1801
4707
4681
2025
6866
5303
6126
1706
6157
651
5298
506
7669
5358
7914
5212
4815
4237
9056
8852
3027
4919
3221
9992
2951
2962
1627
8330
4622
9436
6529
6885
7506
5044
2303
1349
9101
8250
1349
5660
8702
3796
6432
499
6218
787
6733
1646
4817
550
2160
435
5762
7917
1495
3052
5730
6144
4906
6187
8361
1872
1686
1774
4813
4814
2299
7699
595
1340
1939
6765
675
6641
1300
1863
6764
8497
1127
3032
2776
1323
5801
1416
6657
9525
210
5971
3060
8821
3013
1772
8277
9217
6087
8547
2531
6858
8180
1498
1037
2004
3790
6596
3845
6985
1927
8415
4980
4126
9601
355
542
278
1475
2731
8327
7318
5903
9028
5063
8826
9570
260
9354
2566
2492
509
7243
8542
9425
4194
4274
2425
2383
1369
6683
5460
4608
7762
9001
5300
242
3703
2202
2270
2182
804
3085
7018
2998
4376
2402
9589
8010
4460
1809
534
7085
2836
8845
5604
9787
5492
1082
2933
8318
4709
9277
8298
8841
1304
2819
6089
4564
3339
693
1147
6889
4153
170
1864
8271
4342
9053
143
2197
1596
17
5419
8401
5343
3314
9378
8986
1656
6397
8607
7314
4880
2259
1795
1160
5931
1195
9783
8125
1399
2262
7429
8838
4021
8518
8776
9153
8663
2305
6817
267
8219
8050
8732
97
5255
1633
1266
8246
4437
7620
975
213
321
6806
7847
8535
5089
279
581
2678
2964
933
6164
3
5438
8457
1122
9893
6179
7221
7074
9092
1905
4140
8432
949
7204
3634
2730
294
2148
6310
3549
2973
8577
7405
1182
7740
482
7618
5739
1255
2218
6810
3537
5561
4460
2780
9790
5396
1441
4945
2905
7047
1256
680
1697
4853
461
9694
9140
3828
5820
956
3522
6675
7367
9089
4896
5984
2071
5985
7889
5848
7984
542
5794
3264
5401
1206
3812
2916
2570
9933
208
1246
357
8061
454
5289
1706
732
391
1814
5814
2509
68
4751
1820
200
3846
282
3608
2318
4415
2497
2031
3320
6480
8527
9130
4848
6973
4829
6165
4418
9406
4767
9859
2532
7543
6392
9492
8212
1979
421
746
545
6044
8520
8936
2396
9558
8084
2636
480
9149
5129
7998
2416
3043
1040
9241
48
9503
8633
7931
6712
9291
4962
8664
2804
2252
4652
2547
2446
2232
89
7487
4336
9058
8888
3122
645
8089
8340
9419
4032
2371
2793
6934
2879
228
1993
1422
1777
8083
4174
8211
5669
8719
7921
9468
4517
4157
1675
4238
8755
2310
2761
6701
8387
7631
7413
8963
4921
3864
7043
3551
692
1881
2425
1759
5836
8377
8547
8545
232
1378
6422
7526
691
2146
1235
3224
239
8211
4190
2574
5770
4509
3583
77
3057
7801
8008
146
6818
8601
7849
2877
5110
855
545
8336
191
668
2134
8345
2543
4498
999
1035
7257
9628
2927
1908
6699
4116
1276
202
972
2885
1969
7559
3938
9290
6937
7767
2936
5158
6990
3504
1630
2758
1561
1634
929
340
154
8510
1693
1773
345
1307
8624
8517
6366
1287
5856
793
2671
2715
6848
5398
1608
114
8015
5496
8352
3100
8721
6454
8361
5326
1523
9196
2232
9564
6345
9000
8742
6057
1434
3977
2022
14
4126
4533
9816
2618
8294
843
2157
4809
9198
1768
1084
5271
4735
7341
8757
2055
4631
5472
2899
6495
221
6530
4439
6374
9743
8322
8307
722
9678
3872
7012
4539
3645
6228
8581
948
4294
1616
9711
8587
9902
8387
7093
6046
4938
9424
2543
9648
7202
6334
3045
1724
2852
337
5182
9258
6044
8345
5225
8800
2962
665
3117
8603
373
2219
6700
7886
6599
6914
4893
3561
8617
6176
1226
6478
4697
2793
3687
9376
3512
7687
1669
1213
1473
9871
9349
2814
5175
9173
7376
7612
3054
12
487
1637
5276
2256
6951
4991
3809
4215
9615
6652
8310
1653
2117
1631
8706
479
9589
8303
6723
6547
1451
6185
7835
9142
8644
3514
3144
974
1376
2733
1416
9553
5467
9410
8172
620
3612
3152
5293
5753
909
3884
5261
4171
9900
3130
4128
4732
8929
6436
7770
5530
8273
1657
5082
301
962
2471
3735
2284
2577
3532
8138
6144
5680
633
3885
9960
9700
4281
6274
7439
9230
4224
6295
8683
5144
8087
5048
1479
9346
8423
902
4548
9517
3668
6054
8555
5481
973
2349
1703
602
7632
3003
7553
2176
8659
6085
5755
6967
3009
7208
4400
6315
8513
4315
2971
5456
1869
9716
1400
2530
3554
3677
1881
1305
3747
3288
4490
7567
7715
1089
6199
8276
914
1028
1836
5585
1480
8990
6316
5900
3296
9944
6518
92
7767
1
7653
9950
9173
6075
8855
823
8522
6970
1409
4027
2749
3480
673
2173
7729
1980
2804
9927
1354
3083
2425
7196
8959
4592
21
1261
127
6025
1816
5305
4873
114
3408
936
182
6230
4653
8922
4666
9426
8772
1275
7019
3020
4424
6602
1761
6516
1382
4155
4111
2507
272
7881
3904
961
9149
1008
1206
3923
5838
4586
127
6421
2052
7768
3337
7515
4352
6643
3496
5775
9051
3683
3925
5230
3975
6048
2425
2275
4629
5527
3674
2329
2777
3632
3765
2251
7739
142
797
1806
7808
5686
1234
2306
2696
228
3638
3124
9961
8922
2860
1288
6316
2314
4626
4821
9542
3589
2513
145
842
117
5554
6975
6556
1097
627
2085
8201
9631
6954
2003
3398
8711
7770
6161
7286
2372
7108
1481
9936
5814
9087
1781
8544
5271
8539
1738
7789
1891
1154
1557
3915
7195
752
3332
1906
971
8453
1240
5774
6410
5992
1001
3032
4419
9486
2459
6133
5298
5259
5168
1950
6960
2073
1919
1008
6627
3335
83
7364
5968
419
4023
5042
5842
6827
2448
3873
4607
4145
2731
1298
1689
9709
521
814
387
775
8983
2381
4996
3397
6467
121
5425
193
1373
7346
1958
8783
8122
7827
4260
2557
63
3781
5570
9596
2300
1187
4013
9247
5654
8445
8178
2002
905
2833
2078
668
8526
6470
36
3383
9050
555
3854
2624
3127
8496
8343
1834
6583
9027
2025
3384
8278
9758
5699
3131
7791
1790
2477
4408
9649
8183
4558
3950
7732
6087
78
2838
2727
9977
4952
7036
1819
1338
18
2557
6246
993
8832
6001
353
6186
2405
7195
578
8196
3212
831
6289
5612
2247
3220
7669
5385
8245
1497
735
7865
2857
3901
3770
1772
7481
5497
5072
5936
4036
1217
7569
2508
5207
1356
1248
2050
3666
7391
2190
9918
4902
6048
6555
6260
6850
3914
5977
9449
8159
3309
1044
832
8472
6808
7151
6328
2398
8169
8801
868
3915
8307
16
2475
6294
690
780
8577
9190
2011
8879
3046
762
1464
7044
9325
6007
2130
1382
8144
4724
1839
5018
7938
99
223
8911
3717
5985
5474
7156
797
5552
5404
4283
8693
1346
587
1854
5873
4714
2040
1423
4067
7821
780
372
9617
6255
2614
1234
2071
7099
5034
3177
3049
1570
9147
5633
6844
4952
6092
3987
2373
1659
8724
9915
1794
3894
1424
2605
4328
1093
7566
7749
2301
778
423
1619
2855
2015
3051
1735
1892
413
164
2970
9243
765
1524
9981
1443
3052
8032
2837
4227
5604
1890
1463
778
8969
9065
9793
5248
7073
6084
5258
9900
6904
6143
7258
2279
2834
5772
8557
3873
4066
2757
8771
1586
8987
9937
2396
548
5
9254
8643
8671
3107
3167
6792
1941
7570
5933
8178
1920
980
5266
7429
1848
3902
1948
6224
7577
607
7743
4522
2644
6194
3830
4655
1589
9893
1611
2165
1093
2571
4277
8804
7233
2239
8226
2613
7179
2202
9941
8377
1311
9031
1889
1054
5961
6517
103
8846
2117
7885
572
4696
7367
3669
959
6083
9980
9491
5642
3584
80
5174
1414
2112
657
4497
148
7878
1220
4105
2793
3470
679
2562
5673
9005
2887
2693
9432
683
1251
1269
3276
223
5568
2098
2743
985
1167
4445
6837
7030
1804
2045
4464
2591
8903
2657
3884
3155
1624
8791
7216
6231
9887
5261
8209
3627
4410
1878
4246
5919
9547
783
2279
2789
7609
8594
3271
6984
4310
1003
6340
3422
1696
617
1020
2890
1148
8455
4563
4021
4320
2204
9730
830
6319
8704
5730
4415
4075
7792
2649
1202
5254
1571
8644
7396
9449
9005
5958
7561
5017
7764
8240
6992
5254
2594
6930
888
7478
7675
9184
2131
9762
95
2344
6666
6575
4050
1875
5873
6560
4586
1003
109
4138
5592
8076
9587
4344
683
9709
6963
8112
3986
8497
5284
805
8416
4601
3089
8270
3988
2156
2453
9543
1418
8090
8996
935
5884
461
282
6610
8989
2226
375
112
5464
3686
987
6686
9716
1684
8062
2099
4043
478
3619
2277
7259
1930
1230
4813
6188
5295
7732
5320
3859
6559
1074
4431
2838
7176
1537
4570
2625
1958
9432
4609
1689
5995
8227
8163
8159
8370
658
7466
9128
2192
6165
6430
4266
7836
8438
7609
953
7824
4023
4347
2147
2832
4782
3008
6968
2347
1310
6383
9694
7936
1641
9971
1588
7395
9555
8831
2342
8975
9784
6685
1088
1822
2096
88
1622
7799
7538
6380
4548
8072
3462
3946
4209
8549
7232
7360
9914
943
9050
2520
4828
5079
8289
528
369
7685
8227
6042
7327
9269
6327
3141
9661
3889
6670
8443
7479
21
1048
60
1124
4542
8730
7036
6711
8068
6927
1864
1203
875
3052
7359
9698
404
4824
9822
8360
6841
3580
8284
6915
3273
9175
4968
1397
1393
1222
6752
8725
2028
114
4035
4419
5915
7514
2136
3355
5080
2067
113
9948
1927
4924
2571
1946
9183
1927
5079
1008
6712
2725
1341
6409
6038
5841
6751
737
6437
9328
8637
3752
6836
6647
5672
1591
2742
1886
5064
1046
8759
5012
449
3149
1293
8515
2659
5178
2175
8901
1042
1650
3786
8854
3830
9851
3633
6300
2291
7241
5765
3413
2251
9688
8486
5648
6018
6618
4680
8927
3
8192
2074
587
2130
8462
5267
2056
3265
43
6701
7514
3367
438
4726
5704
5501
7247
3157
4688
6299
8357
3530
9212
6883
2396
4809
116
8107
1362
2633
6260
6737
1937
3480
7774
3626
7591
3089
6019
1788
388
1104
3695
6925
5412
8069
3090
636
5647
5496
4838
6542
8349
1292
3005
1883
9245
4663
1675
1418
5575
8304
7589
9578
929
3530
2488
5395
2895
1408
9724
9532
7103
4753
298
5806
2500
9759
5836
1881
5297
7026
7509
3398
4904
5250
8849
4972
9107
2389
7182
4647
5827
1878
9930
6742
5319
2727
4798
4340
1856
8744
268
5097
4274
2504
2646
6081
2749
3147
4847
4718
717
7916
389
298
5295
9013
2415
8399
4054
8893
2115
8474
2108
7106
5308
973
8460
8136
10
9349
1536
1024
826
2683
7494
3004
4680
4734
4025
6225
4338
225
9629
2126
2559
6049
1914
829
8847
2779
3197
3335
7188
4491
1228
3453
130
6151
744
5076
4819
7453
2424
6048
5119
6554
1091
1461
8346
6270
7614
4394
1837
4012
9559
9103
1098
9749
5041
816
442
4327
1618
1435
7273
9042
649
5022
7509
3452
5763
2660
82
8742
1824
1794
4642
2111
3665
5804
1443
8871
4389
4926
9881
5590
8469
2088
1710
5869
1772
7577
6199
2093
3131
8863
1401
2152
7420
7790
7707
2421
1381
8256
4654
8679
2159
6412
2507
2048
9784
521
4235
4402
3110
8036
2621
4535
8589
2576
9795
1937
2626
510
2270
2420
3057
622
1068
8595
9244
2373
3230
9896
4197
255
3247
7480
9278
4390
6834
4662
9983
8355
6683
2247
2120
277
9217
486
888
1392
450
857
477
1960
4280
2788
5452
2734
9162
6828
3411
5098
2662
1086
9549
841
3037
4577
310
3161
6288
8314
4607
307
2906
5471
3189
1144
2142
1453
5069
2080
2930
3053
547
4446
9467
741
5875
6712
1036
1756
5095
8629
2361
4032
1507
456
897
5851
8573
2028
1148
9730
1664
9472
6720
6352
4899
7542
2714
2739
2342
6439
3420
2630
3181
6825
82
6655
8624
627
8969
265
1825
3039
305
2372
5648
561
2322
6396
4203
7704
3934
5704
1738
3363
566
3620
955
8246
1728
784
2649
8365
566
2906
3842
3664
4450
3738
3961
8039
6633
1229
9017
8576
9478
4276
9051
6415
809
7757
7994
7077
3247
8626
3077
4356
7651
7985
5717
3905
7125
2093
4671
4475
8874
9186
5884
8636
1445
3566
9191
1838
165
4430
1671
7359
6174
1815
4766
1528
8476
694
3089
3370
998
3722
968
314
9807
3841
3128
3647
9091
464
1360
2409
3616
7687
2241
2820
8786
5011
4818
4862
2628
1638
2674
8917
7235
1588
7343
7668
9909
7952
4983
5520
2411
6279
6669
7358
3027
3098
2254
167
1121
6370
6100
6366
8686
2143
970
4706
3665
2546
5618
2047
1246
3836
36
186
2812
4101
7303
3164
1084
8721
9829
1566
486
9953
2938
5399
1302
3046
7277
6338
23
9275
9314
3267
7678
7204
783
187
4891
6241
2334
8282
5708
8455
6883
2741
1906
4385
2206
7368
3207
5875
7827
2493
1536
1231
4040
910
4480
1260
270
5207
8686
2548
2932
9360
8344
9500
9976
4265
1815
9001
7215
551
7093
4913
1464
30
2988
5840
5580
5119
8880
7036
8136
5621
7952
6667
206
7546
7642
8996
2889
8927
2237
6851
2080
6380
3666
2113
1965
7652
4333
3795
1246
5789
3409
3537
8843
1214
8914
9162
6921
5050
399
3510
1198
1213
9903
8412
3174
3828
7259
1190
7446
9825
188
1218
3391
7087
2486
106
2517
7395
8422
9189
6913
260
7896
4943
275
1789
7549
6183
2764
6816
1450
1352
875
6941
868
1450
6182
3763
5035
298
300
7638
7060
7511
5001
802
1644
7758
825
3487
2297
9353
5440
5718
2419
5123
6602
7426
67
6031
78
1098
3723
298
616
9582
407
6366
8440
6848
8530
2456
6773
1206
684
2124
6549
6797
9370
7495
129
560
1326
5750
6789
472
1305
7589
1014
1206
958
6202
8407
2367
4761
9300
4525
6088
320
3806
7889
4675
3305
248
6231
2312
9436
887
3645
9207
826
4796
4325
5116
350
3747
2422
8325
3043
2301
7360
5312
5254
4256
2191
584
109
989
6290
818
9560
19
9516
8787
6311
8242
8699
4613
7773
5858
631
2121
867
517
2429
1070
288
474
2540
6867
3047
5667
3536
409
4066
3354
5678
9501
1166
8287
4719
7237
3782
4085
1504
57
1429
222
1016
1940
7926
5764
8892
3418
8510
3034
3040
5276
8140
4194
8847
4714
6431
3312
6397
7961
9050
6718
1851
1125
7332
2257
3739
4520
3027
685
3540
2076
9465
885
6216
7229
8207
6629
7476
7539
2466
7171
8184
927
5915
3235
6247
8739
2467
74
6849
7911
6870
5942
6895
4025
9399
5948
2399
948
2341
1793
4050
533
3693
5213
1377
3594
240
77
5239
1643
8375
1432
3931
1390
7235
1525
6684
9606
2890
11
914
6539
8575
9912
4035
5024
2320
1622
7635
4977
86
523
5728
1067
1545
6335
4237
4321
658
7796
9772
6684
8805
9073
9778
4674
7967
3056
8069
9002
828
857
8041
5839
220
8654
5228
9203
3510
5224
3199
4166
7934
7281
1702
8647
1843
9364
7650
1802
2172
7074
1868
171
3253
7031
7572
8962
2820
188
9820
9640
6337
7869
4494
4136
8405
9486
8405
5433
82
218
6267
9019
867
8077
4910
961
1413
1395
4056
3070
6343
3567
9360
9570
8142
4224
8747
4311
7052
2577
87
9719
4706
4448
1657
2705
8579
2562
229
843
7770
8213
3598
1914
7183
7285
1487
5024
5703
3203
3785
869
6970
7459
3277
1673
6824
3253
5389
5416
6462
1015
8527
6768
9845
8745
6034
7455
1197
9169
4403
9121
4776
8335
7073
2632
185
1043
1840
572
9855
4782
5051
1510
1165
7303
1694
4295
2348
4239
4707
4382
162
822
763
1034
5365
8127
2016
3405
5563
2354
7832
9442
8996
626
3692
1136
2026
2158
9578
6670
8711
8107
5656
9786
7656
4481
5882
3509
9153
2676
3493
3489
577
1223
3925
4862
4567
876
9116
1281
5989
1839
8924
2006
9716
9876
5575
3720
2633
734
2581
7870
1270
8833
1286
4056
4644
3210
8616
3642
6911
7118
6427
6888
674
3200
6643
7780
2149
2791
3662
3683
5636
1871
4823
806
3154
1791
9962
2392
3550
4171
233
9748
693
1834
7214
8393
1944
3307
4177
2815
3919
1491
3309
3372
6734
1643
6286
1411
806
6120
8174
5085
5439
9530
6944
858
758
2361
9212
5497
5794
3773
7885
8902
8139
3965
2135
8740
9916
4650
5581
5708
6472
4477
9058
9140
5579
5966
6190
99
6323
4023
6451
5668
2415
264
9905
5434
5366
2956
8039
7091
9227
908
2394
8495
624
5762
1563
8450
3929
5489
4580
6952
3954
3971
8179
7801
115
3955
3963
4750
2483
7180
1255
9186
1355
9585
2592
1596
3980
9695
6273
333
7028
7008
9353
4405
396
2513
6128
2747
966
8598
4430
7740
6518
4317
8600
7602
8253
1760
5949
7289
4462
2719
9392
7871
3131
8605
9862
4667
8831
682
8867
8559
146
1873
3088
9072
8328
418
9887
4262
3019
659
4354
3055
2938
9075
2297
1432
6754
4527
7227
7903
7132
1448
5559
7523
6391
1269
8075
989
776
2165
8661
6979
5615
2599
2199
3194
523
430
944
8571
929
5647
617
6138
4457
8253
7438
2355
153
6839
1614
7798
5062
6159
9572
2421
5864
7119
7863
3466
5902
680
846
974
1010
7419
5720
8488
14
9947
8059
355
3310
370
7147
8484
936
3843
6238
5306
1834
7808
7198
9206
4211
1629
9135
413
9589
228
289
4955
8921
907
199
5035
7219
9091
5257
469
8455
50
2344
6166
2093
3
448
5382
3009
4285
4339
2630
190
9377
5267
5384
236
3544
1535
7828
614
1341
6226
408
2545
5046
4921
2128
5675
4280
84
134
2736
9339
30
1036
9747
9788
224
3143
4395
7235
4195
1310
9692
1860
4149
3380
1255
9577
9181
4562
3604
192
6978
264
2575
8977
26
6021
8353
1411
9279
5046
3905
4559
2470
3563
2058
7796
7683
9104
6815
4029
1687
5739
5356
5632
2603
8497
1246
9385
2370
6222
998
5959
8121
8756
8346
2260
3954
6195
6077
5578
2355
1019
5473
9972
6136
5294
889
4931
0
8857
611
3523
9510
7716
2742
3902
9198
7064
9417
3534
980
289
244
6808
6735
2836
2283
1975
1963
6770
4680
871
3095
4893
6807
3524
2620
2411
3113
466
8624
4553
1361
8254
1018
914
3491
8244
2934
3664
1902
114
1083
8882
5943
4813
5868
1550
2040
1651
9964
6505
6073
8049
6789
7301
8046
5142
5866
8506
4448
967
971
1065
6033
4436
6377
6412
9786
7531
9851
2210
1767
5356
7265
1530
4934
6573
7303
9437
9435
5726
684
8801
2712
9631
4691
1595
2411
5665
4937
6277
8392
1371
8729
2592
1289
3038
9180
5467
4355
6235
9189
9333
6235
3011
300
2400
4601
9823
9865
2055
5980
8930
7508
4465
366
2043
9562
3222
3896
3455
6787
1361
8985
9446
6785
8823
723
4245
5371
8439
3239
1660
7227
5458
2227
513
549
5837
1177
2365
2810
3221
4577
1365
8940
1714
8113
9004
5666
351
5117
7783
718
4041
1882
257
9837
3237
4855
1920
478
8631
8557
2247
6215
2033
822
7277
6260
825
1437
2062
2434
6078
3364
3425
8603
636
44
7066
467
2173
8384
2673
8386
9234
2211
7234
243
7571
1131
9142
685
5684
206
5426
4367
8761
8332
3631
8033
5451
7165
7914
8232
3723
1869
6412
6939
1494
4628
1149
1236
7209
2939
8597
9337
6503
6716
2179
7404
7353
3929
977
4527
7717
5856
2535
4172
4675
6926
4655
4356
747
4529
8985
6742
1347
6546
3616
578
9192
2579
6237
2911
6698
4949
9707
8234
5582
2686
1418
9456
9134
4552
8936
2893
9187
7565
7740
9622
8758
4002
7413
532
5155
1938
1635
7698
6863
6317
7540
2969
3275
688
7378
234
2905
7511
4907
2092
8079
2416
6881
502
4955
4001
3746
95
1957
9629
5275
7908
9323
3891
7113
8058
6216
3879
6128
2341
1974
1493
1600
5448
695
9060
756
6686
4654
3415
9549
5816
5779
2586
8863
4456
3415
203
9817
1725
8068
9654
2203
496
169
2310
3715
5246
1653
8153
25
6183
9409
4851
9500
1703
5811
5573
2620
6179
9024
9615
5433
3894
9570
4884
4955
124
4138
2478
9076
9567
1432
1330
3956
7584
8889
213
6395
2760
3824
3102
948
7935
152
3326
320
542
2088
1421
9280
2432
8584
9991
6343
8702
3283
8775
1119
8891
5006
2611
1595
2220
600
8888
6029
877
1330
7175
778
7456
5265
7616
426
7815
1746
8014
6196
8660
5933
6644
5417
5135
5229
886
9744
503
2623
5338
6146
2573
4921
9312
2198
1710
9837
9873
3984
8047
2669
5236
1702
7469
7617
3895
7284
7541
9992
2475
4640
5106
8395
6288
5776
2710
9112
7268
7850
6379
701
3430
6124
25
6579
992
7693
4107
6974
6836
7284
1037
5266
6133
3224
1593
2696
217
7640
7570
8945
7198
7916
1280
5162
8715
699
5086
5872
6569
3790
6832
5270
2450
5509
6073
933
4680
265
8908
20
6713
4385
2225
6344
225
3081
9274
6957
2640
4288
7094
6454
4062
7504
9238
6561
5597
596
927
3246
5918
5445
9183
4258
7878
7125
4275
9959
2642
7920
5192
7158
8680
415
9329
312
3104
991
4009
1497
7764
1778
6809
1390
180
8565
620
3096
1916
7009
7632
8922
6602
4373
1408
4696
202
5556
2464
9424
1301
1275
9929
8445
7994
7798
2198
6441
1755
1428
9950
7587
1035
3032
8914
882
4054
1009
2185
7145
434
6012
4107
4379
1301
6888
3835
6560
4295
9290
8904
585
4009
5699
2437
1344
454
1791
3256
6724
8393
1471
3600
1140
2911
9337
6043
8617
1118
5661
5814
8489
5527
9276
7990
425
3464
2981
9143
8931
4500
4112
1667
8489
3815
1310
7157
5192
709
3248
895
1408
1090
4023
9352
7171
2695
3740
3402
1004
2036
866
1275
1555
1041
6840
8426
5054
9626
9091
7901
3833
6778
1404
4793
4745
5158
6374
3649
2269
2877
3090
2242
70
5919
134
1183
6409
7468
427
6632
3779
3326
3110
688
941
2442
8810
527
5583
1555
3644
5797
2393
2095
8151
1057
912
7710
1137
9361
6726
2696
606
394
7774
343
67
3723
1454
7621
1949
2877
5397
3974
9171
8525
3119
2969
5353
909
3127
7947
7047
871
5916
269
1402
1972
647
2536
7833
8557
124
9214
5146
5488
3375
8754
8838
3956
6777
4090
9850
3552
3643
5428
1200
7145
1970
1943
7773
7691
1516
1659
7852
9051
346
6124
1035
3322
7558
395
5141
8924
3126
9253
1664
3625
1218
2472
9607
1220
9795
3892
2346
3275
1788
4990
8868
1262
6014
6459
1902
7731
8374
2474
2131
5848
1801
562
2532
4091
4580
3439
5420
4967
4877
183
5174
2416
4974
5282
286
9969
2563
1817
4949
932
6897
7966
1065
6242
1178
6925
7476
3851
5118
2641
2404
4664
2740
569
6971
303
5673
1820
5784
1846
856
5452
9062
2668
1036
2359
771
2549
6242
8739
6003
1380
1522
8283
4822
1502
8030
9829
5992
5916
4188
8567
4871
4017
1329
905
2730
8413
7519
7083
2560
9841
6720
9050
4007
4996
2355
8576
1870
6422
4935
3306
2221
3747
7542
2334
227
9882
4548
6668
80
6990
3511
8052
3252
4780
4841
4104
6552
4686
6123
2164
220
6048
2765
1051
9056
3217
140
5731
6375
5869
7387
3013
377
3128
2325
6206
2744
6573
3345
7785
5205
1640
343
4128
9412
8481
723
4320
8013
1354
5752
7997
6292
986
1158
6534
6091
9883
6622
2555
6295
8593
9749
364
80
6125
1496
1843
5357
9120
4448
4068
6895
3172
1894
6756
9965
3463
1064
3480
9521
3849
8924
4144
3680
7529
9780
9428
7055
1818
7826
7469
84
4652
7278
3943
3771
8072
7
1957
1962
2956
5287
6950
9047
9160
4698
7287
744
5960
2591
1289
3548
4643
1951
5396
2808
8131
2846
8668
2260
4582
8032
7523
8183
6452
8174
5647
2256
3042
8297
653
1207
8631
2398
8406
2851
3149
6315
9537
1262
90
2209
9066
3702
7711
4938
2401
7780
8673
7517
4806
2082
9702
2543
532
1945
1522
2508
5147
873
9379
7831
3426
956
6281
5262
6492
7869
7419
2562
8715
3013
6790
5925
371
8119
231
709
6576
4685
9082
56
3402
9729
212
4920
7400
240
8046
529
8195
8860
1395
1096
1005
7218
3932
5231
2577
6492
8521
7510
5260
3943
3188
9924
7612
6071
881
1415
5192
521
5480
9672
3329
4009
646
8050
7032
5622
8256
4356
1088
2755
9369
1605
1044
6287
263
3832
3036
1175
3441
1792
1004
3978
459
7798
6510
6894
9846
7464
7986
2577
801
4676
6770
6562
7044
4774
9723
9857
5039
6286
665
1925
623
6662
2593
8141
5233
1698
3093
2744
1737
1528
7476
6728
7669
5010
7792
2756
6045
4754
1620
6286
3102
6325
9222
4629
5880
27
5465
1163
1941
7719
2614
4105
1211
1826
7164
9202
4995
5172
1285
9318
3402
2165
363
5016
1768
4433
8267
5889
7136
5739
2456
9062
1095
7747
6723
2744
3433
1466
1178
6971
3784
230
4863
4329
390
913
3195
5112
8053
6935
8387
153
9932
9104
7817
6418
2061
9114
821
2430
5045
6667
2710
307
308
6709
5859
3812
1950
539
711
9465
1585
5571
6957
5996
1688
4301
520
6261
2494
9842
9559
9033
1559
7072
9382
9421
2972
1206
6120
3041
4901
6507
8132
331
9693
1156
9294
3570
2416
9717
2071
8973
3176
1831
6215
2570
136
619
4202
1187
7064
4158
2201
3646
2787
6286
1531
1731
1277
5804
5372
1220
6104
3554
332
1432
2249
8135
234
3352
4551
2497
2963
3343
9812
2810
7734
347
9504
9526
698
5945
89
2019
5330
3440
6855
3522
8736
3035
1639
4341
5863
1597
4022
8826
613
657
1633
407
2433
1792
2347
3398
786
1335
6799
1411
8225
6759
9526
1699
6159
270
554
8504
201
1767
204
1043
5787
2237
1076
3961
5427
6102
5527
9896
2744
3198
9389
9835
5723
3121
2995
5197
9868
3693
2863
7947
2176
998
4211
8845
3665
348
9795
2262
9687
2043
3546
4905
1014
9154
4490
3679
2439
2262
1762
5366
6348
1767
6645
2924
7710
9938
729
7229
5929
3145
9085
137
1851
6161
767
922
3225
7114
5964
3188
1666
2212
1865
2189
8600
1120
9138
7151
4124
7668
4305
2092
9049
7220
2417
9122
9316
4909
5747
1551
4386
3331
6129
342
5595
2638
6209
7218
1774
5184
6173
4747
100
9658
576
999
2425
9152
4627
5443
2713
8282
1770
7954
9863
7933
5304
6980
4772
761
4218
2314
3118
2643
8082
1098
599
3654
755
4207
5944
8390
1581
3346
6725
3526
9369
7694
8834
714
8455
4256
982
127
1509
4622
7503
5962
4564
5227
1623
8590
9350
3624
1398
5922
5850
4044
759
3570
587
3222
991
9780
1237
34
4892
1326
2202
2427
5562
8023
6004
2241
3324
4827
4076
2027
376
5347
1803
4462
5188
2324
7550
8910
8192
4454
8223
996
9892
8504
8930
1089
2940
8850
9309
7731
7425
7868
3468
6374
7273
6973
9476
1612
9137
6838
9830
1119
5515
6576
982
8230
9635
3187
2268
4326
9398
8745
1882
8411
8517
8482
7744
120
3670
9849
5085
9532
1532
1862
4599
8965
1096
2678
8957
7529
1136
3448
2330
3874
5183
6585
6716
6410
4140
9075
4614
5352
2304
1281
3091
7385
1538
822
4957
9187
7525
7935
205
5941
6662
6550
2995
3427
8318
2232
5191
5329
5342
4777
3873
6062
5804
1527
439
1827
6728
4108
1045
2955
4964
5464
6002
9190
3332
1214
0
953
3010
7485
4196
6568
1109
3539
7559
4006
7155
877
2972
9452
8325
6545
1027
1704
730
2304
4237
1944
3198
1846
2913
1896
8524
4980
4351
6968
5426
2641
1043
3570
1092
7628
8939
3962
948
4500
5932
3207
9984
6907
515
8977
2732
4537
6328
8619
242
733
2551
8866
2663
378
4146
5191
6592
8895
5297
1274
8820
3686
7756
8983
4132
1170
1434
2550
8328
6707
4490
4557
1644
3996
8387
8696
6219
135
6583
7340
7083
5079
7709
2105
4777
622
6335
9647
5238
3792
5585
66
3363
8535
1316
4624
4184
7369
1033
6929
5947
263
1113
5377
3903
3335
6741
6971
8059
324
1802
502
2621
3892
1623
5812
5278
9099
882
7560
9160
9935
1543
3176
2214
6971
6098
20
234
7463
512
806
7044
8104
2417
4010
9922
9796
9153
7872
9763
2153
6263
687
689
1102
1325
8780
446
698
9617
555
5517
9572
5691
613
773
3306
752
4652
961
1910
6694
827
8172
8766
6522
7057
8092
235
6014
7343
4459
8268
2983
5343
9278
5388
1734
2744
4335
4833
4181
8512
8398
8631
7364
7025
1592
5756
5428
1791
3670
7613
7061
2744
1962
849
7515
2141
8197
2420
5606
5969
284
1383
6482
6335
8844
7414
5659
3009
2619
2058
9413
4030
6050
7792
1020
1699
3928
7065
6248
1270
6432
7923
1443
8023
3286
8553
3757
7911
6949
1639
4095
1741
1453
9809
4479
391
1235
5987
9956
3358
442
7451
8891
1806
3649
8647
6233
1332
4188
1113
8066
8408
3175
8178
7561
1693
1400
8910
9576
6807
3525
9628
2
60
2726
7457
1736
6958
7996
7437
4905
6680
98
2766
7693
2023
1603
308
468
4491
1021
6309
10
9550
7524
161
2719
4501
7801
4552
804
2292
8492
1803
1431
3734
2176
8305
6211
2045
7598
4539
3138
3271
3357
8746
5173
5890
6177
31
3541
5457
3617
4963
7178
4832
5566
4872
2108
9060
2832
8176
9241
3319
2114
2796
7142
1906
8418
1928
5673
4379
8210
6517
2406
8066
834
7271
3881
8407
8866
5360
388
4846
5554
6684
6169
9877
4781
5295
6041
2629
7381
5308
3726
2631
4352
1992
8247
2201
612
734
5554
2017
9391
9043
2815
3410
3690
5821
7873
61
5326
9216
8296
681
7112
3913
2318
9638
9577
2558
7183
2638
113
2613
9068
9533
9325
2453
3745
1346
9534
2731
8326
1271
3165
2541
2355
1822
6396
1940
9943
7900
8142
2037
9675
1163
2953
1920
2466
1786
6827
846
6084
1159
8539
8516
6043
3280
5314
3693
4989
710
5433
455
2428
6708
8484
3884
8603
9391
1200
3236
7154
7229
6825
713
7587
9131
5519
7115
9421
554
7562
6949
5648
2137
7947
5344
9699
5225
5829
9974
5683
4605
172
346
573
6688
5693
854
2558
3452
6430
8453
2537
4376
583
1346
1913
2065
7794
432
263
8429
6974
7948
3901
2460
4170
2720
3820
9440
3008
6474
7419
3678
624
8908
1441
596
367
1524
2038
4910
959
863
7861
9460
5553
954
3188
9319
3304
8409
8039
1692
2720
7371
3986
5351
4655
3102
3693
3788
4219
351
4141
1521
2508
5477
5216
8840
9474
4879
2745
7612
2506
7642
9166
5322
9262
9607
1534
3187
7195
3181
4534
9342
9383
9659
4166
2515
6322
81
7808
9925
8220
3519
448
6368
9320
2221
8050
83
9679
1885
5504
47
8264
7726
2923
6898
4470
2755
4957
605
6850
9715
8573
2476
171
9538
5058
6455
7708
1776
1691
2228
701
3265
4990
1088
7868
4141
367
6782
4573
4424
723
5343
9807
3956
8182
1843
8098
7829
6586
3150
2966
5813
2178
7678
9061
7114
2398
924
5124
1909
6839
9937
9813
7164
9837
3195
1041
1835
1326
9649
1908
4662
5002
1267
954
9234
4421
1605
1225
1477
1901
7038
7854
2106
6109
2555
3116
2777
2577
6009
8194
2567
3483
6708
5101
938
9414
377
3966
1504
8824
3187
4669
2913
6221
8532
7134
3761
2625
8657
4627
5099
4270
3124
530
7594
5400
2972
168
601
8805
9207
9854
366
6129
1059
5804
594
496
4962
6155
3877
9493
2924
4463
4239
2915
1417
8789
8874
5282
6495
8776
5470
6645
5208
9930
3037
1049
1352
6674
8337
2176
8190
3585
8594
5247
1465
858
284
517
3917
9361
3584
1469
2645
2594
154
4277
2683
2438
5972
3616
9638
5537
9657
2633
3428
8927
8635
8330
8376
6017
1257
8907
9733
6178
9531
46
8492
3359
8912
3723
6082
4183
2555
1624
7158
63
1385
779
4193
2377
2054
7587
863
9237
2865
5427
3629
7544
813
8481
2980
1277
5545
7566
789
2202
9361
1238
2660
3332
6294
5019
6010
8997
8317
5565
5062
2029
5108
1853
5220
1750
6954
5890
9505
8365
591
6107
766
814
5433
8710
659
5231
9368
4609
5717
7840
1565
3807
1051
496
2535
1661
4589
8260
1229
3173
3214
580
4947
979
2444
8710
567
4262
389
8336
6475
873
9965
7080
2888
6035
5165
2045
7344
1612
750
4284
5221
401
4534
5964
3113
6025
5650
4203
1717
7528
2261
268
2046
2292
1648
257
8389
6103
4899
7030
8909
8277
5458
5230
6402
7902
8507
1122
6072
2502
2295
3270
5010
9011
9472
6078
3797
2839
4898
5138
1340
5982
1108
7038
5693
9514
7097
1165
1515
7389
7138
951
9966
1990
7190
232
4800
8801
6485
7715
8601
792
5865
5383
2909
2526
6014
1344
1268
4718
5444
9921
1722
4623
2451
6529
7160
7019
9390
9524
3875
1760
7770
1836
3700
806
1441
7599
2504
3650
5922
2314
1657
8954
2684
8982
4796
874
2571
3658
8652
9399
7809
7953
1783
8274
1705
1310
2471
1536
6536
6733
9460
9895
8484
5580
616
8635
202
3386
4004
7178
4667
2334
2257
740
3079
5739
8313
5487
8573
146
6598
6970
1616
4713
1579
497
9150
875
3027
2144
1182
4737
7862
1211
1992
9471
435
4510
1802
6961
2154
7312
8823
2119
2793
7790
4786
7871
9466
997
12
2098
9435
2639
2203
6226
1230
6354
5019
1651
514
3045
1689
6022
1506
6629
9261
8798
2092
9815
4744
1005
1572
3486
8287
174
410
2399
2951
3673
2633
1843
1137
7730
5170
3966
4007
6290
6457
9646
3336
4219
3069
6325
7216
1926
1182
7498
5052
7472
3738
3821
7709
5972
6313
6634
3979
1930
1466
912
4587
9217
6717
131
1684
2184
6562
1934
1646
324
5810
8445
1916
7165
9741
6425
2636
8793
2211
7749
2381
1869
7207
8153
8480
1169
2193
893
7842
8051
1538
8633
6889
6655
1758
5003
7948
7534
2821
1576
1608
5981
7906
1254
1296
2160
4328
5673
229
9046
8281
1741
8055
9757
9082
9556
2250
3673
3395
207
76
2290
7115
2146
1686
5916
2324
4340
7250
2780
5138
1348
556
9767
9729
3618
6876
6108
2616
3213
8610
5653
8681
5337
7138
1369
9627
9892
1619
6646
6937
1720
1907
1934
2204
8691
5453
3007
9654
4757
2397
9384
2849
6522
4259
5961
8328
9818
1239
5610
5763
1613
4876
4894
2761
8674
8487
6633
8321
3377
9362
8255
9898
1312
8348
7359
7260
627
2068
7249
3982
1608
8294
204
8346
258
4196
7691
6349
100
6297
5888
755
3024
9690
6362
2707
7856
6446
1331
3862
7653
4592
2749
7726
9134
5442
4174
3653
2668
2819
2969
2211
4515
7028
2255
6629
3603
8184
326
6506
8984
2219
4633
7183
7487
9429
4656
9069
4955
4686
2017
6929
1638
9364
3223
8701
8539
250
2146
270
7412
868
6111
238
6303
16
554
5754
9959
9751
849
9878
9728
7429
9226
2159
7394
2340
8760
9697
9082
2368
1098
9115
7678
375
2245
8400
9919
2559
739
2447
9812
2316
7627
629
4068
9698
5971
1921
5076
5992
1252
7608
8786
4142
5677
9243
257
1312
9898
8038
5319
9675
3447
6762
3235
8960
3999
3533
9634
7015
6346
1968
7172
6838
1782
6017
874
4001
1844
6082
2595
2484
2375
3674
2424
1135
7993
1211
5940
3873
2607
372
248
7816
3630
2663
5358
3864
3214
877
12
986
6749
9833
7451
2583
8919
3562
4057
182
3973
101
1276
3906
67
7651
2872
4367
1575
4519
4962
3262
271
4114
6422
1791
377
6058
1750
8470
2393
40
3188
98
2199
722
8195
9578
7159
7097
9688
5448
4013
6131
9462
2347
9024
1947
5563
4663
3214
375
7429
6288
1280
5674
7897
2087
6576
8171
6933
803
2888
8999
1732
6532
2637
9603
4834
9717
7932
4980
9808
1872
8852
1698
6155
4534
1716
1802
5736
2798
470
9203
1331
2702
108
8131
232
