27294
17128
10541
9891
25698
29682
26954
25048
24674
5716
24890
30215
25621
11708
2498
11636
13054
18608
27676
3583
5840
14372
19264
27987
29397
25932
29282
5473
9872
14767
19644
3341
930
19837
10893
22822
23274
20514
22370
18844
25840
24347
26004
9965
2436
16136
21266
21473
19106
11011
27488
14199
22169
11825
2784
799
1388
15254
10065
10537
17785
30766
16789
6014
15192
27449
9399
2702
6406
2262
5676
3209
28739
19155
23385
29906
1080
19396
14422
31665
24157
6226
19442
13896
10906
10966
27895
3784
7853
17703
27823
3300
28875
7343
25254
646
8586
3269
26034
28865
7422
17207
22065
14600
30498
6949
7570
28317
18298
6678
1815
23627
26615
17221
5592
4696
6939
13628
31756
4278
23901
17828
6020
24953
26063
3932
6008
14222
6654
9928
12166
26025
31002
26732
31736
16767
16983
5561
31558
18230
23186
13350
16603
4377
13624
25219
17692
30609
17508
6282
30375
27984
13383
1208
28888
27600
30157
31835
31634
1020
23677
12779
14396
26413
21410
9629
8201
31831
28328
1078
14205
21893
22728
26653
6957
6530
26600
12469
18886
13785
22204
25577
20304
27904
27186
19977
13748
5329
1549
21460
24188
6457
29903
10966
10715
5940
26333
27636
3821
9209
27870
13381
2367
5233
29028
18467
32658
22766
30158
27778
2012
16666
5741
27265
11408
15406
6629
28991
5919
26980
4054
18928
17343
3246
17084
4656
8811
15272
276
28822
18731
22219
449
30605
7061
8932
26541
10847
2964
5829
10419
22675
22376
12603
23485
17273
26862
27456
12841
16899
14882
6769
8306
22230
25314
22466
31244
27809
13301
15984
1167
11438
843
5943
17944
9143
3462
17350
4844
10490
4282
32368
7775
15247
1137
16932
4853
18938
4851
28319
30150
6141
14276
31968
22823
14000
10093
22492
8838
17107
25727
11636
26518
23906
9686
19364
9901
4714
29211
24061
24170
8732
5260
8021
18586
24607
20224
21437
15452
7467
27941
7859
31620
20180
7437
2457
28478
27043
12521
20070
6132
8555
11796
15004
13425
986
19795
15994
25670
8527
20571
31858
18796
14315
20627
27869
27948
5355
27420
27118
27708
8245
28175
14308
11819
17968
27397
23940
11262
13273
21213
24775
2588
6420
32441
15312
2407
25919
19018
7712
5036
12813
9038
19981
26429
20626
12886
15984
9692
11418
205
11423
19163
31295
16438
23195
19586
25019
5813
14730
27825
7546
5329
6247
31942
15988
14456
11000
6337
2745
8515
32000
7591
10829
23036
9655
24356
5687
23390
20343
24691
32213
11291
26552
5251
5746
16932
2878
26962
2330
2340
657
8861
29357
12877
25262
18364
10803
12632
9724
10440
16751
2759
20865
16126
29623
22382
31318
27752
30467
8497
16216
24250
25411
32015
2849
6522
9206
1632
12855
27491
10232
8026
16770
21260
17307
6874
4356
5829
30970
13154
28356
5057
6794
29533
30219
2171
31730
29355
26323
24146
9501
3417
4477
13942
15245
30640
10946
15880
5618
21362
7148
3453
11771
10848
9030
5956
25708
29183
22737
27048
19313
31900
27448
18423
27441
31630
10502
24292
13479
30395
10775
6186
5805
23902
11596
20850
26970
5127
32387
31351
9102
9187
30919
24168
3787
28477
30915
7310
27975
3909
21373
5166
17983
16144
9537
18353
19597
30689
3290
31490
4989
8871
9993
4408
1501
710
24111
28021
21331
15898
25165
23309
18420
9785
23854
16619
16913
9977
14051
9265
14932
32307
32368
15903
4620
8390
19141
10550
7110
28894
10224
27037
4637
10614
25744
21699
28883
8987
21389
7238
25632
22003
22022
20
16969
15615
16779
27600
17269
32413
30349
887
27581
32337
15122
25411
23426
15300
11693
5839
31235
8973
25774
2941
11822
12848
3478
533
6583
6116
8398
17326
2664
12186
32152
7634
5560
32442
581
27101
4766
5936
29865
9126
26023
807
20172
21345
21319
7700
17378
20164
19564
32503
4477
5481
26969
22494
28930
19572
1714
28330
15705
7541
14547
4885
8425
31888
2406
13812
24516
6619
13109
1466
4638
519
20540
13374
25348
12867
11779
18878
10059
9053
15403
10531
24774
4138
18758
10630
444
31529
492
26868
1176
14179
26123
15470
11235
30869
10366
24884
32368
11921
11489
21316
21462
12258
6052
27933
1315
30639
9311
13512
5583
31458
13925
31257
26863
22664
22428
10803
22187
27003
6540
31818
13810
29503
3253
23469
11885
555
16934
13059
26289
11977
2891
31956
25272
21119
27655
15692
9874
28526
29442
18748
29016
20378
27717
32354
9314
8011
8708
20714
10937
1716
8122
21044
29903
1747
11132
5336
23662
7576
27014
4584
1263
30025
24091
29557
2988
8997
16780
26708
7352
14664
23190
25889
16333
12238
21232
30341
29061
26939
14885
2229
23757
22043
10912
18491
18583
31717
17669
32761
3536
25381
30152
6251
10642
12506
14584
7212
16282
28445
20571
26044
8444
18692
8128
23168
11029
15814
9105
22282
4802
3872
13736
12443
28623
28407
5219
28646
7347
12350
24571
10519
15994
32538
529
5396
2306
25668
13194
20483
4970
6064
5277
24844
20680
26220
2858
28512
282
12234
23374
18554
11904
15809
11828
7077
2728
31889
31534
3774
16521
21926
1796
4155
3668
12735
28044
2668
15271
26191
27002
23553
16388
4643
20090
14797
11651
11590
27004
24009
13251
20514
15183
10076
20262
30183
16754
4313
30782
15921
16679
7754
26498
29157
18632
10604
16710
20315
23390
12026
15850
25027
31344
302
8785
26561
537
902
7316
3419
2909
21444
22776
32021
18621
1080
25374
3162
4361
19265
10106
1822
3190
19474
10502
24258
14321
23730
16184
16440
12978
27974
28721
21863
2579
29843
15159
13777
30627
1471
26469
19059
17782
29527
10913
10476
19648
9111
15567
10722
17058
31205
11076
16034
18244
31134
126
18950
27428
1557
5138
156
7854
25561
5861
5124
16396
24375
12191
11674
15167
15360
15197
31830
28783
21133
1703
23024
21631
32255
4769
19271
32741
16331
14981
24579
8121
15479
19792
13689
32011
30110
28604
8400
3706
25914
23151
17506
18434
24099
18546
5221
7446
21970
10724
3787
26863
31595
28400
10854
12579
16379
32508
16720
30329
13309
12323
31370
2044
24100
21222
30435
3150
28500
9758
17692
13631
30705
18229
24905
20894
605
29334
17274
12624
14012
10338
16795
3998
27643
2405
18585
30675
18960
72
12487
22535
24963
2824
12671
13878
23597
14503
14348
15253
11072
12065
9671
2597
22151
19873
14721
4232
20719
16117
10273
20500
30279
4159
10382
18726
5700
8174
30416
440
12488
30957
4722
23094
18275
28186
15402
9358
26651
2554
30396
12679
21864
9899
3867
18515
28547
16922
28625
15463
17120
25206
17314
5514
24569
7908
11116
32300
24654
8308
2898
27642
15530
12115
13081
13999
22695
8259
26066
4397
26484
13897
1210
6348
3542
19621
24926
28402
25965
23815
31491
4324
17721
13824
11076
25051
29533
30135
1533
7003
9250
7389
28776
6080
27198
19939
13190
11034
31831
3178
3521
32314
29635
4347
1999
8205
26770
1272
4313
16681
3790
15058
9693
19878
14593
13949
2129
22831
25592
6689
18441
4440
12231
19219
9306
10802
27149
25347
2176
31006
3449
16759
10045
12766
23181
20856
31171
31218
28066
22410
9684
17953
30253
23522
3880
13910
29504
1236
6159
25517
6484
30091
21847
21710
17733
1276
14704
3194
8350
24860
31438
26211
23319
29265
14735
13889
7516
4903
10334
23842
6416
28741
15511
18689
23058
9375
10667
4763
15615
26093
11207
11646
12024
21851
26032
24163
6821
18562
22002
27581
9849
7831
10041
15506
10296
30178
24575
22922
29111
21874
13671
1094
23268
7952
1385
22770
11525
23921
15408
11806
21317
17072
10432
9929
29804
27387
1244
10943
23022
14220
13351
14630
18471
21978
32393
18771
11237
18193
18900
11746
16679
31680
5800
11781
5924
22482
17556
18716
5519
12992
24957
22662
26394
10245
2116
951
27961
19409
4771
14987
8488
6145
8792
10714
1583
9551
17798
24141
4389
1222
14936
2416
10547
19834
5607
7432
9690
12917
21086
12454
28215
13556
2140
25980
7558
18132
22425
15472
20710
28999
17101
4719
603
21451
717
14084
5401
3933
5367
20777
30464
29161
2257
1629
31587
30214
20717
6134
21261
27360
6928
27321
17798
22645
29586
11432
3986
29701
14344
3355
2811
14531
7457
15122
912
30929
19406
7626
23918
31339
22950
31630
28798
30051
8328
720
15679
1229
14722
27000
24262
24827
7921
5756
24067
30124
14826
2481
19013
10368
24281
30177
15104
25519
32104
16669
7887
14587
1955
24404
31669
12515
21593
15141
1192
6682
197
8434
10320
27959
5485
24630
32012
6318
29259
5912
11830
18687
17963
23616
20136
301
5460
15081
13438
6002
4970
13623
16926
27185
21651
16587
16502
24876
6617
29078
11909
3831
15568
18154
10781
1709
32376
20183
21991
14817
15716
5044
24743
29399
22300
2044
4545
16116
14529
25692
32509
23924
25327
11273
20359
1627
25831
19287
12346
7598
4846
1160
23837
9954
31728
7905
25646
3221
25193
3076
1375
4220
15494
30585
21471
30621
32647
29838
31898
18110
14951
15969
22019
8989
17343
15931
7441
11105
32488
19487
903
23761
31839
23971
29561
22724
31086
5887
11276
7768
777
29284
7037
3175
16375
29071
6757
16311
9778
3485
27707
8561
8079
22817
10522
14805
24993
2164
29892
6955
31963
21580
9960
30973
26358
27280
18592
16259
1170
24939
2878
16223
30240
24736
7240
16779
11263
29981
31425
6031
1509
17106
12714
31735
385
2243
7113
22276
15455
11100
5289
15266
19723
14597
15074
12442
14201
7415
10138
6665
164
29774
16204
22289
9590
14687
32713
26574
30952
14667
28540
12171
11626
2005
4593
10038
3461
25968
1433
5138
10175
19356
11975
5804
29119
4979
5119
9744
9905
27263
20336
19260
25836
2511
14783
12501
20178
25418
12806
23321
13048
14659
10013
7189
32648
21581
17944
6168
1251
19280
29200
28263
19338
4572
26919
23090
318
16574
15046
24519
16742
19665
29481
23046
15538
8215
8222
31765
1022
18696
4873
6997
31353
13354
1068
21908
13062
9186
31525
26500
15586
23178
8376
18283
9095
10947
24015
22557
9681
25101
27583
18472
26720
16789
14797
29006
10045
31053
19441
19512
10944
22850
30426
19560
945
11563
7473
14448
21165
30269
21026
21089
7883
30535
1305
25735
32640
18170
6857
1619
7616
23688
6003
11673
20582
19058
15973
24572
22486
7066
19137
6310
31969
1696
9599
13884
5865
27499
15541
1296
15685
20230
24598
14745
10214
18862
18105
28449
827
6953
8733
32446
15187
22873
25193
17027
578
27920
4088
6391
5573
20774
24084
15558
2089
18377
23298
17591
4200
31253
24896
24542
9622
13796
11786
8723
27003
15848
16674
29859
9858
24567
27089
32581
25810
17829
9513
7503
23226
13080
12686
13097
15442
10264
31605
30722
11871
5990
18282
1987
24696
10319
15704
20801
4711
13952
14597
13495
2258
1052
988
26227
13595
21004
23535
27087
5252
21143
27708
14435
2711
10802
6703
27001
15045
29337
19561
28097
9549
29726
3776
13127
2911
2369
14215
17825
24193
24706
29199
15981
16179
4211
21101
6651
20174
12817
22142
17478
22706
30036
30761
29225
5792
25605
13540
6863
5221
18128
11898
9580
30393
24730
18699
7978
10598
29717
27220
3431
14509
18321
15920
12317
23013
6933
9311
18593
26469
17582
11143
14481
21412
26375
15736
3335
22431
30266
24756
18963
24699
32486
13103
2665
108
25474
595
18262
26325
1008
9287
23801
9137
853
30321
7855
14897
8233
9530
4047
18086
21130
8465
5272
15266
9430
25778
12135
31322
31352
28840
7725
19023
14594
8208
27681
29742
1917
15009
19378
1012
6140
26601
19648
30293
12152
26585
17163
21855
24535
13444
28908
2139
10318
28964
19011
23284
28649
19038
25520
32667
3688
11207
25094
4393
22349
28326
32252
22470
23347
26108
28710
21770
21345
27585
22820
23395
27551
21361
31258
13495
24137
26055
20832
7242
5793
18888
28538
4065
19817
32516
6218
15400
21426
19737
1156
2129
32751
19576
22371
1278
29005
27756
7322
16993
7495
6744
25230
20897
23412
28224
17602
30080
25508
138
31378
17980
29228
19718
15909
19634
1662
18221
8093
22729
28669
934
6288
5902
7439
6927
29628
10652
24691
10745
23798
18495
8405
4660
11620
11225
9887
24910
18412
18692
31763
86
6636
7672
5015
4325
5164
6064
10319
7008
12305
21064
3313
29303
21779
14506
23765
28657
12912
18281
17228
28332
24866
30445
19763
9695
25103
4305
30920
18851
19585
29833
30652
5298
16597
3912
22409
8046
29559
2848
1029
10277
25614
31084
22583
12435
5363
31851
12650
5288
22248
13357
14465
32396
32007
29363
21898
23521
3320
31570
406
14408
16231
20824
27335
8486
25781
23026
7850
30376
494
21837
11975
19972
14844
29436
887
18690
22298
1434
20726
1724
2187
6576
25273
4513
10379
29656
12546
28352
7814
14883
29873
12868
12680
19641
11613
15674
24309
4543
19875
2203
2426
14462
446
8582
5187
14273
17496
15053
15982
2942
13728
30643
21184
30137
26781
21492
32663
18086
6850
19718
27424
28686
2498
12447
22474
26611
23462
13431
27899
7799
19740
15183
30721
2810
6674
27442
14667
5251
21635
30971
4569
22881
7569
19735
9457
6674
29909
25996
16916
19299
4595
6458
11056
5081
31857
8289
2839
14416
21961
1636
12336
15330
2492
26829
24428
14090
22762
10128
21372
10761
29088
27284
15426
20105
2801
8303
21125
11393
13832
23154
21480
30296
22972
10725
31517
28749
3173
25235
18518
26390
16366
26250
11772
31175
29740
24348
30116
15094
25454
1833
28991
27933
23894
27297
19600
24127
17383
16196
4836
9935
24286
15020
15613
20429
31046
2446
23375
9266
32071
19517
12399
12686
575
15471
20424
15344
276
24644
5264
10502
8904
28292
1274
9861
23885
18472
30125
4043
21147
11037
374
22212
9729
580
10553
29706
15288
30397
12334
8784
5822
9829
2121
26880
18657
9117
25338
14883
10522
8782
14871
10114
17437
30250
25879
29450
15150
17972
3712
32373
1334
6530
7586
24103
17942
8513
26758
4950
12347
25595
16930
12654
9331
11797
14542
29364
1023
27548
6396
41
26857
20289
2083
28849
14488
27297
19452
17268
17569
7114
4593
22917
28128
29691
19155
12994
32200
31660
28363
29179
10743
30670
15763
27734
30221
5204
20197
18417
26559
6130
1844
28106
16679
1317
17563
21212
13662
19571
22547
23691
19277
29684
7912
25666
25280
22545
20590
7771
4028
27020
21488
26687
16403
3265
13033
16846
24373
32299
31606
30209
27721
24617
9996
14029
13949
22018
22886
12363
13210
20519
3010
22295
9435
28089
30797
30198
32255
5963
23004
16059
17053
14057
21468
25195
19896
12633
5772
29855
14227
1184
4970
7722
19910
12233
21994
25340
20882
18401
21614
32582
28786
24134
19827
8159
10994
7202
1288
31207
7620
14130
30341
1450
24849
9164
20089
24774
29197
10272
16612
7057
23246
13502
4007
30133
3166
9816
21816
19997
7951
21705
26522
18965
27918
4951
26509
30636
15163
1589
20482
28509
25656
29004
6609
14575
14784
25660
18350
30618
4155
26525
28250
8555
10383
3978
3350
17898
27704
5984
19037
10233
12187
27331
26834
12031
28311
16354
2168
29510
14174
9980
2081
27042
14211
13092
6953
29268
8020
8257
26467
20269
20329
6744
16212
17655
1149
2574
19615
27664
30077
2664
16065
29784
6111
27606
20990
24653
32309
26736
17051
31605
1282
28031
78
4093
16844
7743
13811
8095
26738
29667
31104
9161
6848
7898
14395
6395
22081
3409
13099
22896
29780
15097
8140
2818
28802
11786
16647
9288
26895
17800
3168
19713
3535
15557
12146
7605
28987
2087
2456
665
28612
28459
28142
17844
8552
1962
16760
1088
2434
30299
18848
4947
30950
6298
16102
6078
22061
31591
30675
21813
16462
17330
16430
30897
16239
27606
12403
25107
30714
31331
6529
12554
5106
5664
22675
6454
22152
6992
10097
16782
3561
5685
15592
13055
22363
18131
20855
6741
27016
4598
23627
24927
22809
886
7278
25422
2951
17850
16955
16479
19502
12923
19733
5306
14244
24778
29016
5785
29000
21589
6800
24492
22302
12774
24041
26045
10202
7468
28903
26256
20282
9150
30807
19213
19609
22877
17286
17824
26562
2425
18352
12257
10242
8695
28603
27504
16769
15154
5157
18979
27857
24896
12092
16740
23752
630
8589
27860
18059
10030
6814
9269
12268
22215
31200
10374
30710
19950
15327
11375
19909
27164
18364
15328
2460
28256
12509
18166
7217
1375
16611
21534
2123
9369
24028
7548
6799
13550
8378
7566
21399
9312
12293
20236
14405
17690
13004
9235
31831
7602
28641
30851
15163
3755
27974
934
13092
28990
9186
3346
13917
4953
7032
26832
18142
13545
730
32445
4125
27221
6234
24881
13094
2122
30338
14047
6382
31934
6405
31740
16100
14639
11764
24228
12746
4652
1845
14969
10947
14359
16434
30605
685
11561
27598
20610
28592
23734
24221
17391
16663
14259
26964
13574
3423
31349
6014
32628
1678
32699
18033
649
26823
17647
10369
26521
14106
937
2163
10146
15008
1141
24885
5166
30664
3798
7628
26491
3564
6795
5517
8154
13608
9744
6288
10837
20075
22120
8290
8340
14798
17434
30970
7682
26405
6522
30190
28715
21716
26153
2023
9832
28901
19423
18003
17599
4183
26728
16729
7685
28856
8429
12306
6469
30710
12917
20214
26214
9842
11179
660
26119
28502
13282
4743
18606
27433
17238
4261
10530
6304
12469
16505
9749
8119
14302
4852
16134
19201
24040
2655
30822
11068
22118
6804
2810
6441
19945
22894
8832
2459
15815
4990
28565
26573
11547
6399
4310
27128
781
22284
5958
5157
20052
4369
10736
23872
9721
20096
3277
10863
1885
20677
3815
5282
21885
9595
9151
11370
23925
10464
11244
12302
1091
3206
12550
26588
462
13900
6338
7357
19751
2957
4958
23820
7694
31895
18752
936
10168
25695
3034
13640
28879
4211
3536
18447
27835
1327
26205
18785
14880
21044
25587
5620
10919
2838
29217
14378
30722
14421
5818
158
18986
21647
18996
3324
29419
10739
12110
12567
675
9209
28149
30261
6727
26960
13673
9389
7846
21016
10652
2997
12530
3666
16347
31605
4220
4245
20143
9568
18879
4354
21766
22211
22176
15482
15502
16798
5108
25614
7010
18356
12355
16566
14568
31710
30667
8006
23033
19876
8648
2207
6211
4878
755
14882
18668
25784
18761
619
13944
37
9485
22075
12781
9301
784
12725
16181
7322
15408
6606
24771
28071
24095
20991
18042
22762
29030
6716
25546
10780
24745
2346
12572
790
25900
22157
7280
6630
7318
10751
27972
7458
11253
16872
8120
12924
5123
1706
31473
17303
6824
24092
26299
3353
28095
21306
17522
9218
25373
26139
20258
25916
31183
6179
18157
882
164
2169
27565
10022
1516
13499
2779
21758
29822
12785
9392
3679
512
29120
27785
24637
21090
26593
10384
21554
29868
9169
13465
30669
7418
13001
11338
28204
16324
24048
127
16333
29283
6352
31724
23713
13521
13318
31493
1122
2225
10302
23322
2343
31119
3423
25799
8246
31336
4611
13707
13593
15469
1834
27831
29428
25348
21551
8074
30741
14608
26363
22682
26573
19314
29816
9845
20094
3280
7496
32137
3062
26260
19128
28993
14331
23352
22511
2161
13607
7618
23404
12532
26103
17034
9391
5780
14366
27971
16949
24873
31263
8249
9130
7685
12058
4312
11355
22672
21734
9582
18922
9776
20577
50
25413
10604
29700
15236
13272
20560
21691
15222
26370
21011
24819
14476
1990
12279
28148
26560
6340
15729
12145
25545
26727
29578
19805
15261
30047
4997
3073
18997
30546
23746
14924
15248
24526
23010
23146
25338
26499
2348
14488
18062
31663
25647
25654
1018
8153
2729
16157
29314
6082
5288
5940
9800
28057
20463
32318
14538
10350
27803
21494
31404
18153
23815
13918
29368
21052
27884
19540
20003
7510
21453
7782
9745
1113
18066
29159
15964
16463
19571
23106
8593
8985
23319
29839
15932
20391
32253
356
26982
17007
3356
20718
27227
15895
14022
13632
29617
28789
24786
28394
11653
25530
9466
18382
13576
4074
27778
20527
13627
8336
28443
29195
31990
17071
6406
20139
13871
3835
7292
6776
8825
25673
12878
27408
203
17989
19913
11161
131
5219
18396
11094
26026
11544
17789
31351
17018
20809
23880
2358
27165
23556
16489
15647
184
8814
27325
28847
19624
4092
7732
4385
11532
21222
11642
20101
22915
11481
22998
4626
20279
15341
18514
11965
3866
20438
21020
11
4463
8030
13356
27427
4749
29203
25127
30247
7391
4668
131
27076
29744
6930
18925
12552
17957
30509
25575
27508
17419
9021
26294
25939
2515
2298
7291
27210
30299
1630
15264
9775
22768
29969
8309
2078
6160
17957
18971
23498
13684
1539
7842
3346
21326
23717
14958
18901
7887
24070
20191
30214
17388
16087
21553
9731
20066
16756
4768
4898
7159
28438
18128
16013
17411
29002
25965
13905
6192
8098
16910
12465
8830
5546
7520
29120
17546
25885
24192
12079
23567
14425
31656
26211
4269
30993
22030
22730
12009
20290
3337
8816
13430
3176
3190
7885
29107
22257
23130
4066
25716
10738
26569
15236
12293
32025
26886
29431
22124
10467
30955
14526
5871
23310
2955
30898
5590
12114
29719
1618
12658
16460
510
21850
10334
17595
31064
8343
29957
3310
27269
29433
612
29821
11537
18154
7698
7224
475
12254
19325
93
8311
16939
23670
16142
13264
11548
29424
8961
2578
15168
20484
18042
31687
11528
5177
25206
20032
8593
21763
7721
5430
447
11145
29355
22449
8587
8363
30447
31785
2974
6724
10228
16363
11038
11692
319
15807
18376
31618
31112
18376
2111
30888
14260
6315
28323
18574
5123
8180
870
3252
14731
28085
8795
19818
31717
367
7696
24539
13606
54
11614
27977
16400
5649
22334
32666
25226
1696
20702
14100
15438
12545
501
3429
3554
2803
9043
18918
27593
22332
11196
2848
12794
6985
32502
2448
19345
6165
4897
30631
8901
19020
71
8981
19738
13743
11828
15175
18391
32698
5256
24878
22715
7556
16650
25667
26348
6376
6207
20680
24624
12514
1084
13136
32351
22843
1464
13697
281
23913
23397
30745
12212
10929
13185
20015
14200
1422
7079
15804
14863
11862
8940
26969
8247
14619
25127
18250
1210
7375
24208
18876
19360
15788
31373
23627
14755
30419
26824
23239
8163
26420
21893
25912
28635
1453
14899
13599
19348
16502
3904
22527
26136
11196
20530
29468
18474
908
1524
29827
19764
1267
19309
21834
27777
25188
87
20761
8876
22361
7759
14058
3929
7997
25640
14092
6946
21386
19333
21102
14805
29999
31911
20250
7388
9524
13443
22016
27132
20640
20760
7669
19011
21403
30719
18427
25915
22480
2884
20675
7268
29205
24692
15216
6881
17230
28151
22942
3442
8334
25248
21667
5794
1664
23427
23572
21314
23558
11271
7564
789
18463
27708
27048
10701
7950
16750
10838
15414
10937
5370
3664
11698
21071
11616
3555
29157
25901
23962
11509
18097
3331
16044
7750
23141
11058
10109
11254
8753
9593
22245
2376
29918
26065
1031
29093
15803
4501
18657
14564
23515
15334
6945
12488
381
5966
18234
1994
10188
27299
8632
1305
27337
19759
25296
17888
24965
28173
24636
24519
18067
27350
6470
3260
1213
31102
18722
17395
31734
27000
29568
25643
4752
16417
8034
21300
26287
29787
13355
13998
13310
3448
11513
10771
16800
10587
5685
5624
27754
11737
2409
3215
8527
10597
6993
20337
23579
9965
28724
25242
32357
30975
27252
20661
4798
16432
10085
1179
20527
12478
15963
23574
29155
23412
30215
22506
14112
32206
25603
3350
8060
7518
10923
15191
14157
29294
18735
11502
2145
26087
12774
17315
751
9842
6885
22282
29390
6364
15569
18437
21733
10175
29681
28042
8419
13919
30599
16038
23344
15058
7009
24002
803
17252
20395
26918
12661
27449
21255
13499
31477
564
19168
20757
27518
27672
13818
944
11558
31469
27982
5242
12217
18598
10006
5266
25702
21504
12324
592
25015
25773
20343
28293
967
31410
2064
1796
23727
19726
11522
10849
2369
7068
31689
26872
15865
22586
12508
5937
8240
27435
19078
21763
16275
5818
28145
11959
17364
15904
8836
15087
8863
5032
22382
23014
29136
29201
26499
31225
10723
25908
3912
1383
27819
9703
2377
23893
9287
3360
17587
1557
3667
16990
27166
26791
1883
10564
8875
19840
10901
21127
21839
29835
6607
29707
20078
28270
422
11337
1452
6926
11769
5364
30208
29013
17053
26844
15370
29747
27730
16658
28326
30946
7670
11597
26049
8815
11769
11148
25451
13942
26641
17149
21294
12077
26415
17950
5022
11939
19377
34
32306
14154
8665
20886
8530
19892
3198
68
24753
26522
2049
15960
28637
19490
22915
11457
23317
18785
32341
23770
4698
25375
12208
5450
10952
24283
20135
24105
18983
20751
19545
6244
28862
4022
25195
9314
5479
11786
12214
23527
18409
26002
3388
25401
19841
4188
12129
5506
27586
6280
26456
4214
21920
262
6363
9013
28359
27551
14367
9331
22833
16442
25607
29654
247
22872
28824
10911
6759
23010
30125
16269
18008
4132
13803
8702
20666
2585
29176
4184
15729
16105
31720
11687
5988
29104
7928
6792
13776
12673
12159
5445
27619
6827
22305
25921
22150
15674
28998
5527
15482
19649
3018
17150
13478
32087
24567
240
1711
12768
22448
6667
31178
24462
29422
12215
1486
19111
8561
32009
6798
136
25775
16615
29029
13034
19985
4973
7442
22628
11614
10896
19398
13873
887
20993
28540
14132
3398
6740
16521
13369
31473
866
20084
4478
10067
9708
4871
21874
25516
8321
15270
7356
11159
19361
7392
3967
21821
31010
1092
15324
4553
17107
23670
31161
21020
11360
22402
15297
25537
7285
4975
29100
23075
28966
27928
24513
6141
13199
30007
3993
3347
11959
15299
15909
31776
28091
25980
27379
23823
25896
16324
27820
12141
19368
18096
12002
20767
26081
20831
32008
11600
18842
22666
32450
22446
23583
2909
18784
26582
4071
9861
10916
10508
9589
16779
4300
29232
29564
1632
13260
14829
31302
1849
25564
15156
18006
9884
8498
15849
26189
17851
24849
22492
30730
11522
9218
14842
4373
25324
16738
24005
1598
25882
3100
9985
22145
30630
13496
19888
15661
32437
3221
9281
12102
5707
3698
3589
18471
23652
20531
14818
26987
8512
16866
30027
4622
29182
24053
11119
12496
12652
11983
25777
30170
13086
19849
23129
26532
3261
15857
29321
16150
4514
19411
14450
20206
11427
19832
9415
31329
3117
28525
19058
32517
21652
28037
15239
5614
19622
23841
14966
12311
14470
27823
2948
20996
22200
15473
31356
21158
13176
13440
26785
383
18000
31760
30440
30727
3561
30197
8292
6733
7714
26215
22786
2785
21599
9730
1142
5618
9763
1552
22901
22452
15842
18955
1317
8708
23056
23134
8914
25935
8830
5228
23522
8368
26598
23507
17419
7512
453
20722
17859
31027
15976
20649
13048
17609
6474
8543
19970
14434
11165
29002
24278
17517
2855
2538
10364
290
2895
23767
21187
16743
5240
19901
7219
19696
1421
23973
26691
1451
21469
7030
32204
31835
23850
32187
2494
14466
8188
2470
14866
14213
20027
27477
1279
26379
28157
25429
28785
7846
31901
11621
28087
23733
18445
17532
7547
19081
29293
10253
4088
19398
21468
1673
21863
7436
11918
28966
29370
17879
26910
31967
3725
24996
17190
29883
27226
1110
14350
339
31724
15831
1057
27022
15126
258
32742
20656
30628
29121
17837
5523
19346
24178
21864
14131
32124
26768
10940
25201
26454
8335
31064
3344
13661
6407
902
16900
4429
13589
16127
748
3541
13823
15364
25309
26184
19478
682
15969
26261
12001
23158
13503
3961
119
12329
18045
19187
45
3549
15652
17657
20593
22865
16451
15465
21494
19586
15286
24642
26130
23675
31528
3348
29284
621
7895
32437
12217
6914
19863
18998
560
20463
18458
13333
18589
16329
16750
14004
6444
22553
8391
19722
12615
5554
4223
21913
7353
8002
32347
8608
22547
28200
28944
1169
29262
31109
22278
30661
29107
6038
12891
9839
32760
2369
17963
30159
8620
25581
10511
23976
31957
19863
24803
9459
29399
16162
27597
22229
4503
16623
23162
975
8161
21934
24491
9013
18695
1908
30961
10465
11211
19213
5300
9000
20607
11667
22906
29965
19051
63
29286
181
2159
30336
1279
22043
6378
27210
13364
14853
25818
15025
21660
6455
9796
30902
13826
15334
7638
22113
9760
19823
19403
3088
4267
3145
12303
10254
24720
13880
21923
31847
1662
1220
11588
7931
18596
19946
31559
12242
16316
7441
23752
22959
9544
22592
10243
16616
22299
17805
11266
21620
13340
1241
4985
13638
13895
20922
28398
10201
28148
8633
10780
17421
16988
29374
28826
22321
7001
24008
17848
11361
22637
16865
21418
12050
14598
6994
13800
7147
6656
23315
17108
13271
11372
21125
6301
9560
2448
1891
29028
8222
18478
1014
670
18136
30474
30601
27578
29514
8358
15133
30723
159
15440
3678
14279
4097
12382
8405
13497
31592
18873
15198
17812
27311
19608
7645
17665
16109
654
25901
12219
18434
27079
3417
28145
30832
27023
25615
19436
2925
12307
32593
26097
20790
7532
3182
2921
5541
24537
2865
23871
21766
9548
18776
11146
13095
1577
12871
22124
26798
3402
18174
13881
6831
326
21065
20188
20606
21235
11574
21111
31682
21801
10188
14154
18123
8649
27130
25814
7462
20478
24782
15426
8814
24515
3048
32765
2916
32422
16173
24229
3394
2507
11456
9512
22349
28979
19246
23593
19114
24638
27624
21669
25714
20335
5623
26582
3593
25456
30955
28247
18347
15702
3092
12938
24903
8229
11765
25143
13713
3991
22518
17269
6995
19481
14937
12494
259
20503
21615
8350
26267
12921
23820
15292
10661
4718
3896
18268
22421
28776
12071
26164
31324
6248
23404
29918
4922
379
32361
1406
14292
18052
29706
16036
1414
7229
14259
8564
24314
26745
11894
31492
10234
24236
24970
1285
29570
17836
15608
31142
22554
19129
9880
7861
24162
1468
316
3079
15855
4812
28715
12571
23637
25846
28369
24058
17029
13886
4276
21345
31834
14561
32170
7714
5742
28125
32330
16840
11826
17587
11424
30330
18494
26732
7461
32290
24805
24026
5101
21710
27405
22304
6691
16470
12605
24693
1971
831
19704
18980
21830
14047
10314
29655
19059
4290
15776
23830
23603
5965
2525
7947
20374
2465
25769
13192
29877
32450
13068
11595
3560
32761
10301
17792
14137
8822
2228
25223
25112
25658
9094
31736
14672
20532
30194
32740
313
11690
11575
7518
18479
16091
31401
6202
31556
21219
28164
2581
13106
11998
18944
13462
19860
4688
1830
18674
9813
23237
30945
18614
1384
2740
18648
25537
5305
14249
15483
30607
29284
9123
30940
5054
13094
1467
14529
10186
26896
17927
10487
15900
643
12478
24297
26691
5464
25757
7537
16513
27231
137
23533
9353
23819
21621
17302
3463
25451
6534
5901
10593
21084
30069
14391
6460
12798
19766
16459
31043
13924
10967
24105
5539
12432
15018
28398
28890
2974
9126
1221
32562
10815
16139
20480
15240
14441
29509
7783
31058
17741
13843
25807
6113
14730
31208
1775
31459
32160
2706
20848
27691
25767
7449
23107
19125
12097
5866
15159
10980
15053
20532
23243
19471
12509
21907
14144
1852
19178
27884
26611
6955
32327
24984
18666
31127
9300
23492
1197
31160
29428
18199
28759
5132
22849
3222
28140
2903
5246
9157
18669
9961
4428
16143
16682
25119
27937
5992
14296
13612
11255
6961
13027
23321
30273
1116
10886
14603
29475
6608
21784
19141
4834
8207
25897
14445
23962
15638
28109
31123
6703
21381
24888
10607
24965
6399
23947
28778
29172
27604
15342
9953
22262
11229
5599
5413
14627
6824
13513
29894
27232
1749
8153
5905
595
18112
15373
21719
7962
18017
12942
11120
7740
11376
4415
11008
25055
23244
22934
6649
30268
19997
29099
29153
11089
8376
11150
6486
30421
13508
22238
32591
12913
18843
4247
31652
2605
115
17708
6353
12073
5182
6358
10999
8845
18639
10795
22563
11458
21821
25330
30163
21731
19852
19254
24502
27758
20362
4761
11188
832
30456
17387
24366
22464
23786
22267
2439
5978
9841
5293
26595
815
26230
333
30254
19722
22249
16675
4449
16534
11548
11080
3840
3279
3433
32440
28135
16823
25115
28071
1095
22090
6540
29465
20204
19123
3978
9901
17857
15040
9727
697
22933
29844
20689
20636
32543
26524
6408
12112
27456
32708
23343
26687
25737
16618
17660
1624
19965
13970
22067
25441
20248
3036
26823
8079
15632
24500
1090
14164
10586
10569
104
11128
14704
16576
15127
28523
11218
24617
25970
4570
11850
12466
11327
21376
26997
14362
16268
8255
25983
14953
32153
7791
11310
25567
17650
18550
19490
20266
12764
17560
8539
15324
19186
28433
1787
2331
24848
19041
22093
18586
9840
18920
22279
32201
16659
10930
1228
23881
23651
20116
19957
8355
32278
19832
12177
16953
8789
12533
21162
13693
25374
3619
3787
28512
12007
29101
30142
21262
21124
21031
19610
22232
23114
31906
5630
30065
3701
12158
4503
16222
3783
22400
21736
8360
20850
8996
24906
11988
2360
24629
23345
4884
14033
22426
18098
25791
27021
7027
27970
2047
29498
31589
20673
25802
4936
4913
20407
2579
23851
10124
24285
4417
24065
17707
31711
21984
17781
22045
15712
21910
5603
8541
9278
19545
8125
26792
4632
24800
19501
6284
2318
30039
31483
16066
6344
28759
30642
15037
7354
4629
18942
23683
12198
10714
25945
26044
30818
16307
31718
8456
13275
1641
30877
918
8282
10675
25769
3315
11782
19627
15374
22815
6315
19583
30095
6374
20153
7017
16847
25709
18832
18401
17846
7180
15098
1041
21526
19291
13305
16777
27279
17040
10436
13620
30128
23048
30220
22410
8286
5155
19331
13576
12922
4437
8095
8925
17086
2682
4251
11239
16360
17770
22208
18909
5403
14286
11234
16078
28034
19506
19501
8906
23350
32091
29730
31199
25954
15322
32732
26183
16805
20961
3992
19167
15543
14678
21876
29147
5712
6182
28791
3000
21573
22236
30930
6771
20724
1394
8549
7417
2275
614
4741
3806
27556
6161
25085
4177
13308
1077
19538
19024
2884
7637
4940
25368
31758
3401
9649
5856
30732
19089
29780
18630
29998
21994
6222
8202
26123
24223
11916
1402
4482
19490
3210
5421
3489
23899
12893
22644
25029
21056
7671
23566
5123
21414
25511
30363
9671
3414
12255
21331
17339
11876
5690
5368
11499
17340
20925
9481
5414
8446
23134
825
1703
19340
29634
10528
1781
7137
6475
22063
775
2340
27474
22505
18092
21244
433
8784
810
32167
18309
19614
10533
21574
17458
17974
6595
25979
30119
22490
29454
11830
8163
17694
31642
26316
13751
8733
29031
9802
16078
12650
16392
20488
24300
24138
25093
32641
25203
10016
29055
26209
29739
3112
11282
20704
24642
22120
28160
17487
2194
19172
26763
27632
28195
7698
6050
18443
29681
15245
15040
21310
16111
13837
21778
4629
22347
29591
30936
16603
28404
27121
25101
5039
29018
32601
9290
15578
16501
25462
28648
11615
17160
29839
12901
17364
10279
1275
5640
23921
1015
5337
9416
32103
10677
21505
4715
32370
26361
58
29163
690
1084
29613
23069
5559
11928
30617
15764
13531
11984
12105
31172
12756
4496
12099
24931
9097
9462
5315
17941
22821
28496
12647
17735
874
808
7980
23643
2121
21630
20633
2054
13487
29524
28986
29431
16545
20336
10832
30650
22923
26973
8135
31195
9941
5299
14696
23118
31928
12184
3152
2830
12624
29575
30881
1541
18418
17232
20343
11052
26303
6752
5406
18931
19065
323
13186
23011
11414
11111
12518
9858
20371
8739
16089
29303
9611
8439
13670
21998
17672
1814
20108
23614
8217
545
13806
9417
12709
22070
16586
2852
5374
26409
25135
6777
15289
26385
12139
20521
13758
19975
2243
29109
16283
32554
14952
31198
2846
16103
10662
24843
30242
24183
25181
17644
9129
16552
6325
13149
11051
7137
29454
7309
21038
7520
12342
12383
1047
20935
32223
11024
31808
30423
4944
21787
22090
6779
25690
14937
30901
11016
142
23661
3501
23747
29357
25695
32295
2212
13408
6023
9005
26713
2601
5037
8566
21390
23450
5742
9018
25196
23493
21473
25668
6495
5619
8315
17481
541
12953
29232
21368
21988
2183
31963
3410
7426
20067
28128
13756
26523
86
2832
3155
935
19973
14541
18943
21562
9411
11118
7371
11784
10756
18405
5620
23848
14869
30622
15935
14360
16139
29611
17552
25602
29690
19231
31417
11837
26727
10423
5264
7959
22527
7104
23876
10706
10889
26676
22257
7660
12313
8743
30833
15780
28038
6241
32118
7609
3359
21069
31957
12917
18330
9490
14629
11754
22861
9215
24457
4988
22433
28716
10442
9375
31427
11102
4265
2786
12188
4652
6003
25389
1540
352
16853
3654
20274
27296
19186
27290
119
31822
15539
23355
11821
172
25182
16421
13034
14404
18795
17349
22265
13191
17555
8636
3082
28596
9513
19168
4392
15099
7853
2691
4844
9187
2207
4345
7152
30697
29329
1876
27015
5481
16000
4210
30891
5314
13668
23354
24375
3254
18950
10786
17751
30223
32274
29684
4924
29320
7533
467
10004
31466
17352
11897
10041
14454
24694
10946
17576
3459
11386
27502
438
4456
18149
9250
20734
924
27487
29617
8350
31260
30467
9626
9635
20237
12144
11474
31681
4515
28
15299
27976
32321
8684
7572
30547
16866
24834
13483
24130
3255
29911
17008
26219
14353
7817
23636
1293
898
374
12819
7557
11583
27145
2357
7877
27081
30420
4571
5377
32461
22495
30904
939
1352
6208
23134
7074
5870
9708
31675
8615
27341
3021
27619
6416
9518
4629
29456
1728
24252
14545
29414
24662
9960
16577
7164
31653
1419
13927
7321
4709
16333
13150
11451
11815
25671
18925
7006
4239
25188
20188
16634
27581
12557
30086
31566
32524
18565
29232
5724
27647
29585
5785
18101
22392
15325
7378
6390
11051
30107
5200
31379
2899
11885
9536
16339
21667
901
7706
19228
13952
8970
32633
14705
15725
31934
31274
14393
25031
26079
4995
26690
28338
13387
25590
29189
21843
5351
9190
12076
16448
8512
31416
3409
31540
30835
17454
3593
776
24395
16368
2081
20958
11178
24428
3623
15264
32554
9696
7724
28329
5379
20149
32457
27841
10032
11791
28000
4175
11981
32674
420
29130
964
6087
27228
16753
8104
10959
26468
26940
2017
7831
9460
2834
8970
6748
23588
12092
32151
18641
23728
14106
16827
111
25593
26644
26249
17933
25933
8916
23129
23984
10088
6834
11373
23972
23355
8560
31188
30668
4076
23336
8591
27958
10269
28290
1011
24562
13425
1322
20814
30501
22348
12418
11213
2393
5595
1684
8349
16663
14933
2890
15441
28600
11136
14817
16004
632
23926
17051
12479
19916
16297
20660
25757
8950
19493
27800
7468
25558
7189
20051
26519
2307
9609
13385
26370
19994
1654
4647
6070
30806
254
11289
19838
27489
3314
29246
29008
106
8854
12377
16944
21368
8868
26057
7506
31486
32659
22971
4479
23983
3096
16286
16825
6803
4846
32727
23330
14171
7123
30902
8730
2290
467
19369
23208
2644
16072
2736
4123
5539
4130
23057
32753
13176
22756
23117
11255
29815
25839
28242
22450
2342
29059
12786
29950
3071
7939
13460
17397
12739
12280
19498
10770
21522
14681
5219
1174
2617
10250
28193
31275
17483
16290
4909
4040
7283
30321
4650
1236
21128
21186
18119
14990
9698
11613
8761
10924
364
32080
22505
12610
11771
4335
17001
11750
32478
22554
5293
16402
11447
9150
11128
8906
21129
32414
4884
27518
16657
852
5446
12337
7258
21394
25473
22747
30604
5294
12634
8204
25348
5470
21308
1747
8362
192
13661
16350
29311
17053
16112
21986
14198
238
30109
4414
19077
20127
29998
24795
22523
31636
3979
19030
7444
9706
10472
9569
17867
28799
9277
9830
23791
692
29686
31854
633
13681
8940
1602
23581
4458
27029
25295
29727
673
9079
24783
31336
25900
14563
4518
7129
20281
20703
906
25567
15439
24420
26343
23624
32215
25546
8962
24405
5338
27520
7644
20496
22796
11520
15193
11487
4362
20226
22433
12378
24544
12272
16583
29786
11214
16795
29609
19282
25164
19756
8215
17379
15691
13149
14391
2730
28094
31977
3879
7773
20313
20288
19173
2582
2456
6528
11628
6638
16900
3489
31008
15822
17330
14831
29804
3714
16396
22206
20650
10511
3283
7257
30787
21575
869
13627
2071
9370
25916
8322
30751
4655
27064
6304
14160
13620
22814
21076
16067
7282
22752
10201
24596
29220
19743
1117
21256
25353
29550
9140
18034
31672
6873
31310
30807
28724
7462
22886
6480
448
32090
9085
32560
30452
20351
9479
27367
23057
19877
25956
26022
29074
15911
1041
31044
9987
3887
30240
18401
20502
19324
14309
18121
3572
19555
18163
8346
14033
19732
30791
682
32195
17183
32450
22947
19668
8247
13789
16752
1366
24885
1176
11357
6774
3680
27827
1401
14868
4331
6689
21055
30674
447
1722
6006
11883
21883
1584
1366
2887
2489
20036
12012
30796
14228
20281
20672
22518
12135
28809
27316
18346
470
1496
12591
23623
6675
4134
6523
3327
19802
8008
1388
16485
958
26521
21059
12230
24104
24557
20177
5309
32157
31686
23776
21762
20415
21963
16846
8323
1175
24181
27259
13750
4497
25356
9830
16429
26056
210
7698
1387
13188
22654
2223
21494
29441
5611
25846
26797
627
8210
14677
15964
1862
1334
8012
31630
29866
30558
7703
29346
23375
27912
6285
26657
26221
14876
21064
4943
10760
13599
20486
3328
9842
15529
5967
8365
9489
12569
4440
13255
21090
13959
5416
14155
14654
21242
23801
22423
861
15579
27361
24188
8984
28074
8369
31636
19059
19696
3870
26326
21338
1909
16414
4455
32043
26290
149
22707
9077
15497
27953
28605
20992
14132
18066
29363
23053
12668
20655
22726
19678
21291
16757
14393
32633
5571
689
4279
31658
368
19247
4073
583
13884
21283
1096
695
5506
10185
29232
11189
8101
25161
32566
31058
23041
17885
10172
25657
20770
2357
29379
5687
2868
20251
6144
18427
32443
4691
19505
11290
24965
2245
10161
2902
25564
16862
23370
30239
11264
1075
10059
12122
9684
11879
18651
13410
31447
8015
20877
1612
18006
26965
7477
6256
23008
21786
23033
2084
9723
30560
22187
459
6933
24102
2902
30479
5821
6420
4118
2666
12563
8474
30253
21483
32381
25429
14164
25399
6556
29490
12111
8910
2431
10197
21444
143
22550
10428
7757
32639
27881
11679
23756
5830
9
30107
23551
506
14663
14736
8276
26272
20389
7624
8446
29424
15626
26329
14664
23001
23098
30156
17449
20549
30468
20350
5657
28574
17086
13127
18724
8593
6382
1242
3901
30994
1610
3436
32468
7328
6627
22553
3499
9674
22173
11651
11749
6642
22754
29372
16736
24657
1175
28518
22340
22843
20303
16152
26588
31396
31423
29188
677
5604
21363
8407
8869
10935
18367
30689
7422
27528
27383
32118
24003
22255
14562
6036
26378
2680
11629
5317
17987
12966
1181
15431
29640
15415
14023
10603
20661
10922
1283
30267
14073
14335
10718
31071
20397
8638
591
6978
9125
18234
17133
1648
6725
32023
3422
14147
23190
14858
31251
11966
17049
224
27186
19641
26844
11202
13780
5438
23626
31927
2673
25908
5703
5994
3480
23098
21245
18478
6116
29142
17392
15423
7211
9167
20697
3914
3832
31703
23217
21040
25148
30317
13580
28424
26944
9474
18856
3683
14558
23899
6726
25043
22513
30774
5304
30638
21514
25392
27964
31759
3685
2534
29448
2846
21787
23131
4902
30865
7320
26778
32130
12403
27984
30108
8258
5412
22958
23915
27989
32418
4173
12424
7759
16134
24171
31882
27252
20562
13979
2057
25362
3945
4025
1466
27157
10335
12323
731
30421
6131
14630
5330
7474
26202
1719
2577
2787
32575
14180
8764
28427
19207
28810
4494
13
27993
12999
21369
5026
19678
21170
4236
32041
18501
27082
7066
9790
15499
21421
18969
5517
16505
2955
11208
22504
14702
32217
26005
32664
11614
8778
13245
11761
30235
29179
22325
23338
14803
3565
29257
20587
19674
10681
6275
2086
24746
3711
5582
26795
9257
18976
12507
3319
14634
24237
27844
4045
9013
1567
3567
3337
5003
24136
26166
19760
13925
4361
11332
20299
25981
19654
25154
9462
25551
8471
4020
21684
1697
5056
21149
13957
28609
484
3050
32443
15630
8565
11021
27401
20793
14063
23785
17885
6605
21318
8686
13295
30317
11804
3973
26
9565
28728
16558
22892
22853
564
14823
14201
23601
13173
17489
22772
25563
19809
1038
4224
31533
26315
19949
21443
9474
2994
73
16572
7213
3372
25390
3415
21692
3485
21438
5439
8830
7468
16083
31220
10434
31352
12006
2333
30562
19334
28976
23839
30976
25343
5646
27630
5776
26008
20650
30756
13334
25553
31192
6224
27313
15330
14910
18576
9177
22514
8120
14946
31205
7307
8699
22199
464
6987
23160
9801
25148
24028
29571
5167
23479
23846
4788
16046
9790
30914
17037
19027
18431
690
8030
27454
18787
13136
19302
6337
27212
6533
28219
7978
15516
23355
17260
988
18422
23061
31844
28581
6856
4189
31121
4939
27785
14910
7878
14952
13631
7987
18142
120
24133
4031
6819
23601
28747
27487
20206
29971
25246
17085
3599
30527
28586
27174
4206
22924
4797
4158
10355
18904
4877
11506
17828
13212
16381
23727
13069
5315
17052
31697
5349
5309
10350
5727
26990
4559
2928
32757
4381
6317
31574
10241
8699
31306
3095
32306
2635
29679
11691
31534
18029
7563
12563
8580
11778
4682
7835
2785
7249
1896
16732
21894
30698
17736
3076
1529
23944
14016
15066
12539
29244
695
22268
443
8392
25587
32491
28745
17993
13100
6218
15437
4634
22373
20195
32761
7412
4220
1259
28476
31578
20479
6279
5945
20276
5185
8847
12791
7354
31149
4753
25178
26259
30299
19481
27730
21822
29665
10543
15698
28082
15212
1570
22788
6977
26639
14980
32315
4290
21338
9078
6185
17647
12335
8998
20434
3596
18385
14741
20928
8394
3390
6814
7160
30314
31423
25908
26670
24101
28093
24555
1589
15820
29910
24249
15033
17836
17456
13822
30256
7092
17421
24259
30734
16858
28064
12351
12856
15290
27168
21152
188
14208
10266
20232
2495
15881
23307
24789
22967
11845
6446
27685
4058
2016
2963
15769
11989
18721
25713
30554
26050
25618
4029
20314
25940
3809
20987
733
5461
29574
18773
9015
15955
678
1258
8151
31638
28087
9832
12676
2389
3174
16861
2791
17193
12597
28618
29258
26305
12649
17786
10399
28376
9251
10129
16836
6756
7373
10984
20997
29712
25783
30616
5347
28141
30722
25173
28947
25956
18878
12286
32202
9072
4943
14193
27960
11530
13077
21924
82
30692
24140
26610
26581
22361
10800
16562
13960
13732
12389
18958
18625
27985
21143
19219
17706
22258
24926
772
6853
24339
10852
3828
8238
14448
12745
19859
14369
32357
6854
13641
7995
23461
913
20609
18181
2351
22657
21576
25134
14718
25203
1302
1560
17408
5228
24043
1431
9418
23680
11678
26869
9354
31730
7794
10041
15549
10908
23531
1192
3106
2449
19168
14989
28526
10498
2000
19510
4673
9566
8058
11583
3161
8125
13735
7443
24326
5503
3659
23471
26333
23344
11468
7081
5553
16047
32162
21873
2239
5264
15904
24536
20265
13502
5777
29134
29862
10853
6791
29040
9335
6927
9072
13378
30877
10509
14698
5304
18761
21784
32345
252
4244
9016
20278
26347
13936
1765
4010
8544
22750
23148
21467
19126
25698
26005
23686
6280
4276
14211
6478
9403
5561
22491
9555
18367
11441
4905
29191
26641
12722
26239
5181
25349
31061
20063
26499
29378
11951
31962
31666
13710
19843
15098
195
14924
3253
31070
9444
13890
19714
21540
6347
18464
24559
3596
11851
27710
15103
18137
17701
1574
27433
28923
31264
9042
23689
19052
19548
23351
19030
23768
11491
28802
27412
18688
11393
6049
11531
24928
15318
1669
5879
22543
12713
12710
8449
1000
2943
23112
6638
231
7276
20989
27799
12245
7722
5996
22937
22824
22632
12368
31053
30501
21092
25796
6651
27463
17084
16317
20042
8932
12674
30936
16379
28430
142
11094
6871
5048
19992
32356
9190
21017
25990
8864
20706
29270
12930
18650
29675
4187
27216
30231
20348
12297
24414
22748
9886
23703
13085
937
7516
22322
23056
12483
32118
6375
9763
29494
13146
11203
19261
31003
5967
7993
4632
17175
22260
7107
11601
29988
4841
22988
25787
9364
1228
32718
2809
18259
16743
11192
29004
10348
27431
11154
19881
1486
26832
10595
18191
15185
29808
20051
7191
7924
5778
8461
6093
29288
25011
9063
18622
3539
506
29509
11858
10190
29987
29370
20572
24239
32445
15217
29936
26382
11413
24908
26741
898
32626
18506
3066
10668
3074
4526
7630
30839
10261
25694
28746
25501
30729
5257
754
14446
28805
28300
12733
24525
8299
10519
28336
379
22279
17035
14769
27800
31373
19879
19099
26982
8898
29028
8590
22609
19449
8221
29065
16940
13889
18931
6458
15806
17629
3696
7700
20093
29172
12651
23971
8345
10890
22315
26908
17980
9903
19407
16185
23057
4598
23020
22595
11011
6185
29817
14448
21831
10811
14312
31856
27804
3966
1686
5187
7121
5910
17509
8269
23944
32174
30119
9388
12859
23402
17727
1737
30588
11804
13826
2349
17537
21434
868
14743
28639
2320
30032
1355
8854
16562
11095
26540
7246
26165
8973
26381
3296
24990
32176
21445
10008
28443
18699
32129
20666
7921
20378
21215
5058
4534
13295
7992
13552
17600
23380
23228
4996
733
27570
16581
13895
19780
24754
8293
10698
20684
31777
6977
5106
15196
5529
18083
8372
1443
3422
25290
11294
1289
26246
7301
19863
23013
19549
3328
10343
3568
1799
27613
9594
30458
9063
10118
31328
12763
21056
22466
8601
18861
17050
16007
10256
24376
31592
19216
29669
25774
30823
21294
26735
16793
3657
30435
2946
29457
23059
25133
4077
31794
16324
24864
26951
15053
15415
31287
19692
29790
3658
748
17474
12094
31552
25222
13377
11290
12900
30515
32306
5028
5103
20822
7606
11400
24364
14626
26635
11682
3034
12904
20619
110
21202
29357
22133
1984
10730
32128
32752
16053
14104
23307
1613
17385
32475
7399
6029
9450
20950
9525
20771
32237
15806
25578
22523
16832
1399
32362
12730
15872
25722
5465
17224
12172
8570
7341
6284
31545
13383
31240
22902
24264
754
23878
4163
11797
31282
1873
9468
28816
1286
29501
12864
29425
10140
5521
5956
8488
16754
9698
27416
15507
15035
9895
13612
17012
8452
8008
3858
5794
30487
15480
4997
18047
15392
19141
16043
30761
28174
16237
9111
23029
2876
17268
6930
9753
22353
29939
20379
3752
26469
21171
19116
9668
14693
1530
26431
5647
23224
32421
19857
16226
25122
5495
23590
3010
16617
10417
8717
4239
12087
26339
20069
20479
14272
15361
14624
11979
9892
5305
26887
29224
24471
27652
15102
23033
24383
22268
3722
11075
27613
749
7056
16097
14640
22958
21856
26745
919
16434
32497
18862
26229
9050
21614
26007
29145
18189
28146
2160
17247
2955
16273
22416
9809
7422
23191
7579
32530
16723
21524
9977
1469
14407
29848
17031
5129
25029
5435
14988
2672
7791
19936
23022
4240
7803
22715
20902
13521
4800
20241
4721
12104
29712
9023
28360
19419
21705
31742
6419
16294
28839
21733
21018
28062
28380
2096
23484
24180
2659
9663
995
28605
5265
15202
23479
32335
1517
29267
28434
4078
4417
9732
4148
16424
27889
22555
3001
29821
18060
9659
22728
7107
5281
8710
6540
31945
15060
14816
32744
22587
13360
1269
27238
25029
14271
10237
19825
21627
2904
11327
15557
9849
30905
28755
10531
8134
6358
5677
9801
22655
26992
4695
19745
25137
24808
16510
3641
8326
29782
8496
2163
5412
17366
9444
14334
8914
24866
10299
4484
3036
25702
1413
23973
12217
17231
24455
26789
19436
7781
2428
23137
17448
30876
12377
19080
13751
3365
10581
25863
23069
14218
2473
12997
31992
8698
27540
23185
2346
11746
1187
28249
28986
19133
28975
6300
30456
12076
22823
15905
5728
10313
21008
26602
6081
29496
8777
2404
3359
21760
18836
30432
16085
25753
29394
8262
19326
15175
13070
25608
32534
32550
14781
3670
9565
31749
22084
22673
23420
15991
30395
32001
9451
25896
1009
13002
18322
7278
16048
9756
13103
30752
578
16555
30711
8107
4147
22111
4224
98
18777
2636
734
31254
30738
32740
7437
14823
4045
11371
20623
14169
1484
23724
29013
1963
10024
17131
23523
31588
4117
8474
18096
14894
10343
25424
17099
20711
18773
15990
12228
26102
28797
10052
9930
2011
9257
13676
8465
18954
27857
18196
23927
9210
2017
30858
18790
18041
14267
17459
28924
23362
21760
24261
14953
25297
1292
9142
28825
9334
14783
9717
24852
25769
24195
14551
4386
21917
22154
1364
20018
30232
12376
32627
7548
21121
12930
20483
20198
23611
9653
1676
14116
19249
32761
10117
21796
15794
21815
27335
26281
2688
12537
15938
12342
31011
15730
24815
31789
21635
23486
10757
5432
2998
4459
20592
16360
21783
28471
18047
30620
1944
21787
32221
29349
7769
14217
10178
12711
6777
18931
17770
7746
14124
12940
7367
31986
9229
11090
25971
13876
14774
13388
16872
15083
23694
15120
22771
2049
483
23433
9062
3409
2873
7671
16910
31685
27617
22071
28644
16059
19661
2117
25735
9390
8866
30207
15082
31506
27151
14892
12362
8575
32350
5308
20324
22546
15944
19537
23524
19729
29454
18687
4640
11725
11717
19536
3846
16077
3825
27276
29779
16168
11350
10551
7431
6963
2315
26330
30229
12892
21456
28679
20318
13398
24481
26007
14560
22903
2700
22582
16427
31326
1727
15650
8725
19160
14821
8239
17583
15365
9907
14095
3448
18870
5309
14800
26576
14106
27279
9382
4015
32410
28153
18155
29846
30977
24234
17252
18630
32736
7936
26054
4273
3889
24351
29048
18094
10810
32321
19867
26352
1972
5709
12872
30649
18733
26026
15128
25035
16811
2901
746
11552
3986
18737
11488
30170
3527
16543
32427
11645
24598
23887
28681
31836
7889
25174
21387
22353
26042
19840
31900
7601
18979
1255
1727
21375
31828
708
8728
19424
6189
29574
2350
22479
26893
31265
1007
19730
9458
3753
7157
31085
25313
11039
26119
22037
20616
14987
1251
3943
27426
32330
18746
13530
16283
23978
4861
9523
30196
21428
22487
2808
11242
28489
29435
32038
25298
6513
8735
6182
1224
5615
21448
8958
17672
29209
10953
5317
24476
21990
23302
3673
31800
27465
17278
7252
14434
20413
27017
21819
7381
17441
14685
10233
552
3783
12247
28300
10411
17352
20857
6399
1938
26522
4783
1176
5973
8164
5462
21330
6998
26256
24446
22413
11973
29474
28527
26629
6336
20041
20715
12289
11199
17332
6067
20429
13360
9767
25421
24937
14942
6606
20483
13699
7063
22737
31023
23715
16014
9768
28854
20646
26366
25265
20435
21101
27792
30848
17686
20438
22783
4214
17324
26091
12666
17941
14304
21338
28490
19858
25826
28454
27572
16428
20423
30619
17185
701
23506
19847
29564
31375
31730
28583
14812
1136
7563
19040
29539
25097
12409
12207
1382
4459
28755
2915
4301
17131
21228
10122
29885
24880
16416
5417
25717
24458
30413
3376
5238
17029
17183
23980
17127
5823
27153
14143
7991
18934
28208
28365
21764
6757
4514
1913
15932
4177
14696
6352
130
13791
5600
25923
6611
296
13454
13531
8297
9359
24347
18472
14815
14675
27550
30587
3479
30816
25115
21077
13913
30059
6985
21278
30524
4157
15513
31514
14282
4175
13683
27290
2911
7832
8643
18799
18386
4515
13748
5028
28503
16356
5819
7789
29092
19532
17880
26970
2131
8475
32537
4048
12936
3318
12895
28346
5075
13881
31076
21116
14936
22670
12029
16680
4141
191
2973
13557
31747
15048
27419
23277
29961
26161
8117
10725
3597
9370
30292
26034
15332
5784
20498
25242
23309
23231
29945
7433
14481
768
1037
31109
8749
29750
9357
16612
16819
25595
23671
11453
18350
26816
12362
6172
10565
20509
28687
10362
30050
12133
21914
748
1299
25214
22542
24986
2864
27887
22687
7539
18238
28987
3228
31
24467
12910
18604
29237
9915
21493
4440
22959
20507
19378
5321
15515
22484
14928
29139
31763
8682
7636
28723
15214
5286
4725
3605
18360
12856
5550
1754
4960
30113
32657
14103
6705
30416
9822
481
16771
6667
24660
6984
2227
20113
22471
23585
7632
8318
25971
777
10903
8686
25872
1702
28066
28517
14375
23856
29660
21359
27427
23856
1592
19843
12459
7048
8099
45
10031
27316
32567
19053
7361
24399
10929
4186
17703
32217
29989
30474
5678
30135
24048
6070
15937
3451
23535
28186
26937
9318
26862
1563
18295
27947
24931
11436
2864
17910
3165
10226
20489
20909
24503
15014
8420
13942
21649
30396
4089
9593
24576
9026
5416
4071
25605
14730
9869
11579
11452
15755
16214
14016
19926
30085
18641
31827
29769
17636
6601
13930
70
11879
19
14677
31596
16769
2148
28100
16187
30464
30822
12938
24523
16620
12042
2976
11966
20914
24351
17005
27251
24193
22564
23364
28028
24821
20826
1071
29267
7155
27422
24811
16200
26580
23158
22579
20158
2501
29418
17986
18327
6765
661
14483
23021
16337
13435
5867
21507
15989
27933
23961
891
9668
21835
19708
14025
7090
1850
12871
29415
2976
4566
11649
12618
15488
18009
6352
14870
4665
1053
29942
28302
32333
30382
32540
6094
25529
31268
21455
3516
29213
6576
17224
19004
15388
23668
15088
15523
3334
21656
26659
29039
16820
9370
30772
25141
10420
28389
6578
474
11687
25510
8938
22790
21478
24795
429
18134
17516
22700
22612
14801
29424
29183
27648
29982
7761
5959
18471
13812
12343
26524
15180
19793
16376
15889
4365
495
15544
17218
11619
20084
725
15660
27942
20456
24706
4418
28623
30829
19889
11453
11906
23082
23351
18227
1100
7817
7466
13163
2985
32162
5262
12912
30025
18935
23601
31972
15379
25697
7380
30359
23147
11338
3211
16472
25776
16413
32103
7179
11529
8699
16209
22268
21602
5296
22841
11891
27825
17637
23921
25225
4222
4758
23891
27449
5026
3783
16426
954
12623
371
336
12
23376
3014
6547
8402
3730
14988
6109
22879
20708
7400
11541
15379
15355
13129
12096
232
14777
19098
22508
23112
21935
6073
16846
3106
18400
10027
27050
31036
7367
29966
13939
6859
7836
16718
19636
5697
25556
29724
12590
25958
9959
9884
32450
17578
19285
9182
13202
23481
13291
30224
22884
21585
20034
21490
3399
21328
30602
650
10872
2066
7813
32536
7302
17913
18134
1356
7349
23629
20860
17847
24224
8263
11930
24704
28707
23912
23673
30808
20600
8207
22479
29103
672
3659
24898
12840
7941
17134
15400
29771
10333
24291
19089
891
10193
17601
10887
29735
21599
12959
14484
11332
18813
11819
7045
20474
4351
30454
15726
26269
1082
29458
21998
19424
18538
18911
27060
16709
27217
8482
25410
13272
23841
12375
10481
2589
24732
7753
21558
3655
4730
23775
28195
18602
12043
30521
21809
24179
17693
1531
12348
18583
24864
15849
4815
30473
29576
19637
13986
13360
30323
30740
28257
23704
5772
13079
13743
16104
25391
7609
619
14356
18894
8885
15154
24531
24723
10138
30501
22868
17478
800
27372
7212
3442
11709
9979
18836
8387
24692
2835
25041
24243
5614
4876
28147
30309
8651
24787
29122
24529
21050
10159
14838
16674
20423
23752
23206
17244
12149
20713
29187
6722
27405
6021
838
17271
13237
24312
32231
16611
21188
7696
17680
21080
3285
15052
19281
29302
15131
3683
5781
6860
3828
27272
16469
4927
13248
1005
17931
20656
17139
26118
15850
9945
15977
21519
17356
20856
1274
15184
12908
6320
30031
6816
31957
5292
13043
808
15386
21637
16813
5737
17736
27750
27406
9601
23449
12014
8774
21929
21226
5589
23100
28163
13935
7635
477
12947
18342
6589
6835
28810
27017
16626
7610
8139
19464
31989
8816
15784
27574
14939
31788
17644
14787
16616
16816
26399
42
22261
29441
27397
22059
13332
12663
21608
14588
1783
15888
14615
7356
4750
12809
26415
2472
9840
9648
16537
6545
30332
14708
28628
27022
5568
13630
23029
21486
6298
12804
29164
1648
8732
411
20744
18615
24757
18636
14526
1784
15886
32683
24998
29942
17971
19492
15302
23856
2547
27351
1043
28760
137
6694
21301
10504
11388
15243
2443
6065
1987
7983
15471
10964
31533
11705
2235
18292
25856
25700
28299
17867
29408
22357
6725
9788
21235
11819
16087
4745
67
20183
25920
32582
11876
10926
21842
397
6230
25020
31670
11508
13996
12380
28976
3516
8430
23302
1828
4939
7741
3175
32090
32476
10549
22967
17662
10870
27416
24903
29931
15386
29224
14169
21289
6465
10068
5429
6067
11910
18199
32377
19582
24479
24990
20657
28344
13201
9769
28967
13645
4388
32179
3325
8368
8085
14549
8056
14296
8076
21736
12959
5769
20557
7274
3589
12500
13618
9890
18403
28641
20313
31367
27753
3052
8090
22751
12118
18318
1212
29092
23495
28734
18920
2219
30284
18455
31069
19848
17729
15580
18278
27308
13148
4153
10633
4048
16514
21835
28162
31639
29919
26467
26480
18542
2613
15879
205
183
16244
16954
19875
15912
2700
2302
27261
22637
7295
5910
16796
26389
27578
4624
2028
6827
14501
643
1591
12579
16505
2966
663
2425
4690
15297
24113
6804
14981
23256
15136
20848
14387
22853
16048
6780
28958
17556
17357
6721
6076
25910
4539
22853
14218
27006
27399
26415
23459
16880
2237
14635
913
4795
21979
18320
23139
24196
32518
11969
25599
20069
10876
22353
5306
15158
27722
26986
1830
23563
19135
3951
17451
15869
26400
19424
20826
26926
7837
26238
31101
22279
14212
13488
883
7620
28341
16678
19259
30003
31062
5820
29006
30904
20167
12961
5170
19093
20184
25016
18508
31848
6202
3390
16886
24821
9012
15022
26065
11046
29847
17121
13148
32336
31988
1146
15814
21432
30732
5505
9985
22870
24712
14414
20760
11737
19435
6057
14786
7659
17092
3631
13367
18101
26920
31992
30018
16806
2911
30070
9624
15728
25310
15008
28264
10324
10101
23888
13363
20384
16586
30698
29662
6262
11270
19775
30214
13774
27086
20145
19603
32702
2165
19863
20112
20474
7792
23523
1594
1943
18698
8194
17750
8724
857
8195
21448
31130
26992
18428
27746
8323
15318
12201
31738
29722
14135
25431
22207
19617
5210
13312
22477
28313
17491
21176
7934
8509
15610
15175
24835
3664
27035
12824
32180
20248
5103
22866
20645
19115
22859
8516
28666
18793
24
6150
19836
25034
16771
23645
28140
8794
23413
14304
10903
7425
32454
9305
12586
14216
28078
16494
13768
25945
24188
30593
2906
11910
30346
24788
5670
10253
29040
6641
19620
16731
18552
8265
14988
2830
28242
28187
14900
23295
29449
24215
22553
29056
9270
7492
5307
994
32116
9375
30895
20539
32019
4101
12015
7781
12561
17618
6516
21066
4165
14027
5127
29535
29662
19385
22868
19823
17676
8791
15936
3738
13053
16494
14204
1693
1291
27711
23898
27476
23860
13601
25056
18045
32458
28523
11548
28862
28011
10132
5046
15850
30772
20633
23500
16000
1330
12703
1017
14964
12569
