13610
8174
9110
11379
30546
17284
238
10588
31234
9836
4492
23752
31788
26086
12153
25387
26818
16422
25327
7018
31844
13154
21784
24211
28219
4906
24601
24523
8229
2040
24655
18568
6674
11528
10968
25856
21678
16489
19798
29921
5952
6485
31471
29762
27857
22718
19097
28889
29842
2089
10900
16239
4472
6847
11575
9618
15657
1185
4848
19338
539
23677
13703
2702
24826
15199
14498
27447
9547
20169
9102
26676
27984
20741
18492
18752
26923
23482
7050
10833
5445
18622
25284
786
29681
5419
23147
17044
2637
31413
14901
21312
9321
13114
14932
6929
9388
6811
32251
19456
25203
8907
1823
6335
23546
20005
6011
8617
16256
9219
8918
11770
4006
21388
13960
1339
26393
30925
31291
32001
8048
14348
11759
3799
24408
9048
18753
2681
21486
7781
8172
14403
6508
13463
12176
32744
5896
5469
31410
26471
21017
10944
5380
32315
31868
32316
17639
2258
16950
24526
24111
65
6746
846
14886
14902
7982
2047
28883
19758
12681
7781
14204
1256
27519
16470
2153
31513
9792
12116
30699
10337
5950
11546
23197
382
18574
8821
8426
29888
28817
10325
3023
23484
27859
10020
7906
13637
25651
86
29588
15256
21573
30274
20915
10967
3572
17968
12595
19385
25964
10419
2349
5759
6455
11321
4136
554
13477
7648
20888
21483
29042
29835
15524
731
23715
29238
4140
1004
17073
28550
18443
4639
9961
1444
28569
18168
18963
2636
32116
5936
1106
4641
7297
1961
30283
27972
1581
11943
21897
21028
20985
21820
22560
10904
24117
19716
913
14123
13835
19987
25326
31926
6336
28972
26687
12341
1591
6707
32035
5331
29879
26341
1723
71
5101
30151
24771
31075
16693
6492
5122
9450
4373
19355
19429
29859
4618
30112
20327
19627
11400
24482
307
4879
17468
23845
11021
23962
32404
2417
6254
12780
21121
10306
17518
3020
17788
32449
7911
7616
31175
14515
11480
32730
29173
11761
2055
16596
11692
7192
491
3424
938
10369
28104
25017
23814
15988
22044
31102
13752
7576
8506
29120
1628
11438
26933
20826
31539
25727
2815
27520
7275
26387
12498
20635
19360
5924
23503
16724
15010
17362
12518
22511
16249
15513
3317
23515
10662
24959
9268
29575
31916
914
12496
10359
13263
10641
29910
29078
29468
3306
4947
14286
18857
25316
1210
2262
26910
17950
10885
27723
30324
21560
17951
3843
22525
21456
22274
14494
9381
30384
9244
16221
6263
3141
29816
28216
12899
14420
15130
4394
24382
488
14891
7120
22026
20111
24918
7730
2424
7621
27505
31713
21163
6321
32608
6466
14655
18959
22582
29481
31882
4718
14494
21673
16929
11419
11642
7979
3486
22109
25545
22718
26017
29026
5582
29870
18965
12410
21359
2648
24501
9475
10715
28220
29902
16548
28271
24916
17222
7999
12507
19109
5085
11552
6272
12051
9907
32123
12573
23417
1291
25877
27307
29945
8270
11585
20613
25489
25171
29454
15308
19183
4829
1727
1290
1415
13925
24443
30997
21986
18970
30534
5431
16953
295
9008
20107
20034
26420
15308
26794
1866
3119
10724
8071
5764
7500
11115
10392
19873
3914
25779
20279
24992
15865
4577
12359
18408
9465
27805
22810
27028
5572
6670
19858
8462
3822
13573
14727
13791
6316
18552
20841
19141
19092
20019
9767
29190
24227
1482
28751
23557
30084
14290
5750
21523
28687
14672
29402
32647
529
17266
7238
4881
25163
29565
13878
29259
15293
1799
3132
28049
17444
10342
31906
4627
7105
24424
30289
16424
23132
31301
3569
31718
28041
721
28242
11247
11306
5110
10251
14989
17205
9058
9313
19714
24503
4989
16234
1305
14873
8606
19826
257
26274
1150
3997
3419
3902
20205
23502
15762
31358
27331
31688
24171
991
16410
1939
30429
26959
23738
16162
19234
4589
12245
10034
5646
12817
11765
28021
27808
28812
28978
22512
32727
28977
10664
17313
12486
26772
29224
30310
10987
7441
23854
18458
30909
30992
19987
26369
18052
4744
29316
15206
18285
19394
28723
11906
28894
29024
6860
22688
7
31133
17963
23167
32186
18646
2252
26104
13436
8010
643
14816
19676
5150
31597
5424
1027
16804
28454
25955
12429
1756
22588
13344
2455
571
20452
6169
25625
10668
21996
11571
23159
9173
21745
22503
4690
18075
14034
22504
5284
24296
7524
28166
27660
9643
4968
6482
32102
1569
18874
12163
20127
6484
13515
21656
12231
31457
7760
5567
31336
23293
32572
11126
23319
29114
13804
9968
22856
14215
27810
3770
4455
1782
17461
11934
21796
3011
5895
7880
9742
8977
26678
17959
15971
4342
21271
23574
7206
12090
3808
11580
17011
31068
23204
10160
9488
6614
25989
29281
29252
23714
1829
5046
12012
11005
23645
27505
22731
29803
7218
985
802
10491
14596
32280
8576
10444
8713
7650
29916
19664
14586
14423
20193
27856
20492
2603
8073
1713
17442
14596
237
27381
1857
1059
13660
4741
12100
26695
19370
429
23761
15054
24010
23656
3723
30
7583
4062
13449
323
9232
13611
6152
25817
13915
4450
27484
20269
30123
22225
5677
19871
11500
2951
4575
4427
12510
14612
27218
15592
1640
18832
14028
18927
17200
13791
7987
18688
23656
26930
16768
387
22507
32209
2928
13451
5000
14105
23676
1791
5789
23744
1036
22267
8680
23393
28648
116
29083
20020
7919
21787
26030
22044
11275
19332
1145
25064
1380
10632
2946
19410
9172
11752
660
28748
22172
32050
1297
8701
30549
21993
13704
7942
6697
20448
3978
27529
3650
10983
3002
13676
17027
28841
18980
9562
25206
28117
14032
16651
16262
18044
23702
17094
23151
10683
23091
2596
8434
26777
11677
2582
13261
29746
18836
22569
18666
1814
10618
16649
32215
32236
22372
1604
11894
9051
6257
10577
9206
29482
13147
26577
12289
6309
1355
19732
2103
11331
22770
31967
30172
29831
13269
7021
11725
11812
3560
30387
25785
8036
10079
21737
29581
31434
28865
3141
8240
21751
14654
18442
24177
12746
5954
7873
7486
27851
16202
24006
29718
202
15607
11783
17600
29379
16992
30217
9534
25605
429
7468
9725
3987
17634
5167
18510
14027
14328
18166
14618
16709
6450
23435
9168
5118
17326
25188
12707
25526
18491
23524
2291
1686
2154
14115
24840
2326
2024
11762
32262
2590
26634
8730
10525
8811
16810
24549
30977
23349
20786
27104
32410
30735
10486
12766
10748
6158
24007
25408
31641
29229
25028
8820
21941
12528
372
26044
539
12616
14098
19249
16399
10423
18472
4103
28291
30388
24928
3346
9870
9553
9366
23689
23065
23835
23857
3339
19164
20546
20148
1503
28041
24826
20880
128
3398
1824
12861
15193
17249
14625
1672
18893
5951
23576
27951
9594
23190
32566
27563
25791
5596
26215
24141
14971
6400
10290
11916
8984
1111
25313
17310
25289
24025
19683
24901
14607
1677
9326
26860
28034
9282
17001
12530
6606
21376
21640
26182
21756
13758
697
11316
9203
12245
959
28286
21310
27829
25884
6575
7695
30807
2613
11692
18052
1779
9905
24204
810
15474
14370
14249
26048
2086
17127
29943
7997
26809
22097
1685
17684
11363
7172
29346
31670
352
30368
2386
10840
27298
29601
8001
7159
27843
5252
16903
12698
1853
13100
6924
2520
19933
1411
29854
16793
13941
1124
5440
12833
28370
14777
25925
20554
20205
14816
4766
4368
15205
19540
9969
30547
3117
1929
17387
11993
19330
25623
31190
22675
24865
2843
27758
27681
32182
25562
14832
21143
23191
9384
22645
7810
8626
27401
23934
1318
4549
7957
25552
32010
13005
9761
898
9655
11968
10395
4180
23740
8830
28470
4674
9205
31493
6983
11353
15629
13029
15983
26058
7746
1013
5499
2365
9320
24899
27272
3687
9777
19793
25195
16863
19627
24702
14672
7981
21770
5058
12960
4388
8104
9118
16425
3187
12362
8019
9337
14454
933
30803
5258
6738
24097
9717
7333
30272
30684
12652
19584
23337
10738
15866
28330
3188
252
24929
20264
15900
22742
24731
21857
22277
26022
9418
30007
11664
19993
31858
15223
29293
15088
31974
31091
15792
32700
6144
21485
29223
16613
14869
14647
27371
15089
1064
665
10038
3843
30302
17651
26740
14498
7858
5283
30365
4284
8170
16553
32449
491
9418
18697
16357
20982
4999
5233
31245
9371
5503
10524
21402
7052
18214
27894
10454
14263
9284
12545
31182
24522
1118
3063
27232
12279
15217
18481
2196
30453
13031
26823
19760
1095
3779
2553
2694
11200
13087
8398
15761
8775
15832
24058
30016
6104
18568
14341
17426
13003
1716
24746
28643
20569
5191
10622
21510
11868
2111
7122
10643
25174
8103
18393
10754
16821
5317
3854
16377
8021
30356
28112
14947
583
5237
2127
13762
14801
21025
32428
12230
29365
30690
19548
31006
12726
21251
14030
31118
22361
14980
3917
31298
4329
19475
19495
27234
23229
30008
15631
20966
30654
7376
24256
26284
547
188
4579
30663
31103
7130
14643
8987
29182
10292
735
2343
18667
4472
24879
29473
630
27561
30315
8008
13493
16915
30713
10102
9192
21124
19653
13812
29697
2233
27366
31891
4964
19991
14462
8696
17131
412
29665
6456
24365
11284
26362
6053
20224
17552
27115
7399
15164
6420
30964
16718
29634
12176
24982
15974
9661
13073
19192
26060
18216
16697
7561
31297
23441
11245
3559
7933
30236
845
20224
20805
7370
31721
12151
8256
28923
1329
9801
5895
16690
9262
4784
3323
26649
26224
13127
20571
7365
328
6255
24342
6202
28983
5618
8669
13362
11685
30695
23933
26394
17622
32470
20076
16734
29723
26396
8865
20454
4165
32656
17833
2017
21087
4966
13048
8129
23709
11092
17021
31110
2959
27124
9081
576
26522
1898
31120
10959
19113
12358
20513
24046
3616
19372
22483
6000
21778
27826
8816
200
18099
29449
20727
14031
19728
7904
26604
7362
11261
7173
15859
24714
1103
18509
14493
5185
5964
14647
19330
241
24160
17612
28048
5791
19218
4553
30882
7560
17205
29440
10068
3242
11619
4604
9494
10630
8615
11492
25728
21797
4730
27553
12262
10841
497
4163
10283
20805
5940
1697
9690
11295
10290
5952
12402
16693
2963
16759
2
1582
18158
208
15606
28819
27965
432
29233
28558
16782
2363
25948
13041
29179
5234
18813
25465
32475
29342
32715
12373
8762
24306
23233
21986
19335
23916
6001
441
909
24316
283
14315
19621
28904
29438
7563
21289
31599
11374
19565
555
21421
11047
5166
20583
9406
32737
19572
22903
29734
20772
7287
5958
17776
94
23489
20423
8470
9523
28722
2791
673
21268
19782
9408
29201
23827
30875
20495
19583
3061
14253
7400
1
31369
19172
22440
16078
3129
22994
21548
28067
12767
29877
31040
20837
28890
20292
8282
16391
24672
6312
7561
22702
4373
5320
936
1811
4829
23241
30935
22057
3311
23765
12076
22017
7212
7452
21925
6378
27566
13337
5473
3036
15267
3095
28432
11799
19036
30195
3241
27655
21409
31523
23387
8555
6728
4343
453
1718
12294
4383
1641
3509
28548
7022
14942
29043
23733
17630
15430
32090
24424
14291
10112
20378
3097
10660
17311
6863
28429
18775
18458
10974
3486
2988
2116
12575
4563
30814
7039
7106
21555
23717
21933
31851
14299
1791
9192
16928
3279
28720
8563
19045
27790
30087
30960
3493
17641
2148
26067
27348
1300
30455
27158
22099
8446
12874
3119
28692
24286
13698
12607
17662
8974
29282
26508
16275
11805
26384
13617
3024
288
16668
16148
29268
23624
12734
23577
28357
3002
22367
26773
1392
30362
24667
28166
7215
9321
19206
29441
23184
11410
26349
1899
21811
17471
31582
24812
2164
24177
14122
7073
26186
4688
19881
29457
31599
15296
25855
1891
28610
2612
14750
718
26089
29127
6924
13136
32314
12937
9703
27811
220
27158
24358
18029
29481
25454
5281
2743
7255
6400
9940
26784
15704
7432
8159
16210
32766
23579
15314
5430
24931
28160
17960
3940
7048
26818
28817
32094
21052
27139
1781
19709
1856
19091
9397
31403
6568
12354
20276
20947
21636
29170
6550
4502
20672
496
13767
18880
11849
21124
5823
1018
26737
26822
2053
3393
18837
4532
24178
29590
16893
28034
9784
3063
9731
17713
29219
5263
6008
24163
12318
18218
7747
16750
9976
28651
13387
9647
360
23617
18584
30753
2639
13847
32181
12333
32318
8011
10072
26308
5688
8546
19268
25516
12217
17786
10607
5399
13814
26751
3936
9594
12391
8098
31452
9116
6787
16647
20417
28910
26827
25790
9522
27162
24329
29173
28148
32222
7130
3180
24
9755
32106
30249
16347
30505
17279
14700
29130
14702
4793
12005
30762
16687
15640
13349
32662
30885
29630
9811
24298
20564
17910
29984
11872
2456
4470
25084
23033
3969
18401
16267
13087
20960
11664
17746
17800
22178
30098
19383
29533
30045
24305
1064
7324
28969
14135
410
21947
25777
26161
9525
29070
13450
26355
17229
25194
31683
21020
5269
13963
9917
23900
18319
13235
12348
29747
17991
22036
13503
19963
1089
13936
20493
9512
26800
7039
30993
29647
10472
14993
20455
22885
10006
27508
4663
3530
10543
21400
10690
1413
31782
19569
2362
11090
22370
2333
19287
21210
5231
16199
18471
18625
3828
22347
5286
9189
16613
26522
8334
15333
28409
32609
26224
26849
31071
1125
25092
28801
9389
10289
16574
17465
28441
14452
161
29899
17899
20133
29016
32525
12082
8936
19331
21996
15286
1589
21071
19889
21807
18359
13129
19587
15540
2418
6260
25645
19830
18473
8344
14626
22446
6783
12766
23230
10196
27484
23194
28879
3602
13202
13416
25172
31224
30401
32122
22917
32369
1912
23600
18707
20982
22172
233
22192
7937
21006
6682
20178
14533
5768
20125
1460
2076
30920
12875
18846
17601
10737
26828
19047
20159
31534
27310
6712
15401
1176
8373
11154
28428
13146
18802
28819
18338
786
23831
32629
18120
26235
25482
24663
13490
9034
28856
26688
8158
9557
15148
17761
18502
3322
224
8346
19162
31935
11859
30784
8493
27190
31707
6174
18799
30244
30013
21177
10907
4065
8059
24537
2289
26626
12525
1092
7847
30262
3987
26317
11484
5742
2474
13965
6349
321
31869
1649
26955
9102
23934
501
14445
6499
22933
24366
28034
20509
32440
12814
21321
5073
9148
1252
24165
3051
619
23074
14347
27413
14294
31587
24830
22107
7917
14764
189
18316
14668
754
13562
28387
6744
28893
30031
22502
2187
13516
24365
21903
18700
1305
32277
31146
18819
28574
25610
7038
7211
13688
9798
12719
31273
5130
4652
867
16412
8005
11902
29860
6389
4391
23760
29190
19209
12930
12092
16265
23396
16639
18008
11968
31584
30306
19301
51
29815
5392
23241
29699
1622
7630
29376
19916
27442
4811
14926
20431
30303
27617
13432
29009
287
8216
13235
21566
6584
26732
8605
15890
10441
8144
28395
6137
221
25714
16290
14901
3137
24129
10123
1729
3347
20141
2784
5940
9116
19885
30540
487
3808
22535
2323
31322
23410
4812
12428
20692
29837
26657
27608
5450
19297
24901
18638
24962
2219
25040
17205
3705
31880
10297
21302
22785
16523
14235
16400
14766
16397
3769
2830
29683
6852
20543
1719
8329
5528
16459
28228
14096
3505
15147
4439
23289
8661
2409
26601
28579
1521
13572
8836
14276
13557
17409
2739
1035
29925
31778
18360
13572
24877
5110
23420
5179
28470
29970
27596
18596
8502
29597
11201
27194
23372
7954
31104
30951
3788
4161
1060
15012
12248
22679
3577
17633
10544
30368
7915
13607
16970
29642
15166
23804
11174
3948
29311
25863
9564
6918
23226
11124
29687
27595
19437
24986
6021
1372
28605
11483
30959
25047
31080
20172
391
31504
6651
6294
20704
31006
1221
11677
1250
10778
6155
22879
18461
10019
32253
31902
6750
19109
23017
21953
1920
23515
21935
10360
16517
5011
9077
2207
19174
24114
18331
19557
14886
32503
16113
27053
10157
30852
21800
17076
23764
24218
16263
9716
25405
29988
20447
1353
28517
16503
21441
10323
22908
27352
29678
24091
6260
9022
10255
29177
29528
22874
4775
26549
23775
31445
22853
17132
11585
5593
19710
23989
11849
1234
30490
4741
11691
1910
24078
15696
2457
27907
5803
22513
27537
13255
30100
13772
9593
16870
29941
8882
25837
7000
8818
26885
12504
14641
10590
796
25921
26149
19758
31720
8552
17483
26669
17112
23570
24609
17009
30459
4641
29905
21773
28005
17255
17842
19848
30419
12732
12562
25998
10386
5710
24627
25318
11420
16697
14483
21412
23813
22360
29296
23200
11925
8794
30860
8230
11959
10008
29998
15087
6289
30245
12393
9552
17781
27303
9120
4786
31864
19302
26186
14658
25952
547
22515
25578
8900
23851
11139
24703
22382
3884
14275
7740
6916
24902
12573
4207
8680
19301
12452
10610
7260
26319
11348
477
4330
28409
17562
32762
13827
17567
2839
4985
3814
10003
9889
22885
20419
6102
30858
15447
19744
7269
10021
25834
31357
21077
12679
3694
15411
2466
28811
5089
4258
22853
10521
18715
21643
25092
5031
29768
9915
13198
31999
31643
12010
1991
25667
6977
19426
18529
14895
14228
27876
4780
9631
8082
6727
11695
29009
21389
29026
9847
1771
9251
6060
1711
6976
15729
26914
22897
28623
29316
26089
29276
19852
23824
9013
10983
7396
9573
17257
2548
16123
1694
14720
2473
3128
25372
23467
28539
7171
32051
2363
27275
14797
10274
26562
27702
11089
1353
31605
28391
11290
8598
7893
7984
16966
1857
7567
6938
20617
6073
30368
15289
2421
16862
2492
7427
10232
26736
13297
22498
4390
3271
8072
8839
17208
4549
19244
19202
13781
11018
3150
16399
3985
19558
4295
7219
21684
11668
9151
26376
29500
13861
14798
213
20517
26042
2146
27746
14823
3190
11361
27403
25665
26547
9231
7954
20789
30452
8241
10298
19284
7451
28787
28305
21819
25053
3847
3981
12894
26482
3983
8538
27908
26769
30013
16499
32147
21147
13368
7024
30478
20503
25154
28958
23772
22366
23193
13525
1483
4503
22810
19718
12372
11750
20652
8212
11297
29921
220
25445
15564
12356
3781
24760
6634
15077
9523
9657
12360
19690
24584
20946
2164
22585
1758
30277
30335
2352
23277
15480
30466
16279
31791
18063
23903
5074
10691
32320
14153
15451
24976
17891
2439
26480
9002
16329
18932
23817
23033
8143
15051
32013
12952
15155
2849
28101
24443
19110
24755
3729
4309
4770
12002
730
9144
26109
32508
26951
19582
14015
3517
4916
16489
10545
25110
20576
8838
23862
16684
8933
14295
25054
9124
28526
9904
1849
4126
32164
17762
617
32511
23785
15383
6139
11124
329
32253
16504
30132
11437
23975
31542
14981
30802
16560
17268
17409
4730
13985
23462
14234
1122
30484
25358
9564
5235
2842
27020
7282
6332
9691
30135
26860
19872
28796
12588
24255
1228
19782
12071
22029
16493
22020
336
15527
3743
6572
3799
24785
14632
23874
25026
22853
7526
25594
24198
11898
16518
669
6613
10533
29687
557
16568
27137
7710
5580
18141
11979
31564
26586
20274
26769
27373
606
691
1837
7426
5799
18815
7693
13265
26675
6706
17973
11738
24271
21359
24966
11278
1024
21436
9024
26684
28578
17299
454
28620
26575
17845
30113
30383
14338
450
10696
22166
892
15623
286
3682
5863
30103
5437
21980
32058
13213
4722
6567
23516
1264
5384
29555
23052
22248
27594
29298
6016
8817
25539
18448
30284
7773
328
11487
15366
27647
19001
4560
20008
29173
1411
29097
3509
22853
5097
22195
5664
24748
17925
26803
25449
31282
21385
5916
9097
26370
22475
13187
14096
17785
30593
4179
9485
17789
5064
30658
1582
30480
11884
3844
11048
26404
25443
31166
601
32433
7066
20925
172
22534
23797
18152
4542
32349
23441
31603
21311
19377
12364
28758
8090
22740
22663
5630
11224
13244
25386
21826
15553
20509
28393
9368
14149
26174
24006
32137
4123
13317
25047
18018
24232
21587
18250
1069
5922
8344
8102
26847
12277
20638
12883
4563
13926
19625
22109
2679
5750
26050
6517
26438
6665
26704
22585
3318
25415
15592
11189
30706
26179
2918
20521
6154
9690
5181
26892
5225
14303
13323
18002
3016
21621
17777
3819
9442
29883
21793
29836
808
17583
23608
21681
29621
27724
29903
27363
26244
29686
15564
30774
2017
18456
23294
1047
3613
8204
23146
6724
3974
19515
20447
10780
29846
12165
32209
27417
23147
26595
27236
27291
31095
27210
7110
9959
25721
5587
28354
23407
13228
538
15250
25172
28734
3299
15605
20265
21507
27396
28034
9978
12651
16511
20284
22924
6066
1006
20838
24551
1878
12580
18585
9234
19150
3857
11539
5662
18297
3302
4946
4709
23253
31354
4834
32020
6129
8172
3955
14055
31013
30859
6190
20276
23040
5362
20809
5931
19842
26743
7129
31324
9355
1479
28648
16506
14484
3786
7368
7262
20125
23501
25510
11342
9830
7647
8290
20352
2530
123
29855
29914
28905
3688
10518
18172
3373
24030
14639
22912
21103
18410
15570
15232
20211
12051
9338
4953
26673
6462
31628
10159
20429
8399
9448
31154
17609
273
17853
21663
29946
16856
21153
30345
4792
18021
29409
13913
29402
17289
11797
19220
18146
24846
6136
6236
18292
2642
28279
9274
25357
12853
24072
6682
17649
3637
24637
32535
18533
3288
26777
31609
11295
2891
21410
23932
6651
3656
19511
14676
22255
572
6948
19053
12097
18090
5364
31223
29431
2250
6663
11938
5776
12663
23780
18854
19441
27208
25295
29959
10146
32252
29343
10007
9786
6171
26058
32572
9752
10202
4034
24563
10580
27199
12164
27157
29685
24455
8045
15706
23141
12229
14160
8731
21538
17099
5319
92
9909
3917
15814
18441
15592
25924
20854
11904
32308
14225
15168
25936
14969
10467
7207
11840
32242
24538
24156
28820
24935
26221
9996
13195
10916
6281
6781
8748
20779
26106
9817
31810
15142
27535
17994
6310
18079
10105
30406
23740
29427
19701
18989
19776
16004
31531
21521
7235
3247
23381
24276
22640
10238
27171
8057
8596
13470
28766
23476
1630
10003
28365
13891
28515
4906
341
5505
15204
26415
32099
22585
28884
26465
20367
19640
10389
32163
23673
7718
5635
12660
26871
11286
20531
23585
19827
91
16508
27961
30862
22301
23095
21314
1289
27949
32708
23722
26342
2198
14542
9473
29642
28533
7631
25189
19110
16650
7382
10045
24214
25870
31624
27690
10506
1351
14948
30266
18211
17755
15692
27999
1632
11490
23873
14112
9337
30654
18287
27023
18059
16559
19817
27259
27510
14882
2741
3814
23939
26954
907
20153
26443
6002
8410
24759
20436
28050
11660
21168
25084
28192
14603
29175
795
16680
772
6166
7396
1695
21611
12223
24204
8949
27071
1542
6447
14825
21135
15310
15215
19361
27197
27521
12382
10234
19970
22277
9630
11293
29746
12779
31942
32339
18625
23529
27656
15386
29447
8074
4625
20088
10432
18724
305
22671
12887
10763
1468
29810
1124
23556
11184
12855
4723
22780
18327
3405
16135
15098
1711
19472
3294
14419
19017
32155
30071
12317
21103
2525
2258
23269
31689
2032
14967
29605
5314
20133
32697
27888
3558
29540
9020
1648
2446
11059
29109
22162
3776
16916
9201
7296
25425
7316
10777
28240
20812
30625
15412
6010
23448
23196
21485
15248
9684
28591
29590
4393
4998
13921
24174
18719
25205
17511
9759
30202
17491
2237
12683
1963
15263
17654
8392
12158
16330
12497
12905
16458
27801
31756
3584
24298
16586
8829
6113
5873
12282
18014
12840
10138
3014
1257
3837
7422
2097
31013
30742
2442
24389
24831
12158
29615
22526
6300
19861
19419
13411
24558
16473
32425
19190
7813
20451
30549
20302
6568
19508
9842
3587
20645
18482
24799
8138
29541
1518
10999
22497
10051
30760
17416
29102
3614
32021
1542
16803
17325
13920
28033
28004
17683
8814
24021
28460
30388
23270
30113
26733
15430
7281
1914
1974
22315
31678
2784
1498
32510
27594
6512
32335
26732
31070
19548
9940
11845
24537
3609
10838
20690
23343
13399
11029
16234
23346
30262
12291
8256
31760
4791
364
19071
26653
15216
14556
9881
1747
6021
2110
26843
7447
29395
31809
23110
17086
28014
15872
9114
20816
16206
6113
20147
12300
25669
16829
29208
8492
17460
14402
15058
29802
11135
9110
18554
17090
10174
4413
3990
6010
7350
1341
13862
10848
9607
9856
7801
3923
5670
2681
5189
32516
12558
25611
20471
7422
25907
6566
17480
24292
10296
1715
27153
30970
16609
27698
32352
29671
5579
21665
26315
20410
21595
28448
12292
22570
1012
9684
23214
3618
22893
29577
27247
19069
24258
15515
27463
32270
17161
12054
24864
13027
26280
28188
21926
13002
30662
3207
30808
30485
13055
6864
1247
17819
7260
19504
25503
7935
17538
30468
14477
25141
28201
29814
21568
18753
10192
9050
15178
9026
11695
4694
14280
28592
10222
5446
10552
16098
6420
18910
1675
31699
4290
20369
18043
805
30369
14002
8735
11110
409
27354
26045
8851
12100
7305
17375
17626
20386
28176
24233
20644
30990
26542
31593
7123
30832
30457
5232
11848
4533
32127
15649
26025
9340
12974
3143
1633
2322
23793
172
24040
14753
9756
5095
23108
7076
3850
28533
15056
32158
18052
30731
15932
7436
26469
9003
29141
18584
25084
19190
1542
29327
5298
29761
19487
18325
22509
15082
16726
7576
308
22636
19212
20226
8595
30898
2129
22067
833
20777
23721
15662
10880
11801
6160
13714
24005
27189
24637
27853
31001
1137
16164
28812
4287
18451
31422
14197
10007
15117
6668
8729
31170
18058
15194
2084
10759
19911
8129
9687
17525
10020
4079
32185
27594
11131
32299
649
11028
20400
2451
7542
13078
31881
18088
25747
1773
6336
28941
5509
23540
31063
27276
10366
12516
11308
11098
3952
24640
20685
1948
30074
12784
29581
28201
4775
12331
7896
1170
26583
17307
5827
17504
30461
23228
29415
32156
19339
8326
2672
25237
26411
1611
26225
221
26288
9442
11899
19349
29516
14597
17261
6890
21507
16120
31885
17632
13151
29035
15064
13135
28006
12194
18071
6954
31177
3795
11059
14599
18014
6864
1354
14044
5584
2533
30466
7943
13974
26628
13982
146
9761
32031
27471
10420
29786
29398
19532
5531
31563
32082
13860
1640
16156
2929
10835
19580
2626
16931
27924
16882
6643
18196
13687
2412
28381
7819
9139
31507
5655
8338
29117
25305
32344
18775
4634
29698
11623
26834
12529
5602
27090
30120
19300
28136
11491
1871
20768
19163
28880
15219
1075
21860
12082
2713
2847
10701
9144
20483
26924
16136
10013
2259
20738
16115
13911
3699
1398
13274
31250
20531
15525
12093
25180
20532
14655
19924
10914
26502
3622
15569
23003
5517
16440
9317
4867
24233
14952
7045
18891
32277
18452
2286
12175
28432
2451
5479
27784
4411
5901
4934
31043
27715
17807
32565
11345
22207
16990
32310
20545
1116
30860
31973
21963
16183
29898
21501
30286
20618
15229
5662
23165
23691
17684
27342
6484
13713
5272
6845
9042
27257
7300
12621
28130
5192
26072
22353
29466
10001
11625
19221
22951
18970
27515
6560
22792
31546
31121
32053
11771
389
19076
1312
13109
29484
26835
27311
29270
21150
12090
14206
16668
1779
28550
8439
16087
13195
31655
15642
17949
13042
17671
29818
9918
14599
1562
21896
15354
24670
10807
11540
13042
9954
26534
2065
5469
7615
16378
665
27772
20607
23200
2097
4176
10098
28089
26957
30474
18772
10533
27159
6339
16426
22496
11884
15213
25965
11154
10023
15114
22890
26209
25763
8732
2537
22282
29307
9820
3085
23344
8340
23982
19835
23540
23902
16213
24766
30917
1366
17763
26859
21625
19408
17012
26752
14493
8435
16284
30610
778
14597
30366
9512
4537
6377
15455
2018
8409
19429
28570
16862
20254
9897
16340
31707
15451
15245
24723
7071
30291
25627
31947
14743
10189
973
32409
6590
15846
26647
32563
11199
30635
27048
29472
22110
5095
13038
26276
4628
4410
20440
24191
5881
13419
27359
12503
8680
18687
23367
27250
5341
20491
26786
5160
30369
4422
26519
27800
5546
16994
5089
27163
21052
14493
19354
6390
21461
22675
4026
10708
11720
14422
28123
17523
14120
10176
14143
29341
6631
4872
10515
14170
23871
29588
27125
9828
28497
17166
181
4059
29197
9402
10328
5178
20305
14599
9571
13450
22613
20324
86
13013
29766
27220
18806
22238
8753
18885
18895
27407
21027
28574
17786
1459
22927
21143
13084
29285
1775
13133
3247
20424
6318
18326
7557
13689
6982
12305
29065
30274
29350
27650
18889
21137
4822
16221
14897
12072
11229
16161
21657
9237
19683
30695
1283
30693
17043
25275
797
23317
13507
7210
32014
30665
18263
4508
24430
10688
16994
6373
24214
29320
1423
9750
9499
32238
19136
5017
19349
19129
31732
12413
32165
19352
8302
2318
28726
5208
9492
7593
3330
26458
1045
31694
30552
14149
4046
28023
19997
28920
25839
12968
20242
8643
18393
31048
16212
19926
29003
1839
15657
2809
3646
19072
24313
13182
30477
17465
17307
17780
25049
264
30675
16926
5164
5217
21784
8612
22492
18893
15770
12039
14131
133
22915
24666
17484
25919
14717
32560
28608
32328
629
13649
12931
15827
1695
20913
3848
3729
28603
22946
11692
3713
24214
14920
6225
27658
9171
11853
22857
6471
30187
11223
375
18850
18547
28343
22960
28068
10398
29412
17255
8459
17154
29479
3210
16157
30367
16407
15015
4413
6429
840
4435
19388
20565
17088
22476
19697
9491
14506
8669
21132
13082
21327
8194
6439
6761
28993
15053
6686
5565
11737
32136
23457
23127
20964
5148
1799
9471
15514
24626
14693
6217
22736
27031
16992
20503
29294
11749
17727
20063
34
4960
28741
9519
13654
798
15933
494
28768
28267
30294
32228
22777
17259
24113
22525
17137
5377
21049
31689
10529
31216
14387
31176
21664
26432
21
21733
1082
2532
10012
18752
10269
25497
28953
28720
1494
12049
19468
25993
22652
20305
4595
21018
16683
20056
7396
32634
7092
12033
24922
22789
2963
5674
717
32289
21794
3862
5765
18886
22284
28432
2223
29501
14339
7249
22449
11303
7350
15396
6587
24514
31229
3144
158
30568
22359
27542
20450
18520
5527
21987
30994
3769
3546
22312
21083
6620
7356
14817
6998
3522
28108
29874
17441
24030
6973
6992
10932
25883
30174
22175
17010
16161
2380
10264
23039
18132
12389
31854
29522
24094
19969
20849
25099
25327
32221
29490
9222
30082
20952
5224
10288
29665
28514
17938
30617
20139
8497
4702
29899
6933
12597
16074
9563
1583
7887
31113
14781
3433
1342
30248
18268
8277
18010
15729
26858
4014
19844
13456
14581
28058
32477
8052
23228
17196
9910
8824
1344
16173
32072
1859
17566
16924
4773
18668
26011
27507
14063
11106
16257
3116
13000
25100
20522
8836
25609
2476
24154
17151
4791
31113
5714
4780
4659
12237
21665
13994
688
23852
4926
23787
18154
21446
11476
16952
534
23887
27229
22901
12820
15469
3826
30759
14828
23905
21985
11315
28792
31210
5889
7912
1886
13414
1346
10560
24130
28219
15240
32099
5689
23925
3002
2413
31104
9649
17429
30577
2926
30777
24263
28350
21671
32624
20409
31329
16275
6513
25772
14571
6414
9715
27527
14708
2401
27504
4847
10719
6513
22406
14617
14944
6199
7837
7388
23100
29808
32458
9483
12752
24214
10739
12801
32213
18190
6964
11645
12258
3235
23426
19633
30770
28467
31118
14485
7336
6824
14572
4225
16656
24106
15477
31483
1192
25492
12266
14542
6367
31524
13530
28252
13660
20342
5829
5940
3394
5555
2689
22503
10675
3590
31965
8728
19859
26703
13445
24275
18062
24860
19237
4896
20316
10965
16849
13015
26435
30518
13477
5557
17118
13570
29096
17072
14878
22006
30454
1416
22414
12540
7199
671
27867
21666
27338
15626
20627
24010
