24213
28171
2981
26775
9074
25857
21604
2745
14382
25764
3634
23651
18996
3270
8560
3329
20877
8797
30727
29805
17921
30
31656
10266
12160
30029
18777
28818
5569
1747
15917
13090
4905
18065
16722
9171
3822
13556
28497
21405
25212
24777
2706
28376
28184
14675
21791
16371
24771
18075
14249
19048
14177
15368
22992
4591
14106
6447
3999
25075
26369
19692
16470
10562
19699
3762
10861
15880
29122
25119
10453
7678
28819
30932
23937
32479
5509
26243
25893
17180
20372
23369
30782
9936
31164
22591
7506
14582
16225
4684
20601
29914
8174
30525
17436
4045
21949
2327
7933
20253
9271
939
23415
31300
20796
108
11272
15712
19909
3198
2316
4067
20935
25871
19403
29580
28507
19946
31414
8086
24861
13897
10990
27695
6097
8171
6918
4651
19277
31847
27402
4858
4755
29888
5568
23767
18237
20281
3885
32579
14366
26475
11355
946
28454
27796
14426
16004
3718
23090
23173
11318
2325
24273
12806
11994
14834
9505
19101
16324
8043
13131
20125
27015
15646
21637
6711
7712
26974
16613
5114
15728
2521
30578
28315
24560
887
32385
14322
14752
24965
32319
22854
10560
30738
27018
27850
18371
1433
10501
3175
3073
6113
31851
32188
22188
14370
1571
24420
31365
8809
13589
15223
5327
3133
189
9043
18948
16003
11133
14492
15048
1695
32568
18305
17691
17116
14364
22081
26066
3598
4543
19950
20040
20086
10862
8306
593
11237
12482
4047
4719
12580
3955
31403
17993
7316
2929
21003
19288
9234
2097
7263
15332
12317
26181
10687
4655
21051
12336
23924
23536
31384
2424
12474
16898
12529
5117
21188
14430
21680
16264
2561
27207
10329
14247
15006
14020
11300
25529
13900
20819
3052
11589
14659
23260
9287
144
14470
1764
25335
15214
25961
8451
1665
32344
2641
1688
283
5055
9404
26811
715
24992
24705
27251
28366
6489
22616
28457
16439
6587
16284
11613
8664
14176
22864
22936
15717
24382
24673
32162
1495
18301
17706
20468
271
8838
25661
8048
21692
2141
6753
10064
6782
2608
22999
24413
16204
9264
9442
7265
29203
415
4486
5342
26015
18218
14991
7680
27071
22394
16853
13521
8100
17926
18367
10156
19851
27691
31750
29684
5532
21630
11195
11269
5137
28769
28812
31083
10394
19412
25923
3923
28416
13198
911
8510
11017
333
3847
12797
11165
618
12652
20185
26918
11440
11310
2834
25405
5486
17202
20363
386
24267
17619
21187
31691
3930
21287
19719
3458
2030
21123
15590
30792
2992
8513
20454
6622
3694
31936
17269
6470
15670
14253
21026
28453
29988
9601
269
19820
7288
24395
24988
10807
4587
17840
7024
29174
9796
25648
21144
9418
21542
6571
15876
25394
10796
10787
572
11750
6968
7619
9298
23811
10503
4384
10516
4713
7433
23232
13447
11105
17264
10713
15761
30084
23687
602
10742
10968
14406
14895
26246
31035
12323
23489
20372
6405
29482
4541
32169
14057
22608
23
19066
13596
11013
11854
8728
1977
9736
26353
29799
12389
4223
12386
23249
7471
12615
17114
17979
28345
3209
8109
18744
27037
8078
11728
21117
5898
3796
32664
27542
22702
31329
9668
20439
29657
27735
13246
28564
22495
5577
22814
13205
9150
19917
13424
5316
12032
1746
17207
23593
6627
11828
4914
7960
10424
10766
6365
19369
28297
26960
20283
22889
2814
14865
1235
29263
32641
23078
31224
10226
24481
30195
13390
2296
24756
2433
11146
10962
3265
22481
13177
31655
7325
27760
18244
28813
15699
23372
6642
25599
17609
12998
4142
14476
6561
21512
1867
5068
21086
9625
3461
17816
20424
21550
28554
12154
22161
5572
16185
16483
27704
8939
14249
22684
31534
23141
8813
10751
568
17135
8726
26727
21268
24415
1530
24165
9311
2287
2868
14901
31414
17369
12012
9968
11548
16932
30169
1538
2203
2237
19715
23775
22318
27337
26574
19186
19935
20282
16180
7126
9773
29856
5714
18889
26288
10050
10278
1118
7936
7534
25239
3954
6866
28173
21173
3680
20580
21882
9795
3961
3612
15509
26227
27566
11116
13843
20464
20112
16632
26136
27681
31355
11259
2055
20397
7437
24806
1689
8762
18397
20811
23084
21371
24938
26874
8542
8553
8786
26218
10203
21456
29381
4698
20339
20750
15416
6839
3952
28695
862
5313
32294
11197
24148
27242
6347
6959
6940
14078
15753
21439
10828
22281
3026
6120
8711
12150
7924
30607
27949
28660
22253
17801
31439
21662
9088
1630
486
10970
1416
15436
11588
7553
14989
13455
17354
3137
18069
14816
8412
29248
20540
20540
4370
8194
775
24038
26416
19597
27638
26031
23897
16843
1112
13941
5759
10287
24291
13290
21534
13723
11012
7318
13354
17282
628
28960
2886
4170
13580
24777
12086
12276
1754
24377
17815
28670
5236
18302
27341
12936
20876
12370
17726
1207
21957
21916
22718
29783
27589
15162
11849
26820
5772
27902
9208
778
260
32758
31022
18763
3033
14577
27410
8545
28042
31806
30019
24261
6337
27319
2759
26543
23776
20479
23364
13695
29916
17927
30834
13404
30798
12759
28624
17947
25287
32139
11414
27746
9572
13211
13803
24077
30371
24416
7513
3024
21621
22228
12670
22558
27797
20890
18692
1610
24343
28990
14803
9453
3908
7869
20612
30599
30373
24904
23577
9065
11870
4677
8684
9170
8894
4759
19942
18776
9491
25887
13041
18569
20419
21122
28592
7123
28824
31277
19309
15521
27996
29847
24403
30663
22182
27334
24541
24864
7411
18197
6798
10869
7160
25396
31715
24993
28727
22384
12678
23027
19153
20277
15556
17620
14235
1745
2369
15786
2419
22138
23530
19708
24789
28307
11820
9942
169
10539
18787
10351
25951
5319
13974
22793
21054
7265
22113
29209
18681
28848
13618
12968
8068
5802
28601
505
10277
16200
15257
9580
8142
19593
26724
3490
22186
10169
27846
32482
18166
19699
21504
6331
3602
12261
8088
235
31704
24019
29007
13696
11308
222
4436
19005
24276
10375
9399
5439
395
31599
10272
3809
8272
13920
705
26844
12292
7313
17801
8371
26420
15654
27291
4430
6452
12791
10494
18404
18285
15250
12438
8223
23799
24195
25171
27515
18539
26067
22696
10224
26610
28366
21567
2512
31650
25097
24811
23794
4619
32164
18142
272
8972
21709
7196
1390
19692
26757
2607
10172
26533
15783
7196
14910
25219
5158
10391
