1
2
7
21
24
30
34
51
65
71
86
86
91
92
94
116
123
128
133
146
158
161
172
172
181
188
189
200
202
208
213
220
220
221
221
224
233
237
238
241
252
257
264
273
283
286
287
288
295
305
307
308
321
323
328
328
329
336
341
352
360
364
372
375
382
387
389
391
409
410
412
429
429
432
441
450
453
454
477
487
488
491
491
494
496
497
501
529
534
538
539
539
547
547
554
555
557
571
572
576
583
601
606
617
619
629
630
643
649
660
665
665
669
671
673
688
691
697
717
718
721
730
731
735
754
772
778
786
786
795
796
797
798
802
805
808
810
833
840
845
846
867
892
898
907
909
913
914
933
936
938
959
973
985
991
1004
1006
1012
1013
1018
1024
1027
1035
1036
1045
1047
1059
1060
1064
1064
1069
1075
1082
1089
1092
1095
1103
1106
1111
1116
1118
1122
1124
1124
1125
1137
1145
1150
1170
1176
1185
1192
1210
1221
1228
1234
1247
1250
1252
1256
1257
1264
1283
1289
1290
1291
1297
1300
1305
1305
1312
1318
1329
1339
1341
1342
1344
1346
1351
1353
1353
1354
1355
1366
1372
1380
1392
1398
1411
1411
1413
1415
1416
1423
1444
1459
1460
1468
1479
1482
1483
1494
1498
1503
1518
1521
1542
1542
1542
1562
1569
1581
1582
1582
1583
1589
1591
1604
1611
1622
1628
1630
1632
1633
1640
1640
1641
1648
1649
1672
1675
1677
1685
1686
1694
1695
1695
1697
1711
1711
1713
1715
1716
1718
1719
1723
1727
1729
1747
1756
1758
1771
1773
1775
1779
1779
1781
1782
1791
1791
1799
1799
1811
1814
1823
1824
1829
1837
1839
1849
1853
1856
1857
1857
1859
1866
1871
1878
1886
1891
1898
1899
1910
1912
1914
1920
1929
1939
1948
1961
1963
1974
1991
2017
2017
2018
2024
2032
2040
2047
2053
2055
2065
2076
2084
2086
2089
2097
2097
2103
2110
2111
2116
2127
2129
2146
2148
2153
2154
2164
2164
2187
2196
2198
2207
2219
2223
2233
2237
2250
2252
2258
2258
2259
2262
2286
2289
2291
2318
2322
2323
2326
2333
2343
2349
2352
2362
2363
2363
2365
2380
2386
2401
2409
2412
2413
2417
2418
2421
2424
2439
2442
2446
2451
2451
2455
2456
2457
2466
2473
2474
2476
2492
2520
2525
2530
2532
2533
2537
2548
2553
2582
2590
2596
2603
2612
2613
2626
2636
2637
2639
2642
2648
2672
2679
2681
2681
2689
2694
2702
2713
2739
2741
2743
2784
2784
2791
2809
2815
2830
2839
2842
2843
2847
2849
2891
2918
2926
2928
2929
2946
2951
2959
2963
2963
2988
3002
3002
3002
3011
3014
3016
3020
3023
3024
3036
3051
3061
3063
3063
3085
3095
3097
3116
3117
3119
3119
3128
3129
3132
3137
3141
3141
3143
3144
3150
3180
3187
3188
3190
3207
3210
3235
3241
3242
3247
3247
3271
3279
3288
3294
3299
3302
3306
3311
3317
3318
3322
3323
3330
3339
3346
3347
3373
3393
3394
3398
3405
3419
3424
3433
3486
3486
3493
3505
3509
3509
3517
3522
3530
3546
3558
3559
3560
3569
3572
3577
3584
3587
3590
3602
3609
3613
3614
3616
3618
3622
3637
3646
3650
3656
3682
3687
3688
3694
3699
3705
3713
3723
3729
3729
3743
3769
3769
3770
3776
3779
3781
3786
3788
3795
3799
3799
3808
3808
3814
3814
3819
3822
3826
3828
3837
3843
3843
3844
3847
3848
3850
3854
3857
3862
3884
3902
3914
3917
3917
3923
3936
3940
3948
3952
3955
3969
3974
3978
3981
3983
3985
3987
3987
3990
3997
4006
4014
4026
4034
4046
4059
4062
4065
4079
4103
4123
4126
4136
4140
4161
4163
4165
4176
4179
4180
4207
4225
4258
4284
4287
4290
4295
4309
4329
4330
4342
4343
4368
4373
4373
4383
4388
4390
4391
4393
4394
4410
4411
4413
4413
4422
4427
4435
4439
4450
4455
4470
4472
4472
4492
4502
4503
4508
4532
4533
4537
4542
4549
4549
4553
4560
4563
4563
4575
4577
4579
4589
4595
4604
4618
4625
4627
4628
4634
4639
4641
4641
4652
4659
4663
4674
4688
4690
4694
4702
4709
4718
4722
4723
4730
4730
4741
4741
4744
4766
4770
4773
4775
4775
4780
4780
4784
4786
4791
4791
4792
4793
4811
4812
4822
4829
4829
4834
4847
4848
4867
4872
4879
4881
4896
4906
4906
4916
4926
4934
4946
4947
4953
4960
4964
4966
4968
4985
4989
4998
4999
5000
5011
5017
5031
5046
5058
5064
5073
5074
5085
5089
5089
5095
5095
5097
5101
5110
5110
5118
5122
5130
5148
5150
5160
5164
5166
5167
5178
5179
5181
5185
5189
5191
5192
5208
5217
5224
5225
5231
5232
5233
5234
5235
5237
5252
5258
5263
5269
5272
5281
5283
5284
5286
5298
5314
5317
5319
5320
5331
5341
5362
5364
5377
5380
5384
5392
5399
5419
5424
5430
5431
5437
5440
5445
5446
5450
5469
5469
5473
5479
5499
5503
5505
5509
5517
5527
5528
5531
5546
5555
5557
5565
5567
5572
5579
5580
5582
5584
5587
5593
5596
5602
5618
5630
5635
5646
5655
5662
5662
5664
5670
5674
5677
5688
5689
5710
5714
5742
5750
5750
5759
5764
5765
5768
5776
5789
5791
5799
5803
5823
5827
5829
5863
5873
5881
5889
5895
5895
5896
5901
5916
5922
5924
5931
5936
5940
5940
5940
5950
5951
5952
5952
5954
5958
5964
6000
6001
6002
6008
6010
6010
6011
6016
6021
6021
6053
6060
6066
6073
6102
6104
6113
6113
6129
6136
6137
6139
6144
6152
6154
6155
6158
6160
6166
6169
6171
6174
6190
6199
6202
6217
6225
6236
6254
6255
6257
6260
6260
6263
6272
6281
6289
6294
6300
6309
6310
6312
6316
6318
6321
6332
6335
6336
6336
6339
6349
6367
6373
6377
6378
6389
6390
6400
6400
6414
6420
6420
6429
6439
6447
6450
6455
6456
6462
6466
6471
6482
6484
6484
6485
6492
6499
6508
6512
6513
6513
6517
6550
6560
6566
6567
6568
6568
6572
6575
6584
6587
6590
6606
6613
6614
6620
6631
6634
6643
6651
6651
6663
6665
6668
6670
6674
6682
6682
6686
6697
6706
6707
6712
6724
6727
6728
6738
6744
6746
6750
6761
6781
6783
6787
6811
6824
6845
6847
6852
6860
6863
6864
6864
6890
6916
6918
6924
6924
6929
6933
6938
6948
6954
6964
6973
6976
6977
6982
6983
6992
6998
7000
7018
7021
7022
7024
7038
7039
7039
7045
7048
7050
7052
7066
7071
7073
7076
7092
7105
7106
7110
7120
7122
7123
7129
7130
7130
7159
7171
7172
7173
7192
7199
7206
7207
7210
7211
7212
7215
7218
7219
7235
7238
7249
7255
7260
7260
7262
7269
7275
7281
7282
7287
7296
7297
7300
7305
7316
7324
7333
7336
7350
7350
7356
7362
7365
7368
7370
7376
7382
7388
7396
7396
7396
7399
7400
7422
7422
7426
7427
7432
7436
7441
7447
7451
7452
7468
7486
7500
7524
7526
7542
7557
7560
7561
7561
7563
7567
7576
7576
7583
7593
7615
7616
7621
7630
7631
7647
7648
7650
7693
7695
7710
7718
7730
7740
7746
7747
7760
7773
7781
7781
7801
7810
7813
7819
7837
7847
7858
7873
7880
7887
7893
7896
7904
7906
7911
7912
7915
7917
7919
7933
7935
7937
7942
7943
7954
7954
7957
7979
7981
7982
7984
7987
7997
7999
8001
8005
8008
8010
8011
8019
8021
8036
8045
8048
8052
8057
8059
8071
8072
8073
8074
8082
8090
8098
8102
8103
8104
8129
8129
8138
8143
8144
8158
8159
8170
8172
8172
8174
8194
8204
8212
8216
8229
8230
8240
8241
8256
8256
8270
8277
8282
8290
8302
8326
8329
8334
8338
8340
8344
8344
8346
8373
8392
8398
8399
8409
8410
8426
8434
8435
8439
8446
8459
8462
8470
8492
8493
8497
8502
8506
8538
8546
8552
8555
8563
8576
8595
8596
8598
8605
8606
8612
8615
8617
8626
8643
8661
8669
8669
8680
8680
8680
8696
8701
8713
8728
8729
8730
8731
8732
8735
8748
8753
8762
8775
8794
8811
8814
8816
8817
8818
8820
8821
8824
8829
8830
8836
8836
8838
8839
8851
8865
8882
8900
8907
8918
8933
8936
8949
8974
8977
8984
8987
9002
9003
9008
9013
9020
9022
9024
9026
9034
9042
9048
9050
9051
9058
9077
9081
9097
9102
9102
9110
9110
9114
9116
9116
9118
9120
9124
9139
9144
9144
9148
9151
9168
9171
9172
9173
9189
9192
9192
9201
9203
9205
9206
9219
9222
9231
9232
9234
9237
9244
9251
9262
9268
9274
9282
9284
9313
9317
9320
9321
9321
9326
9337
9337
9338
9340
9355
9366
9368
9371
9381
9384
9388
9389
9397
9402
9406
9408
9418
9418
9442
9442
9448
9450
9465
9471
9473
9475
9483
9485
9488
9491
9492
9494
9499
9512
9512
9519
9522
9523
9523
9525
9534
9547
9552
9553
9557
9562
9563
9564
9564
9571
9573
9593
9594
9594
9607
9618
9630
9631
9643
9647
9649
9655
9657
9661
9684
9684
9687
9690
9690
9691
9703
9715
9716
9717
9725
9731
9742
9750
9752
9755
9756
9759
9761
9761
9767
9777
9784
9786
9792
9798
9801
9811
9817
9820
9828
9830
9836
9842
9847
9856
9870
9881
9889
9897
9904
9905
9907
9909
9910
9915
9917
9918
9940
9940
9954
9959
9961
9968
9969
9976
9978
9996
10001
10003
10003
10006
10007
10007
10008
10012
10013
10019
10020
10020
10021
10023
10034
10038
10045
10051
10068
10072
10079
10098
10102
10105
10112
10123
10138
10146
10157
10159
10160
10174
10176
10189
10192
10196
10202
10222
10232
10234
10238
10251
10255
10264
10269
10274
10283
10288
10289
10290
10290
10292
10296
10297
10298
10306
10323
10325
10328
10337
10342
10359
10360
10366
10369
10386
10389
10392
10395
10398
10419
10420
10423
10432
10441
10444
10454
10467
10472
10486
10491
10506
10515
10518
10521
10524
10525
10529
10533
10533
10543
10544
10545
10552
10560
10577
10580
10588
10590
10607
10610
10618
10622
10630
10632
10641
10643
10660
10662
10664
10668
10675
10683
10688
10690
10691
10696
10701
10708
10715
10719
10724
10737
10738
10739
10748
10754
10759
10763
10777
10778
10780
10807
10833
10835
10838
10840
10841
10848
10880
10885
10900
10904
10907
10914
10916
10932
10944
10959
10965
10967
10968
10974
10983
10983
10987
10999
11005
11018
11021
11028
11029
11047
11048
11059
11059
11089
11090
11092
11098
11106
11110
11115
11124
11124
11126
11131
11135
11139
11154
11154
11174
11184
11189
11199
11200
11201
11223
11224
11229
11245
11247
11261
11275
11278
11284
11286
11290
11293
11295
11295
11297
11303
11306
11308
11315
11316
11321
11331
11342
11345
11348
11353
11361
11363
11374
11379
11400
11410
11419
11420
11437
11438
11476
11480
11483
11484
11487
11490
11491
11492
11500
11528
11539
11540
11546
11552
11571
11575
11580
11585
11585
11619
11623
11625
11642
11645
11660
11664
11664
11668
11677
11677
11685
11691
11692
11692
11692
11695
11695
11720
11725
11737
11738
11749
11750
11752
11759
11761
11762
11765
11770
11771
11783
11797
11799
11801
11805
11812
11840
11845
11848
11849
11849
11853
11859
11868
11872
11884
11884
11894
11898
11899
11902
11904
11906
11916
11925
11934
11938
11943
11959
11968
11968
11979
11993
12002
12005
12010
12012
12033
12039
12049
12051
12051
12054
12071
12072
12076
12082
12082
12090
12090
12092
12093
12097
12100
12100
12116
12151
12153
12158
12158
12163
12164
12165
12175
12176
12176
12194
12217
12223
12229
12230
12231
12237
12245
12245
12248
12258
12262
12266
12277
12279
12282
12289
12291
12292
12294
12300
12305
12317
12318
12331
12333
12341
12348
12354
12356
12358
12359
12360
12362
12364
12372
12373
12382
12389
12391
12393
12402
12410
12413
12428
12429
12452
12486
12496
12497
12498
12503
12504
12507
12510
12516
12518
12525
12528
12529
12530
12540
12545
12558
12562
12573
12573
12575
12580
12588
12595
12597
12607
12616
12621
12651
12652
12660
12663
12679
12681
12683
12698
12707
12719
12726
12732
12734
12746
12752
12766
12766
12767
12779
12780
12784
12801
12814
12817
12820
12833
12840
12853
12855
12861
12874
12875
12883
12887
12894
12899
12905
12930
12931
12937
12952
12960
12968
12974
13000
13002
13003
13005
13013
13015
13027
13029
13031
13038
13041
13042
13042
13048
13055
13073
13078
13082
13084
13087
13087
13100
13109
13114
13127
13129
13133
13135
13136
13146
13147
13151
13154
13182
13187
13195
13195
13198
13202
13213
13228
13235
13235
13244
13255
13261
13263
13265
13269
13274
13297
13317
13323
13337
13344
13349
13362
13368
13387
13399
13411
13414
13416
13419
13432
13436
13445
13449
13450
13450
13451
13456
13463
13470
13477
13477
13490
13493
13503
13507
13515
13516
13525
13530
13557
13562
13570
13572
13572
13573
13607
13610
13611
13617
13637
13649
13654
13660
13660
13676
13687
13688
13689
13698
13703
13704
13713
13714
13752
13758
13762
13767
13772
13781
13791
13791
13804
13812
13814
13827
13835
13847
13860
13861
13862
13878
13891
13911
13913
13915
13920
13921
13925
13926
13936
13941
13960
13963
13965
13974
13982
13985
13994
14002
14015
14027
14028
14030
14031
14032
14034
14044
14055
14063
14096
14096
14098
14105
14112
14115
14120
14122
14123
14131
14135
14143
14149
14149
14153
14160
14170
14197
14204
14206
14215
14225
14228
14234
14235
14249
14253
14263
14275
14276
14280
14286
14290
14291
14294
14295
14299
14303
14315
14328
14338
14339
14341
14347
14348
14370
14387
14402
14403
14419
14420
14422
14423
14445
14452
14454
14462
14477
14483
14484
14485
14493
14493
14493
14494
14494
14498
14498
14506
14515
14533
14542
14542
14556
14571
14572
14581
14586
14596
14596
14597
14597
14599
14599
14599
14603
14607
14612
14617
14618
14625
14626
14632
14639
14641
14643
14647
14647
14654
14655
14655
14658
14668
14672
14672
14676
14693
14700
14702
14708
14717
14720
14727
14743
14750
14753
14764
14766
14777
14781
14797
14798
14801
14816
14816
14817
14823
14825
14828
14832
14869
14873
14878
14882
14886
14886
14891
14895
14897
14901
14901
14902
14920
14926
14932
14942
14944
14947
14948
14952
14967
14969
14971
14980
14981
14989
14993
15010
15012
15015
15051
15053
15054
15056
15058
15064
15077
15082
15087
15088
15089
15098
15114
15117
15130
15142
15147
15148
15155
15164
15166
15168
15178
15193
15194
15199
15204
15205
15206
15213
15215
15216
15217
15219
15223
15229
15232
15240
15245
15248
15250
15256
15263
15267
15286
15289
15293
15296
15308
15308
15310
15314
15333
15354
15366
15383
15386
15396
15401
15411
15412
15430
15430
15447
15451
15451
15455
15469
15474
15477
15480
15513
15514
15515
15524
15525
15527
15540
15553
15564
15564
15569
15570
15592
15592
15592
15605
15606
15607
15623
15626
15629
15631
15640
15642
15649
15657
15657
15662
15692
15696
15704
15706
15729
15729
15761
15762
15770
15792
15814
15827
15832
15846
15859
15865
15866
15872
15890
15900
15932
15933
15971
15974
15983
15988
16004
16074
16078
16087
16098
16113
16115
16120
16123
16135
16136
16148
16156
16157
16161
16161
16162
16164
16173
16183
16199
16202
16206
16210
16212
16213
16221
16221
16234
16234
16239
16249
16256
16257
16262
16263
16265
16267
16275
16275
16279
16284
16290
16329
16330
16340
16347
16357
16377
16378
16391
16397
16399
16399
16400
16407
16410
16412
16422
16424
16425
16426
16440
16458
16459
16470
16473
16489
16489
16493
16499
16503
16504
16506
16508
16511
16517
16518
16523
16548
16553
16559
16560
16568
16574
16586
16596
16609
16613
16613
16639
16647
16649
16650
16651
16656
16668
16668
16680
16683
16684
16687
16690
16693
16693
16697
16697
16709
16718
16724
16726
16734
16750
16759
16768
16782
16793
16803
16804
16810
16821
16829
16849
16856
16862
16862
16863
16870
16882
16893
16903
16915
16916
16924
16926
16928
16929
16931
16950
16952
16953
16966
16970
16990
16992
16992
16994
16994
17001
17009
17010
17011
17012
17021
17027
17043
17044
17072
17073
17076
17086
17088
17090
17094
17099
17112
17118
17127
17131
17132
17137
17151
17154
17161
17166
17196
17200
17205
17205
17205
17208
17222
17229
17249
17255
17255
17257
17259
17261
17266
17268
17279
17284
17289
17299
17307
17307
17310
17311
17313
17325
17326
17362
17375
17387
17409
17409
17416
17426
17429
17441
17442
17444
17460
17461
17465
17465
17468
17471
17480
17483
17484
17491
17504
17511
17518
17523
17525
17538
17552
17562
17566
17567
17583
17600
17601
17609
17612
17622
17626
17630
17632
17633
17634
17639
17641
17649
17651
17654
17662
17671
17683
17684
17684
17713
17727
17746
17755
17761
17762
17763
17776
17777
17780
17781
17785
17786
17786
17788
17789
17800
17807
17819
17833
17842
17845
17853
17891
17899
17910
17925
17938
17949
17950
17951
17959
17960
17963
17968
17973
17991
17994
18002
18008
18010
18014
18014
18018
18021
18029
18043
18044
18052
18052
18052
18058
18059
18062
18063
18071
18075
18079
18088
18090
18099
18120
18132
18141
18146
18152
18154
18158
18166
18168
18172
18190
18196
18211
18214
18216
18218
18250
18263
18268
18285
18287
18292
18297
18316
18319
18325
18326
18327
18331
18338
18359
18360
18393
18393
18401
18408
18410
18441
18442
18443
18448
18451
18452
18456
18458
18458
18461
18471
18472
18473
18481
18482
18491
18492
18502
18509
18510
18520
18529
18533
18547
18552
18554
18568
18568
18574
18584
18584
18585
18596
18622
18625
18625
18638
18646
18666
18667
18668
18687
18688
18697
18700
18707
18715
18719
18724
18752
18752
18753
18753
18772
18775
18775
18799
18802
18806
18813
18815
18819
18832
18836
18837
18846
18850
18854
18857
18874
18880
18885
18886
18889
18891
18893
18893
18895
18910
18927
18932
18959
18963
18965
18970
18970
18980
18989
19001
19017
19036
19045
19047
19053
19069
19071
19072
19076
19091
19092
19097
19109
19109
19110
19110
19113
19129
19136
19141
19150
19162
19163
19164
19172
19174
19183
19190
19190
19192
19202
19206
19209
19212
19218
19220
19221
19234
19237
19244
19249
19268
19284
19287
19297
19300
19301
19301
19302
19330
19330
19331
19332
19335
19338
19339
19349
19349
19352
19354
19355
19360
19361
19370
19372
19377
19383
19385
19388
19394
19408
19410
19419
19426
19429
19429
19437
19441
19456
19468
19472
19475
19487
19495
19504
19508
19511
19515
19532
19540
19548
19548
19557
19558
19565
19569
19572
19580
19582
19583
19584
19587
19621
19625
19627
19627
19633
19640
19653
19664
19676
19683
19683
19690
19697
19701
19709
19710
19714
19716
19718
19728
19732
19744
19758
19758
19760
19776
19782
19782
19793
19798
19817
19826
19827
19830
19835
19842
19844
19848
19852
19858
19859
19861
19871
19872
19873
19881
19885
19889
19911
19916
19924
19926
19933
19963
19969
19970
19987
19987
19991
19993
19997
20005
20008
20019
20020
20034
20056
20063
20076
20088
20107
20111
20125
20125
20127
20133
20133
20139
20141
20147
20148
20153
20159
20169
20172
20178
20193
20205
20205
20211
20224
20224
20226
20242
20254
20264
20265
20269
20274
20276
20276
20279
20284
20292
20302
20305
20305
20316
20324
20327
20342
20352
20367
20369
20378
20386
20400
20409
20410
20417
20419
20423
20424
20429
20431
20436
20440
20447
20447
20448
20450
20451
20452
20454
20455
20471
20483
20491
20492
20493
20495
20503
20503
20509
20509
20513
20517
20521
20522
20531
20531
20532
20543
20545
20546
20554
20564
20565
20569
20571
20576
20583
20607
20613
20617
20618
20627
20635
20638
20644
20645
20652
20672
20685
20690
20692
20704
20727
20738
20741
20768
20772
20777
20779
20786
20789
20805
20805
20809
20812
20816
20826
20837
20838
20841
20849
20854
20880
20888
20913
20915
20925
20946
20947
20952
20960
20964
20966
20982
20982
20985
21006
21017
21018
21020
21025
21027
21028
21049
21052
21052
21071
21077
21083
21087
21103
21103
21121
21124
21124
21132
21135
21137
21143
21143
21147
21150
21153
21163
21168
21177
21210
21251
21268
21271
21289
21302
21310
21311
21312
21314
21321
21327
21359
21359
21376
21385
21388
21389
21400
21402
21409
21410
21412
21421
21436
21441
21446
21456
21461
21483
21485
21485
21486
21501
21507
21507
21510
21521
21523
21538
21548
21555
21560
21566
21568
21573
21587
21595
21611
21621
21625
21636
21640
21643
21656
21657
21663
21664
21665
21665
21666
21671
21673
21678
21681
21684
21733
21737
21745
21751
21756
21770
21773
21778
21784
21784
21787
21793
21794
21796
21797
21800
21807
21811
21819
21820
21826
21857
21860
21896
21897
21903
21925
21926
21933
21935
21941
21947
21953
21963
21980
21985
21986
21986
21987
21993
21996
21996
22006
22017
22020
22026
22029
22036
22044
22044
22057
22067
22097
22099
22107
22109
22109
22110
22162
22166
22172
22172
22175
22178
22192
22195
22207
22225
22238
22248
22255
22267
22274
22277
22277
22282
22284
22301
22312
22315
22347
22353
22359
22360
22361
22366
22367
22370
22372
22382
22406
22414
22440
22446
22449
22475
22476
22483
22492
22496
22497
22498
22502
22503
22503
22504
22507
22509
22511
22512
22513
22515
22525
22525
22526
22534
22535
22560
22569
22570
22582
22585
22585
22585
22588
22613
22636
22640
22645
22652
22663
22671
22675
22675
22679
22688
22702
22718
22718
22731
22736
22740
22742
22770
22777
22780
22785
22789
22792
22810
22810
22853
22853
22853
22853
22856
22857
22874
22879
22885
22885
22890
22893
22897
22901
22903
22908
22912
22915
22917
22924
22927
22933
22946
22951
22960
22994
23003
23017
23033
23033
23039
23040
23052
23065
23074
23091
23095
23100
23108
23110
23127
23132
23141
23146
23147
23147
23151
23159
23165
23167
23184
23190
23191
23193
23194
23196
23197
23200
23200
23204
23214
23226
23228
23228
23229
23230
23233
23241
23241
23253
23269
23270
23277
23289
23293
23294
23317
23319
23337
23343
23344
23346
23349
23367
23372
23381
23387
23393
23396
23407
23410
23417
23420
23426
23435
23441
23441
23448
23457
23462
23467
23476
23482
23484
23489
23501
23502
23503
23515
23515
23516
23524
23529
23540
23540
23546
23556
23557
23570
23574
23576
23577
23579
23585
23600
23608
23617
23624
23645
23656
23656
23673
23676
23677
23689
23691
23702
23709
23714
23715
23717
23721
23722
23733
23738
23740
23740
23744
23752
23760
23761
23764
23765
23772
23775
23780
23785
23787
23793
23797
23804
23813
23814
23817
23824
23827
23831
23835
23845
23851
23852
23854
23857
23862
23871
23873
23874
23887
23900
23902
23903
23905
23916
23925
23932
23933
23934
23934
23939
23962
23975
23982
23989
24005
24006
24006
24007
24010
24010
24021
24025
24030
24030
24040
24046
24058
24072
24078
24091
24094
24097
24106
24111
24113
24114
24117
24129
24130
24141
24154
24156
24160
24163
24165
24171
24174
24177
24177
24178
24191
24198
24204
24204
24211
24214
24214
24214
24214
24218
24227
24232
24233
24233
24255
24256
24258
24263
24271
24275
24276
24286
24292
24296
24298
24298
24305
24306
24313
24316
24329
24342
24358
24365
24365
24366
24382
24389
24408
24424
24424
24430
24443
24443
24455
24482
24501
24503
24514
24522
24523
24526
24537
24537
24538
24549
24551
24558
24563
24584
24601
24609
24626
24627
24637
24637
24640
24655
24663
24666
24667
24670
24672
24702
24703
24714
24723
24731
24746
24748
24755
24759
24760
24766
24771
24785
24799
24812
24826
24826
24830
24831
24840
24846
24860
24864
24865
24877
24879
24899
24901
24901
24902
24916
24918
24922
24928
24929
24931
24935
24959
24962
24966
24976
24982
24986
24992
25017
25026
25028
25040
25047
25047
25049
25053
25054
25064
25084
25084
25084
25092
25092
25099
25100
25110
25141
25154
25163
25171
25172
25172
25174
25180
25188
25189
25194
25195
25203
25205
25206
25237
25275
25284
25289
25295
25305
25313
25316
25318
25326
25327
25327
25357
25358
25372
25386
25387
25405
25408
25415
25425
25443
25445
25449
25454
25465
25482
25489
25492
25497
25503
25510
25516
25526
25539
25545
25552
25562
25578
25594
25605
25609
25610
25611
25623
25625
25627
25645
25651
25665
25667
25669
25714
25721
25727
25728
25747
25763
25772
25777
25779
25785
25790
25791
25817
25834
25837
25839
25855
25856
25863
25870
25877
25883
25884
25907
25919
25921
25924
25925
25936
25948
25952
25955
25964
25965
25989
25993
25998
26011
26017
26022
26025
26030
26042
26044
26045
26048
26050
26058
26058
26060
26067
26072
26086
26089
26089
26104
26106
26109
26149
26161
26174
26179
26182
26186
26186
26209
26215
26221
26224
26224
26225
26235
26244
26274
26276
26280
26284
26288
26308
26315
26317
26319
26341
26342
26349
26355
26362
26369
26370
26376
26384
26387
26393
26394
26396
26404
26411
26415
26420
26432
26435
26438
26443
26458
26465
26469
26471
26480
26482
26502
26508
26519
26522
26522
26534
26542
26547
26549
26562
26575
26577
26583
26586
26595
26601
26604
26626
26628
26634
26647
26649
26653
26657
26669
26673
26675
26676
26678
26684
26687
26688
26695
26703
26704
26732
26732
26733
26736
26737
26740
26743
26751
26752
26769
26769
26772
26773
26777
26777
26784
26786
26794
26800
26803
26809
26818
26818
26822
26823
26827
26828
26834
26835
26843
26847
26849
26858
26859
26860
26860
26871
26885
26892
26910
26914
26923
26924
26930
26933
26951
26954
26955
26957
26959
27020
27023
27028
27031
27048
27053
27071
27090
27104
27115
27124
27125
27137
27139
27153
27157
27158
27158
27159
27162
27163
27171
27189
27190
27194
27197
27199
27208
27210
27218
27220
27229
27232
27234
27236
27247
27250
27257
27259
27272
27275
27276
27291
27298
27303
27307
27310
27311
27331
27338
27342
27348
27352
27354
27359
27363
27366
27371
27373
27381
27396
27401
27403
27407
27413
27417
27442
27447
27463
27471
27484
27484
27504
27505
27505
27507
27508
27510
27515
27519
27520
27521
27527
27529
27535
27537
27542
27553
27561
27563
27566
27594
27594
27594
27595
27596
27608
27617
27647
27650
27655
27656
27658
27660
27681
27690
27698
27702
27715
27723
27724
27746
27758
27772
27784
27790
27800
27801
27805
27808
27810
27811
27826
27829
27843
27851
27853
27856
27857
27859
27867
27876
27888
27894
27907
27908
27924
27949
27951
27961
27965
27972
27984
27999
28004
28005
28006
28014
28021
28023
28033
28034
28034
28034
28034
28041
28041
28048
28049
28050
28058
28067
28068
28089
28101
28104
28108
28112
28117
28123
28130
28136
28148
28160
28166
28166
28176
28188
28192
28201
28201
28216
28219
28219
28220
28228
28240
28242
28252
28267
28271
28279
28286
28291
28305
28330
28343
28350
28354
28357
28365
28370
28381
28387
28391
28393
28395
28409
28409
28428
28429
28432
28432
28432
28441
28448
28454
28460
28467
28470
28470
28497
28514
28515
28517
28526
28533
28533
28539
28548
28550
28550
28558
28569
28570
28574
28574
28578
28579
28591
28592
28603
28605
28608
28610
28620
28623
28643
28648
28648
28651
28687
28692
28720
28720
28722
28723
28726
28734
28741
28748
28751
28758
28766
28768
28787
28792
28796
28801
28811
28812
28812
28817
28817
28819
28819
28820
28841
28856
28865
28879
28880
28883
28884
28889
28890
28893
28894
28904
28905
28910
28920
28923
28941
28953
28958
28969
28972
28977
28978
28983
28993
29003
29009
29009
29016
29024
29026
29026
29035
29042
29043
29065
29070
29078
29083
29096
29097
29102
29109
29114
29117
29120
29127
29130
29141
29170
29173
29173
29173
29175
29177
29179
29182
29190
29190
29197
29201
29208
29219
29223
29224
29229
29233
29238
29252
29259
29268
29270
29276
29281
29282
29285
29293
29294
29296
29298
29307
29311
29316
29316
29320
29327
29341
29342
29343
29346
29350
29365
29376
29379
29395
29398
29402
29402
29409
29412
29415
29427
29431
29438
29440
29441
29447
29449
29454
29457
29466
29468
29472
29473
29479
29481
29481
29482
29484
29490
29500
29501
29516
29522
29528
29533
29540
29541
29555
29565
29575
29577
29581
29581
29588
29588
29590
29590
29597
29601
29605
29615
29621
29630
29634
29642
29642
29647
29665
29665
29671
29678
29681
29683
29685
29686
29687
29687
29697
29698
29699
29718
29723
29734
29746
29746
29747
29761
29762
29766
29768
29786
29802
29803
29808
29810
29814
29815
29816
29818
29831
29835
29836
29837
29842
29846
29854
29855
29859
29860
29870
29874
29877
29879
29883
29888
29898
29899
29899
29902
29903
29905
29910
29914
29916
29921
29921
29925
29941
29943
29945
29946
29959
29970
29984
29988
29998
30007
30008
30013
30013
30016
30031
30045
30071
30074
30082
30084
30087
30098
30100
30103
30112
30113
30113
30120
30123
30132
30135
30151
30172
30174
30187
30195
30202
30217
30236
30244
30245
30248
30249
30262
30262
30266
30272
30274
30274
30277
30283
30284
30286
30289
30291
30294
30302
30303
30306
30310
30315
30324
30335
30345
30356
30362
30365
30366
30367
30368
30368
30368
30369
30369
30383
30384
30387
30388
30388
30401
30406
30419
30429
30452
30453
30454
30455
30457
30459
30461
30466
30466
30468
30474
30477
30478
30480
30484
30485
30490
30505
30518
30534
30540
30546
30547
30549
30549
30552
30568
30577
30593
30610
30617
30625
30635
30654
30654
30658
30662
30663
30665
30675
30684
30690
30693
30695
30695
30699
30706
30713
30731
30735
30742
30753
30759
30760
30762
30770
30774
30777
30784
30802
30803
30807
30808
30814
30832
30852
30858
30859
30860
30860
30862
30875
30882
30885
30898
30909
30917
30920
30925
30935
30951
30959
30960
30964
30970
30977
30990
30992
30993
30994
30997
31001
31006
31006
31013
31013
31040
31043
31048
31063
31068
31070
31071
31075
31080
31091
31095
31102
31103
31104
31104
31110
31113
31113
31118
31118
31120
31121
31133
31146
31154
31166
31170
31175
31176
31177
31182
31190
31210
31216
31223
31224
31229
31234
31245
31250
31273
31282
31291
31297
31298
31301
31322
31324
31329
31336
31354
31357
31358
31369
31403
31410
31413
31422
31434
31445
31452
31457
31471
31483
31493
31504
31507
31513
31523
31524
31531
31534
31539
31542
31546
31563
31564
31582
31584
31587
31593
31597
31599
31599
31603
31605
31609
31624
31628
31641
31643
31655
31670
31678
31683
31688
31689
31689
31694
31699
31707
31707
31713
31718
31720
31721
31732
31756
31760
31778
31782
31788
31791
31809
31810
31844
31851
31854
31858
31864
31868
31869
31880
31881
31882
31885
31891
31902
31906
31916
31926
31935
31942
31947
31965
31967
31973
31974
31999
32001
32010
32013
32014
32020
32021
32031
32035
32050
32051
32053
32058
32072
32082
32090
32094
32099
32099
32102
32106
32116
32122
32123
32127
32136
32137
32147
32155
32156
32158
32163
32164
32165
32181
32182
32185
32186
32209
32209
32213
32215
32221
32222
32228
32236
32238
32242
32251
32252
32253
32253
32262
32270
32277
32277
32280
32289
32299
32308
32310
32314
32315
32316
32318
32320
32328
32335
32339
32344
32349
32352
32369
32404
32409
32410
32425
32428
32433
32440
32449
32449
32458
32470
32475
32477
32503
32508
32510
32511
32516
32525
32535
32560
32563
32565
32566
32572
32572
32608
32609
32624
32629
32634
32647
32656
32662
32697
32700
32708
32715
32727
32730
32737
32744
32762
32766
