9
11
12
13
19
20
24
26
28
31
34
37
41
42
45
45
50
54
58
63
67
68
70
71
72
73
78
82
86
86
87
93
98
104
106
108
110
111
115
119
119
120
126
127
130
131
131
136
137
137
138
142
142
143
149
156
158
159
164
164
172
181
183
184
188
191
192
195
197
203
205
205
210
224
231
232
238
240
247
252
254
258
259
262
276
276
281
282
290
296
301
302
313
316
318
319
323
326
333
336
339
352
356
364
367
368
371
374
374
379
379
381
383
385
397
406
411
420
422
429
433
438
440
443
444
446
447
447
448
449
453
459
462
464
467
467
470
474
475
477
481
483
484
492
494
495
501
506
506
510
512
519
529
533
537
541
545
552
555
560
564
564
575
578
578
580
581
583
591
592
595
595
603
605
612
614
619
619
621
627
630
632
633
643
643
646
649
650
654
657
660
661
663
665
670
672
673
675
677
678
682
682
685
689
690
690
692
695
695
697
701
708
710
717
720
725
730
731
733
733
734
746
748
748
748
749
751
754
754
755
768
772
775
776
777
777
781
784
789
790
799
800
803
807
808
808
810
815
825
827
831
832
838
843
852
853
857
861
866
868
869
870
874
882
883
886
887
887
887
891
891
898
898
901
902
902
903
906
908
912
913
913
918
919
924
930
934
934
935
936
937
937
939
944
945
951
954
958
964
967
975
986
988
988
994
995
1000
1005
1007
1008
1009
1011
1012
1014
1015
1017
1018
1020
1022
1023
1029
1031
1037
1038
1041
1041
1043
1047
1052
1053
1057
1068
1071
1075
1077
1078
1080
1080
1082
1084
1084
1088
1090
1091
1092
1094
1095
1096
1100
1110
1113
1116
1117
1122
1136
1137
1141
1142
1146
1149
1156
1160
1167
1169
1170
1174
1175
1175
1176
1176
1176
1179
1181
1184
1187
1192
1192
1197
1208
1210
1210
1212
1213
1220
1221
1222
1224
1228
1228
1229
1236
1236
1241
1242
1244
1251
1251
1255
1258
1259
1263
1267
1269
1272
1274
1274
1275
1276
1278
1279
1279
1282
1283
1285
1286
1288
1289
1291
1292
1293
1296
1299
1302
1305
1305
1315
1317
1317
1322
1327
1330
1334
1334
1352
1355
1356
1364
1366
1366
1375
1375
1382
1383
1384
1385
1387
1388
1388
1394
1399
1401
1402
1406
1413
1414
1419
1421
1422
1431
1433
1434
1443
1450
1451
1452
1453
1464
1466
1466
1467
1468
1469
1471
1484
1486
1486
1496
1501
1509
1516
1517
1524
1529
1530
1531
1533
1539
1540
1541
1549
1552
1557
1557
1560
1563
1567
1570
1574
1577
1583
1584
1589
1589
1591
1592
1594
1598
1602
1610
1612
1613
1618
1619
1624
1627
1629
1630
1632
1632
1636
1641
1648
1648
1654
1662
1662
1664
1669
1673
1676
1678
1684
1686
1693
1696
1696
1697
1702
1703
1703
1706
1709
1711
1714
1716
1719
1722
1724
1727
1727
1728
1737
1747
1747
1749
1754
1765
1775
1781
1783
1784
1787
1796
1796
1799
1814
1815
1822
1828
1830
1830
1833
1834
1844
1845
1849
1850
1852
1862
1873
1876
1883
1885
1891
1896
1908
1909
1913
1917
1938
1943
1944
1955
1962
1963
1971
1972
1984
1987
1987
1990
1994
1999
2000
2005
2011
2012
2016
2017
2017
2023
2028
2044
2044
2047
2049
2049
2054
2057
2064
2066
2071
2078
2081
2081
2083
2084
2086
2087
2089
2096
2111
2116
2117
2121
2121
2122
2123
2129
2129
2131
2139
2140
2145
2148
2159
2160
2161
2163
2163
2164
2165
2168
2169
2171
2176
2183
2187
2194
2203
2207
2207
2212
2219
2223
2225
2227
2228
2229
2235
2237
2239
2243
2243
2245
2257
2258
2262
2275
2290
2298
2302
2306
2307
2315
2318
2320
2330
2331
2333
2340
2340
2342
2343
2346
2346
2348
2349
2350
2351
2357
2357
2358
2360
2367
2369
2369
2369
2376
2377
2389
2393
2404
2405
2406
2407
2409
2416
2425
2425
2426
2428
2431
2434
2436
2439
2443
2446
2448
2448
2449
2456
2456
2457
2459
2460
2465
2470
2472
2473
2481
2489
2492
2494
2495
2498
2498
2501
2507
2511
2515
2525
2534
2538
2547
2554
2574
2577
2578
2579
2579
2581
2582
2585
2588
2589
2597
2601
2605
2613
2617
2635
2636
2644
2655
2659
2664
2664
2665
2666
2668
2672
2673
2680
2682
2688
2691
2700
2700
2702
2706
2711
2728
2729
2730
2736
2740
2745
2759
2779
2784
2785
2785
2786
2787
2791
2801
2803
2808
2809
2810
2810
2811
2818
2824
2830
2830
2832
2834
2835
2838
2839
2846
2846
2848
2848
2849
2852
2855
2858
2864
2864
2865
2868
2873
2876
2878
2878
2884
2884
2887
2890
2891
2895
2898
2899
2901
2902
2902
2903
2904
2906
2909
2909
2911
2911
2911
2915
2916
2921
2925
2928
2941
2942
2943
2946
2948
2951
2955
2955
2955
2957
2963
2964
2966
2973
2974
2974
2976
2976
2985
2988
2994
2997
2998
3000
3001
3010
3010
3014
3018
3021
3034
3034
3036
3036
3048
3050
3052
3062
3066
3071
3073
3074
3076
3076
3079
3082
3088
3092
3095
3096
3100
3106
3106
3112
3117
3145
3150
3152
3155
3161
3162
3165
3166
3168
3173
3174
3175
3175
3176
3178
3182
3190
3190
3194
3198
3206
3209
3210
3211
3215
3221
3221
3222
3228
3246
3252
3253
3253
3254
3255
3260
3261
3265
3269
3277
3279
3280
3283
3285
3290
3296
3300
3310
3313
3314
3315
3318
3319
3320
3324
3325
3327
3328
3328
3331
3334
3335
3337
3337
3341
3344
3346
3346
3347
3348
3350
3350
3353
3355
3356
3359
3359
3360
3365
3372
3376
3388
3390
3390
3394
3398
3399
3401
3402
3409
3409
3409
3410
3414
3415
3417
3417
3419
3422
3422
3423
3423
3429
3431
3433
3436
3442
3442
3448
3448
3449
3451
3453
3459
3461
3462
3463
3478
3479
3480
3485
3485
3489
3489
3499
3501
3516
3516
3521
3527
3535
3536
3536
3539
3541
3542
3549
3554
3555
3560
3561
3561
3564
3565
3567
3568
3572
3583
3589
3589
3593
3593
3596
3596
3597
3599
3605
3619
3623
3631
3641
3654
3655
3657
3658
3659
3659
3664
3664
3666
3667
3668
3670
3673
3678
3679
3680
3683
3683
3685
3688
3696
3698
3701
3706
3711
3712
3714
3722
3725
3730
3738
3752
3753
3755
3774
3776
3783
3783
3783
3784
3787
3787
3787
3790
3798
3806
3809
3815
3821
3825
3828
3828
3831
3832
3835
3840
3846
3858
3866
3867
3870
3872
3879
3880
3887
3889
3896
3901
3904
3909
3912
3912
3914
3929
3932
3933
3943
3945
3951
3961
3966
3967
3973
3978
3978
3979
3986
3986
3991
3992
3993
3998
4007
4010
4015
4020
4022
4025
4028
4029
4031
4040
4043
4045
4045
4047
4048
4048
4054
4058
4065
4066
4071
4071
4073
4074
4076
4077
4078
4088
4088
4089
4092
4093
4097
4101
4117
4118
4123
4125
4130
4132
4134
4138
4141
4147
4148
4153
4155
4155
4157
4158
4159
4163
4165
4173
4175
4175
4177
4177
4183
4184
4186
4187
4188
4189
4200
4206
4210
4211
4211
4214
4214
4220
4220
4220
4222
4223
4224
4224
4232
4236
4239
4239
4240
4244
4245
4247
4251
4261
4265
4267
4269
4273
4276
4276
4278
4279
4282
4290
4290
4300
4301
4305
4310
4312
4313
4313
4324
4325
4331
4335
4345
4347
4351
4354
4356
4361
4361
4362
4365
4369
4373
4377
4381
4385
4386
4388
4389
4392
4393
4397
4408
4414
4415
4417
4417
4418
4428
4429
4437
4440
4440
4440
4449
4455
4456
4458
4459
4459
4463
4477
4477
4478
4479
4482
4484
4494
4496
4497
4501
4503
4503
4513
4514
4514
4515
4515
4518
4526
4534
4539
4543
4545
4553
4559
4566
4569
4570
4571
4572
4584
4593
4593
4595
4598
4598
4611
4620
4622
4624
4626
4629
4629
4629
4632
4632
4634
4637
4638
4640
4643
4647
4650
4652
4652
4655
4656
4660
4665
4668
4673
4682
4688
4690
4691
4695
4696
4698
4709
4711
4714
4715
4718
4719
4721
4722
4725
4730
4741
4743
4745
4749
4750
4752
4753
4758
4761
4763
4766
4768
4769
4771
4783
4788
4795
4797
4798
4800
4802
4812
4815
4834
4836
4841
4844
4844
4846
4846
4851
4852
4853
4861
4871
4873
4876
4877
4878
4884
4884
4885
4897
4898
4902
4903
4905
4909
4913
4922
4924
4927
4936
4939
4939
4940
4943
4943
4944
4947
4950
4951
4953
4958
4960
4970
4970
4970
4973
4975
4979
4985
4988
4989
4990
4995
4996
4997
4997
5003
5015
5022
5026
5026
5028
5028
5032
5036
5037
5039
5044
5046
5048
5054
5056
5057
5058
5075
5081
5101
5103
5103
5106
5106
5108
5119
5123
5123
5123
5124
5127
5127
5129
5132
5138
5138
5155
5157
5157
5164
5166
5166
5167
5170
5177
5181
5182
5185
5187
5187
5200
5204
5210
5219
5219
5219
5221
5221
5228
5228
5233
5238
5240
5242
5246
5251
5251
5252
5256
5257
5260
5262
5264
5264
5264
5265
5266
5272
5277
5281
5282
5286
5288
5288
5289
5292
5293
5293
5294
5296
5298
5299
5300
5304
5304
5305
5305
5306
5306
5307
5308
5309
5309
5309
5314
5315
5315
5317
5317
5321
5329
5329
5330
5336
5337
5338
5347
5349
5351
5355
5363
5364
5367
5368
5370
5374
5377
5379
5396
5401
5403
5406
5412
5412
5413
5414
5416
5416
5417
5421
5429
5430
5432
5435
5438
5439
5445
5446
5450
5460
5461
5462
5464
5465
5470
5473
5479
5481
5481
5485
5495
5503
5505
5506
5506
5514
5517
5517
5519
5521
5523
5527
5529
5539
5539
5541
5546
5550
5553
5554
5559
5560
5561
5561
5568
5571
5573
5582
5583
5589
5590
5592
5595
5599
5600
5603
5604
5607
5611
5614
5614
5615
5618
5618
5619
5620
5620
5623
5624
5630
5640
5646
5647
5649
5657
5664
5670
5676
5677
5678
5685
5685
5687
5687
5690
5697
5700
5703
5707
5709
5712
5716
5724
5727
5728
5737
5741
5742
5742
5746
5756
5769
5772
5772
5776
5777
5778
5780
5781
5784
5785
5785
5792
5793
5794
5794
5800
5804
5805
5813
5818
5818
5819
5820
5821
5822
5823
5829
5829
5830
5839
5840
5856
5861
5865
5866
5867
5870
5871
5879
5887
5901
5902
5905
5910
5910
5912
5919
5924
5936
5937
5940
5940
5943
5945
5956
5956
5958
5959
5963
5965
5966
5967
5967
5973
5978
5984
5988
5990
5992
5994
5996
6002
6003
6003
6006
6008
6014
6014
6020
6021
6023
6029
6031
6036
6038
6049
6050
6052
6057
6064
6064
6065
6067
6067
6070
6070
6073
6076
6078
6080
6081
6082
6087
6093
6094
6109
6111
6113
6116
6116
6130
6131
6132
6134
6140
6141
6141
6144
6145
6150
6159
6160
6161
6165
6168
6172
6179
6182
6182
6185
6185
6186
6189
6192
6202
6202
6207
6208
6211
6218
6218
6222
6224
6226
6230
6234
6241
6244
6247
6248
6251
6256
6262
6275
6279
6280
6280
6282
6284
6284
6285
6288
6288
6298
6298
6300
6301
6304
6304
6310
6315
6315
6317
6318
6320
6325
6336
6337
6337
6338
6340
6344
6347
6348
6352
6352
6352
6353
6358
6358
6363
6364
6374
6375
6376
6378
6382
6382
6390
6391
6395
6396
6399
6399
6399
6405
6406
6406
6407
6408
6416
6416
6419
6420
6420
6441
6444
6446
6454
6455
6457
6458
6458
6460
6465
6469
6470
6474
6475
6478
6480
6484
6486
6495
6513
6516
6522
6522
6523
6528
6529
6530
6530
6533
6534
6540
6540
6540
6545
6547
6556
6576
6576
6578
6583
6589
6595
6601
6605
6606
6606
6607
6608
6609
6611
6617
6619
6627
6629
6630
6636
6638
6638
6641
6642
6649
6651
6651
6654
6656
6665
6667
6667
6674
6674
6675
6678
6682
6689
6689
6691
6694
6703
6703
6705
6716
6721
6722
6724
6725
6725
6726
6727
6733
6740
6741
6744
6744
6748
6752
6756
6757
6757
6759
6765
6769
6771
6774
6776
6777
6777
6779
6780
6791
6792
6794
6795
6798
6799
6800
6803
6804
6804
6814
6814
6816
6819
6821
6824
6824
6827
6827
6831
6834
6835
6848
6850
6853
6854
6856
6857
6859
6860
6863
6871
6873
6874
6881
6885
6914
6926
6927
6927
6928
6930
6930
6933
6933
6939
6945
6946
6949
6953
6953
6955
6955
6957
6961
6963
6977
6977
6978
6984
6985
6985
6987
6992
6993
6994
6995
6997
6998
7001
7003
7006
7008
7009
7010
7017
7027
7030
7032
7037
7045
7048
7056
7057
7061
7063
7066
7066
7068
7074
7077
7079
7081
7090
7092
7104
7107
7107
7110
7113
7114
7121
7123
7129
7137
7137
7147
7148
7152
7155
7157
7159
7160
7164
7179
7180
7189
7189
7191
7202
7211
7212
7212
7213
7217
7219
7224
7229
7238
7240
7242
7246
7249
7252
7257
7258
7268
7274
7276
7278
7278
7280
7282
7283
7285
7291
7292
7295
7301
7302
7307
7309
7310
7316
7318
7320
7321
7322
7322
7328
7341
7343
7347
7349
7352
7353
7354
7354
7356
7356
7357
7361
7367
7367
7371
7373
7375
7378
7380
7381
7388
7389
7391
7392
7399
7400
7412
7415
7417
7418
7422
7422
7422
7425
7426
7431
7432
7433
7436
7437
7437
7439
7441
7441
7442
7443
7444
7446
7449
7457
7458
7461
7462
7462
7466
7467
7468
7468
7468
7473
7474
7477
7492
7495
7496
7503
7506
7510
7512
7516
7516
7518
7518
7520
7520
7532
7533
7537
7539
7541
7546
7547
7548
7548
7556
7557
7558
7563
7563
7564
7566
7569
7570
7572
7576
7579
7586
7591
7598
7601
7602
7605
7606
7609
7609
7610
7616
7618
7620
7620
7624
7626
7628
7630
7632
7634
7635
7636
7637
7638
7644
7645
7659
7660
7669
7670
7671
7671
7672
7682
7685
7685
7694
7696
7696
7698
7698
7698
7700
7700
7703
7706
7712
7714
7714
7721
7722
7722
7724
7725
7732
7740
7741
7743
7746
7750
7753
7754
7757
7759
7759
7761
7768
7769
7771
7773
7775
7781
7781
7782
7783
7789
7791
7791
7792
7794
7799
7803
7813
7814
7817
7817
7831
7831
7832
7835
7836
7837
7842
7846
7846
7850
7853
7853
7854
7855
7859
7861
7877
7878
7883
7885
7887
7887
7889
7895
7898
7905
7908
7912
7921
7921
7924
7928
7931
7934
7936
7939
7941
7947
7950
7951
7952
7959
7962
7978
7978
7980
7983
7987
7991
7992
7993
7995
7997
8002
8006
8008
8008
8011
8012
8015
8020
8021
8026
8030
8030
8034
8046
8056
8058
8060
8074
8076
8079
8079
8085
8090
8093
8095
8095
8098
8099
8101
8104
8107
8117
8119
8120
8120
8121
8122
8125
8125
8128
8134
8135
8139
8140
8151
8153
8153
8154
8159
8161
8163
8163
8164
8174
8180
8188
8194
8195
8201
8202
8204
8205
8207
8207
8208
8210
8215
8215
8217
8221
8222
8222
8229
8233
8238
8239
8240
8245
8246
8247
8247
8249
8255
8257
8258
8259
8262
8263
8265
8269
8276
8282
8286
8289
8290
8292
8293
8297
8299
8303
8306
8308
8309
8311
8315
8318
8321
8322
8323
8323
8326
8328
8334
8335
8336
8340
8343
8345
8346
8349
8350
8350
8350
8355
8358
8360
8362
8363
8365
8368
8368
8369
8372
8376
8376
8378
8387
8390
8391
8392
8394
8398
8400
8402
8405
8405
8407
8419
8420
8425
8429
8430
8434
8439
8444
8446
8446
8449
8452
8456
8461
8465
8465
8471
8474
8474
8475
8482
8486
8488
8488
8496
8497
8498
8509
8512
8512
8513
8515
8516
8527
8527
8530
8539
8541
8543
8544
8549
8552
8555
8555
8560
8561
8561
8564
8565
8566
8570
8575
8580
8582
8586
8587
8589
8590
8591
8593
8593
8593
8601
8608
8615
8620
8632
8633
8636
8638
8643
8648
8649
8651
8665
8682
8684
8686
8686
8695
8698
8699
8699
8699
8702
8708
8708
8710
8717
8723
8724
8725
8728
8730
8732
8732
8733
8733
8735
8739
8743
8749
8753
8761
8764
8774
8777
8778
8782
8784
8784
8785
8789
8791
8792
8794
8795
8811
8814
8814
8815
8816
8816
8822
8825
8830
8830
8830
8832
8836
8838
8845
8847
8854
8854
8861
8863
8864
8866
8868
8869
8871
8875
8876
8885
8898
8901
8904
8906
8906
8910
8914
8914
8916
8925
8932
8932
8938
8940
8940
8950
8958
8961
8962
8970
8970
8973
8973
8981
8984
8985
8987
8989
8996
8997
8998
9000
9005
9012
9013
9013
9013
9015
9016
9018
9021
9023
9026
9030
9038
9042
9043
9050
9053
9062
9063
9063
9072
9072
9077
9078
9079
9085
9094
9095
9097
9102
9105
9111
9111
9117
9123
9125
9126
9126
9129
9130
9137
9140
9142
9143
9150
9150
9151
9157
9161
9164
9167
9169
9177
9182
9186
9186
9187
9187
9190
9190
9206
9209
9209
9210
9215
9218
9218
9229
9235
9250
9250
9251
9257
9257
9265
9266
9269
9270
9277
9278
9281
9287
9287
9288
9290
9300
9301
9305
9306
9311
9311
9312
9314
9314
9318
9331
9331
9334
9335
9353
9354
9357
9358
9359
9364
9369
9370
9370
9370
9375
9375
9375
9382
9388
9389
9390
9391
9392
9399
9403
9411
9415
9416
9417
9418
9430
9435
9444
9444
9450
9451
9457
9458
9459
9460
9462
9462
9466
9468
9474
9474
9479
9481
9485
9489
9490
9501
9512
9513
9513
9518
9523
9524
9525
9530
9536
9537
9544
9548
9549
9551
9555
9560
9565
9565
9566
9568
9569
9580
9582
9589
9590
9593
9593
9594
9595
9599
9601
9609
9611
9622
9624
9626
9629
9635
9648
9649
9653
9655
9659
9663
9668
9668
9671
9671
9674
9681
9684
9684
9686
9690
9692
9693
9695
9696
9698
9698
9703
9706
9708
9708
9717
9721
9723
9724
9727
9729
9730
9731
9732
9744
9744
9745
9749
9753
9756
9758
9760
9763
9763
9767
9768
9769
9775
9776
9778
9785
9788
9790
9790
9796
9800
9801
9801
9802
9809
9813
9816
9822
9829
9830
9830
9832
9832
9839
9840
9840
9841
9842
9842
9842
9845
9849
9849
9858
9858
9861
9861
9869
9872
9874
9880
9884
9884
9886
9887
9890
9891
9892
9895
9899
9901
9901
9903
9905
9907
9915
9928
9929
9930
9935
9941
9945
9953
9954
9959
9960
9960
9961
9965
9965
9977
9977
9979
9980
9985
9985
9987
9993
9996
10004
10006
10008
10013
10016
10022
10024
10027
10030
10031
10032
10038
10041
10041
10041
10045
10045
10052
10059
10059
10065
10067
10068
10076
10085
10088
10093
10097
10101
10106
10109
10114
10117
10118
10122
10124
10128
10129
10132
10138
10138
10140
10146
10159
10161
10168
10172
10175
10175
10178
10185
10186
10188
10188
10190
10193
10197
10201
10201
10202
10214
10224
10226
10228
10232
10233
10233
10234
10237
10241
10242
10243
10245
10250
10253
10253
10254
10256
10261
10264
10266
10269
10272
10273
10277
10279
10296
10299
10301
10302
10313
10314
10318
10319
10319
10320
10324
10333
10334
10334
10335
10338
10343
10343
10348
10350
10350
10355
10362
10364
10366
10368
10369
10374
10379
10382
10383
10384
10399
10411
10417
10419
10420
10423
10428
10432
10434
10436
10440
10442
10464
10465
10467
10472
10476
10481
10487
10490
10498
10502
10502
10502
10504
10508
10509
10511
10511
10519
10519
10522
10522
10528
10530
10531
10531
10533
10537
10541
10543
10547
10549
10550
10551
10553
10564
10565
10569
10581
10586
10587
10593
10595
10597
10598
10603
10604
10604
10607
10614
10630
10633
10642
10652
10652
10661
10662
10667
10668
10675
10677
10681
10698
10701
10706
10714
10714
10715
10718
10722
10723
10724
10725
10725
10730
10736
10738
10739
10743
10745
10751
10756
10757
10760
10761
10770
10771
10775
10780
10780
10781
10786
10795
10800
10802
10802
10803
10803
10810
10811
10815
10829
10832
10837
10838
10847
10848
10849
10852
10853
10854
10863
10870
10872
10876
10886
10887
10889
10890
10893
10896
10901
10903
10903
10906
10908
10911
10912
10913
10916
10919
10922
10923
10924
10926
10929
10929
10930
10935
10937
10937
10940
10943
10944
10946
10946
10947
10947
10952
10953
10959
10964
10966
10966
10967
10980
10984
10994
10999
11000
11008
11011
11011
11016
11021
11024
11029
11034
11037
11038
11039
11046
11051
11051
11052
11056
11058
11068
11072
11075
11076
11076
11080
11089
11090
11094
11094
11095
11100
11102
11105
11111
11116
11118
11119
11120
11128
11128
11132
11136
11143
11145
11146
11148
11150
11154
11159
11161
11165
11178
11179
11188
11189
11192
11196
11196
11199
11202
11203
11207
11207
11208
11211
11213
11214
11218
11225
11229
11234
11235
11237
11239
11242
11244
11253
11254
11255
11255
11262
11263
11264
11266
11270
11271
11273
11276
11282
11289
11290
11290
11291
11294
11310
11327
11327
11332
11332
11337
11338
11338
11350
11355
11357
11360
11361
11370
11371
11372
11373
11375
11376
11386
11388
11393
11393
11400
11408
11413
11414
11418
11423
11424
11427
11432
11436
11438
11441
11447
11451
11452
11453
11453
11456
11457
11458
11468
11474
11481
11487
11488
11489
11491
11499
11502
11506
11508
11509
11513
11520
11522
11522
11525
11528
11529
11530
11531
11532
11537
11541
11544
11547
11548
11548
11548
11552
11558
11561
11563
11574
11575
11579
11583
11583
11588
11590
11595
11596
11597
11600
11601
11613
11613
11614
11614
11614
11615
11616
11619
11620
11621
11626
11628
11629
11636
11636
11642
11645
11646
11649
11651
11651
11653
11667
11673
11674
11678
11679
11682
11687
11687
11690
11691
11692
11693
11698
11705
11708
11709
11717
11725
11737
11737
11746
11746
11749
11750
11754
11761
11764
11765
11769
11769
11771
11771
11772
11778
11779
11781
11782
11784
11786
11786
11786
11791
11796
11797
11797
11804
11804
11806
11815
11819
11819
11819
11821
11822
11825
11826
11828
11828
11830
11830
11837
11845
11850
11851
11858
11862
11871
11876
11876
11879
11879
11883
11885
11885
11891
11894
11897
11898
11904
11906
11909
11910
11910
11916
11918
11921
11928
11930
11939
11951
11959
11959
11965
11966
11966
11969
11973
11975
11975
11977
11979
11981
11983
11984
11988
11989
11998
12001
12002
12006
12007
12009
12012
12014
12015
12024
12026
12029
12031
12042
12043
12050
12058
12065
12071
12073
12076
12076
12077
12079
12087
12092
12092
12094
12096
12097
12099
12102
12104
12105
12110
12111
12112
12114
12115
12118
12122
12129
12133
12135
12135
12139
12141
12144
12145
12146
12149
12152
12158
12159
12166
12171
12172
12177
12184
12186
12187
12188
12191
12198
12201
12207
12208
12212
12214
12215
12217
12217
12217
12219
12228
12230
12231
12233
12234
12238
12242
12245
12247
12254
12255
12257
12258
12268
12272
12279
12280
12286
12289
12293
12293
12297
12302
12303
12305
12306
12307
12311
12313
12317
12323
12323
12324
12329
12334
12335
12336
12337
12342
12342
12343
12346
12347
12348
12350
12351
12355
12362
12362
12363
12368
12375
12376
12377
12377
12378
12380
12382
12383
12389
12399
12403
12403
12409
12418
12424
12432
12435
12442
12443
12447
12454
12459
12465
12466
12469
12469
12478
12478
12479
12483
12487
12488
12488
12494
12496
12500
12501
12506
12507
12508
12509
12509
12514
12515
12518
12521
12530
12532
12533
12537
12539
12545
12546
12550
12552
12554
12557
12561
12563
12563
12567
12569
12569
12571
12572
12579
12579
12586
12590
12591
12597
12603
12605
12610
12615
12618
12623
12624
12624
12632
12633
12634
12647
12649
12650
12650
12651
12652
12654
12658
12661
12663
12666
12668
12671
12673
12674
12676
12679
12680
12686
12686
12703
12709
12710
12711
12713
12714
12722
12725
12730
12733
12735
12739
12745
12746
12756
12763
12764
12766
12768
12774
12774
12779
12781
12785
12786
12791
12794
12798
12804
12806
12809
12813
12817
12819
12824
12840
12841
12848
12855
12856
12856
12859
12864
12867
12868
12871
12871
12872
12877
12878
12886
12891
12892
12893
12895
12900
12901
12904
12908
12910
12912
12912
12913
12917
12917
12917
12921
12922
12923
12924
12930
12930
12936
12938
12938
12940
12942
12947
12953
12959
12959
12961
12966
12978
12992
12994
12997
12999
13001
13002
13004
13027
13033
13034
13034
13043
13048
13048
13053
13054
13055
13059
13062
13068
13069
13070
13077
13079
13080
13081
13085
13086
13092
13092
13094
13094
13095
13097
13099
13100
13103
13103
13106
13109
13127
13127
13129
13136
13136
13146
13148
13148
13149
13149
13150
13154
13163
13173
13176
13176
13185
13186
13188
13190
13191
13192
13194
13199
13201
13202
13210
13212
13237
13245
13248
13251
13255
13260
13264
13271
13272
13272
13273
13275
13282
13291
13295
13295
13301
13305
13308
13309
13310
13312
13318
13332
13333
13334
13340
13350
13351
13354
13355
13356
13357
13360
13360
13360
13363
13364
13367
13369
13374
13377
13378
13381
13383
13383
13385
13387
13388
13398
13408
13410
13425
13425
13430
13431
13435
13438
13440
13443
13444
13454
13460
13462
13465
13478
13479
13483
13487
13488
13495
13495
13496
13497
13499
13499
13502
13502
13503
13508
13512
13513
13521
13521
13530
13531
13531
13540
13545
13550
13552
13556
13557
13574
13576
13576
13580
13589
13593
13595
13599
13599
13601
13606
13607
13608
13612
13612
13618
13620
13620
13623
13624
13627
13627
13628
13630
13631
13631
13632
13638
13640
13641
13645
13661
13661
13662
13668
13670
13671
13673
13676
13681
13683
13684
13689
13693
13697
13699
13707
13710
13713
13728
13732
13735
13736
13743
13743
13748
13748
13750
13751
13751
13756
13758
13768
13774
13776
13777
13780
13785
13789
13791
13796
13800
13803
13806
13810
13811
13812
13812
13818
13822
13823
13824
13826
13826
13832
13837
13843
13871
13873
13876
13878
13880
13881
13881
13884
13884
13886
13889
13889
13890
13895
13895
13896
13897
13900
13905
13910
13913
13917
13918
13919
13924
13925
13925
13927
13930
13935
13936
13939
13942
13942
13942
13944
13949
13949
13952
13952
13957
13959
13960
13970
13979
13986
13996
13998
13999
14000
14004
14012
14016
14016
14022
14023
14025
14027
14029
14033
14033
14047
14047
14051
14057
14058
14063
14073
14084
14090
14092
14095
14100
14103
14104
14106
14106
14106
14112
14116
14124
14130
14131
14132
14132
14135
14137
14143
14144
14147
14154
14154
14155
14157
14160
14164
14164
14169
14169
14171
14174
14179
14180
14193
14198
14199
14200
14201
14201
14204
14205
14208
14211
14211
14212
14213
14215
14216
14217
14218
14218
14220
14222
14227
14228
14244
14249
14259
14259
14260
14267
14271
14272
14273
14276
14279
14282
14286
14292
14296
14296
14302
14304
14304
14308
14309
14312
14315
14321
14331
14334
14335
14344
14348
14350
14353
14356
14359
14360
14362
14366
14367
14369
14372
14375
14378
14387
14391
14391
14393
14393
14395
14396
14404
14405
14407
14408
14414
14416
14421
14422
14425
14434
14434
14435
14441
14445
14446
14448
14448
14448
14450
14454
14456
14462
14465
14466
14470
14476
14481
14481
14483
14484
14488
14488
14501
14503
14506
14509
14526
14526
14529
14529
14531
14538
14541
14542
14545
14547
14549
14551
14558
14560
14561
14562
14563
14564
14568
14575
14584
14587
14588
14593
14594
14597
14597
14598
14600
14603
14608
14615
14619
14624
14626
14627
14629
14630
14630
14634
14635
14639
14640
14654
14659
14663
14664
14664
14667
14667
14672
14675
14677
14677
14678
14681
14685
14687
14693
14696
14696
14698
14702
14704
14704
14705
14708
14718
14721
14722
14730
14730
14730
14731
14735
14736
14741
14743
14745
14755
14767
14769
14774
14777
14781
14783
14783
14784
14786
14787
14797
14797
14798
14800
14801
14803
14805
14805
14812
14815
14816
14817
14817
14818
14821
14823
14823
14826
14829
14831
14838
14842
14844
14853
14858
14863
14866
14868
14869
14870
14871
14876
14880
14882
14882
14883
14883
14885
14892
14894
14897
14899
14900
14910
14910
14924
14924
14928
14932
14933
14936
14936
14937
14937
14939
14942
14946
14951
14952
14952
14953
14953
14958
14964
14966
14969
14980
14981
14981
14987
14987
14988
14988
14988
14989
14990
15004
15008
15008
15009
15014
15018
15020
15022
15025
15033
15035
15037
15040
15040
15045
15046
15048
15052
15053
15053
15053
15058
15058
15060
15066
15074
15081
15082
15083
15087
15088
15094
15097
15098
15098
15099
15102
15103
15104
15120
15122
15122
15126
15127
15128
15131
15133
15136
15141
15150
15154
15154
15156
15158
15159
15159
15163
15163
15167
15168
15175
15175
15175
15180
15183
15183
15184
15185
15187
15191
15192
15193
15196
15197
15198
15202
15212
15214
15216
15217
15222
15236
15236
15239
15240
15243
15245
15245
15247
15248
15253
15254
15261
15264
15264
15266
15266
15270
15271
15272
15286
15288
15289
15290
15292
15297
15297
15299
15299
15300
15302
15312
15318
15318
15322
15324
15324
15325
15327
15328
15330
15330
15332
15334
15334
15341
15342
15344
15355
15360
15361
15364
15365
15370
15373
15374
15379
15379
15386
15386
15388
15392
15400
15400
15402
15403
15406
15408
15408
15414
15415
15415
15423
15426
15426
15431
15437
15438
15439
15440
15441
15442
15452
15455
15463
15465
15469
15470
15471
15471
15472
15473
15479
15480
15482
15482
15483
15488
15494
15497
15499
15502
15506
15507
15511
15513
15515
15516
15523
15529
15530
15538
15539
15541
15543
15544
15549
15557
15557
15558
15567
15568
15569
15578
15579
15580
15586
15592
15608
15610
15613
15615
15615
15626
15630
15632
15638
15647
15650
15652
15660
15661
15674
15674
15679
15685
15691
15692
15698
15702
15704
15705
15712
15716
15725
15726
15728
15729
15729
15730
15736
15755
15763
15764
15769
15776
15780
15784
15788
15794
15803
15804
15806
15806
15807
15809
15814
15814
15815
15820
15822
15831
15842
15848
15849
15849
15850
15850
15850
15855
15857
15865
15869
15872
15879
15880
15881
15886
15888
15889
15895
15898
15900
15903
15904
15904
15905
15909
15909
15911
15912
15920
15921
15931
15932
15932
15935
15936
15937
15938
15944
15955
15960
15963
15964
15964
15969
15969
15973
15976
15977
15981
15982
15984
15984
15988
15989
15990
15991
15994
15994
16000
16000
16004
16007
16013
16014
16034
16036
16038
16043
16044
16046
16047
16048
16048
16053
16059
16059
16065
16066
16067
16072
16077
16078
16078
16083
16085
16087
16087
16089
16091
16097
16100
16102
16103
16104
16105
16109
16111
16112
16116
16117
16126
16127
16134
16134
16136
16139
16139
16142
16143
16144
16150
16152
16157
16162
16168
16173
16179
16181
16184
16185
16187
16196
16200
16204
16209
16212
16214
16216
16222
16223
16226
16231
16237
16239
16244
16259
16268
16269
16273
16275
16282
16283
16283
16286
16290
16294
16297
16307
16311
16316
16317
16324
16324
16324
16329
16331
16333
16333
16333
16337
16339
16347
16350
16354
16356
16360
16360
16363
16366
16368
16375
16376
16379
16379
16381
16388
16392
16396
16396
16400
16402
16403
16413
16414
16416
16417
16421
16424
16426
16427
16428
16429
16430
16432
16434
16434
16438
16440
16442
16448
16451
16459
16460
16462
16463
16469
16470
16472
16479
16485
16489
16494
16494
16501
16502
16502
16505
16505
16505
16510
16513
16514
16521
16521
16534
16537
16543
16545
16552
16555
16558
16562
16562
16566
16572
16574
16576
16577
16581
16583
16586
16586
16587
16597
16603
16603
16611
16611
16612
16612
16615
16616
16616
16617
16618
16619
16620
16623
16626
16634
16647
16650
16657
16658
16659
16663
16663
16666
16669
16674
16674
16675
16678
16679
16679
16679
16680
16681
16682
16709
16710
16718
16720
16723
16729
16731
16732
16736
16738
16740
16742
16743
16743
16750
16750
16751
16752
16753
16754
16754
16756
16757
16759
16760
16767
16769
16769
16770
16771
16771
16777
16779
16779
16779
16780
16782
16789
16789
16793
16795
16795
16796
16798
16800
16805
16806
16811
16813
16816
16819
16820
16823
16825
16827
16832
16836
16840
16844
16846
16846
16846
16847
16853
16858
16861
16862
16865
16866
16866
16872
16872
16880
16886
16899
16900
16900
16910
16910
16913
16916
16922
16926
16930
16932
16932
16934
16939
16940
16944
16949
16953
16954
16955
16969
16983
16988
16990
16993
17001
17005
17007
17008
17012
17018
17027
17029
17029
17031
17034
17035
17037
17040
17049
17050
17051
17051
17052
17053
17053
17053
17058
17071
17072
17084
17084
17085
17086
17086
17092
17099
17101
17106
17107
17107
17108
17120
17121
17127
17128
17131
17131
17133
17134
17139
17149
17150
17160
17163
17175
17183
17183
17185
17190
17193
17207
17218
17221
17224
17224
17228
17230
17231
17232
17238
17244
17247
17252
17252
17260
17268
17268
17269
17269
17271
17273
17274
17278
17286
17302
17303
17307
17314
17315
17324
17326
17330
17330
17332
17339
17340
17343
17343
17349
17350
17352
17352
17356
17357
17364
17364
17366
17378
17379
17383
17385
17387
17388
17391
17392
17395
17397
17408
17411
17419
17419
17421
17421
17434
17437
17441
17448
17449
17451
17454
17456
17458
17459
17474
17478
17478
17481
17483
17487
17489
17491
17496
17506
17508
17509
17516
17517
17522
17532
17537
17546
17552
17555
17556
17556
17560
17563
17569
17576
17578
17582
17583
17587
17587
17591
17595
17599
17600
17601
17602
17609
17618
17629
17636
17637
17644
17644
17647
17647
17650
17655
17657
17660
17662
17665
17669
17672
17672
17676
17680
17686
17690
17692
17692
17693
17694
17701
17703
17703
17706
17707
17708
17721
17727
17729
17733
17735
17736
17736
17741
17750
17751
17770
17770
17781
17782
17785
17786
17789
17792
17798
17798
17800
17805
17812
17824
17825
17828
17828
17829
17836
17836
17837
17844
17846
17847
17848
17850
17851
17857
17859
17867
17867
17879
17880
17885
17885
17888
17898
17910
17913
17927
17931
17933
17941
17941
17942
17944
17944
17950
17953
17957
17957
17963
17963
17968
17971
17972
17974
17980
17980
17983
17986
17987
17989
17993
18000
18003
18006
18006
18008
18009
18017
18029
18033
18034
18041
18042
18042
18045
18045
18047
18047
18052
18059
18060
18062
18066
18066
18067
18083
18086
18086
18092
18094
18096
18096
18097
18098
18101
18101
18105
18110
18112
18119
18121
18123
18128
18128
18131
18132
18134
18134
18136
18137
18142
18142
18149
18153
18154
18154
18155
18157
18163
18166
18170
18174
18181
18189
18191
18193
18196
18199
18199
18221
18227
18229
18230
18234
18234
18238
18244
18250
18259
18262
18268
18275
18278
18281
18282
18283
18292
18295
18298
18309
18318
18320
18321
18322
18327
18330
18342
18346
18347
18350
18350
18352
18353
18356
18360
18364
18364
18367
18367
18376
18376
18377
18382
18385
18386
18391
18396
18400
18401
18401
18401
18403
18405
18409
18412
18417
18418
18420
18422
18423
18427
18427
18428
18431
18434
18434
18437
18441
18443
18445
18447
18455
18458
18463
18464
18467
18471
18471
18471
18472
18472
18472
18474
18478
18478
18479
18491
18494
18495
18501
18506
18508
18514
18515
18518
18538
18542
18546
18550
18552
18554
18562
18565
18574
18576
18583
18583
18585
18586
18586
18589
18592
18593
18596
18598
18602
18604
18606
18608
18614
18615
18621
18622
18625
18630
18630
18632
18636
18639
18641
18641
18648
18650
18651
18657
18657
18666
18668
18669
18674
18687
18687
18688
18689
18690
18692
18692
18695
18696
18698
18699
18699
18716
18721
18722
18724
18726
18731
18733
18735
18737
18746
18748
18752
18758
18761
18761
18771
18773
18773
18776
18777
18784
18785
18785
18787
18790
18793
18795
18796
18799
18813
18832
18836
18836
18842
18843
18844
18848
18851
18856
18861
18862
18862
18870
18873
18876
18878
18878
18879
18886
18888
18894
18900
18901
18904
18909
18911
18918
18920
18920
18922
18925
18925
18928
18931
18931
18931
18934
18935
18938
18942
18943
18944
18950
18950
18954
18955
18958
18960
18963
18965
18969
18971
18976
18979
18979
18980
18983
18986
18996
18997
18998
19004
19011
19011
19013
19018
19020
19023
19024
19027
19030
19030
19037
19038
19040
19041
19051
19052
19053
19058
19058
19059
19059
19059
19065
19077
19078
19080
19081
19089
19089
19093
19098
19099
19106
19111
19114
19115
19116
19123
19125
19126
19128
19129
19133
19135
19137
19141
19141
19141
19155
19155
19160
19163
19167
19168
19168
19168
19172
19173
19178
19186
19186
19187
19201
19207
19213
19213
19216
19219
19219
19228
19231
19246
19247
19249
19254
19259
19260
19261
19264
19265
19271
19277
19280
19281
19282
19285
19287
19291
19299
19302
19309
19313
19314
19324
19325
19326
19331
19333
19334
19338
19340
19345
19346
19348
19356
19360
19361
19364
19368
19369
19377
19378
19378
19385
19396
19398
19398
19403
19406
19407
19409
19411
19419
19423
19424
19424
19424
19435
19436
19436
19441
19442
19449
19452
19464
19471
19474
19478
19481
19481
19487
19490
19490
19490
19492
19493
19498
19501
19501
19502
19505
19506
19510
19512
19517
19532
19536
19537
19538
19540
19545
19545
19548
19549
19555
19560
19561
19564
19571
19571
19572
19576
19582
19583
19585
19586
19586
19597
19600
19603
19608
19609
19610
19614
19615
19617
19620
19621
19622
19624
19627
19634
19636
19637
19641
19641
19644
19648
19648
19649
19654
19661
19665
19668
19674
19678
19678
19692
19696
19696
19704
19708
19713
19714
19718
19718
19722
19722
19723
19726
19729
19730
19732
19733
19735
19737
19738
19740
19743
19745
19751
19756
19759
19760
19763
19764
19766
19775
19780
19792
19793
19795
19802
19805
19809
19817
19818
19823
19823
19825
19827
19832
19832
19834
19836
19837
19838
19840
19840
19841
19843
19843
19847
19848
19849
19852
19857
19858
19859
19860
19863
19863
19863
19863
19867
19873
19875
19875
19876
19877
19878
19879
19881
19888
19889
19892
19896
19901
19909
19910
19913
19916
19926
19936
19939
19945
19946
19949
19950
19957
19965
19970
19972
19973
19975
19977
19981
19985
19992
19994
19997
19997
20003
20015
20018
20027
20032
20034
20036
20041
20042
20051
20051
20052
20063
20066
20067
20069
20069
20070
20075
20078
20084
20084
20089
20090
20093
20094
20096
20101
20105
20108
20112
20113
20116
20127
20135
20136
20139
20143
20145
20149
20153
20158
20164
20167
20172
20174
20177
20178
20180
20183
20183
20184
20188
20188
20191
20195
20197
20198
20204
20206
20206
20214
20224
20226
20230
20232
20236
20237
20241
20248
20248
20250
20251
20258
20262
20265
20266
20269
20274
20276
20278
20279
20281
20281
20282
20288
20289
20290
20299
20303
20304
20313
20313
20314
20315
20318
20324
20329
20335
20336
20336
20337
20343
20343
20343
20348
20350
20351
20359
20362
20371
20374
20378
20378
20379
20384
20389
20391
20395
20397
20407
20413
20415
20423
20423
20424
20429
20429
20434
20435
20438
20438
20456
20463
20463
20474
20474
20478
20479
20479
20480
20482
20483
20483
20483
20484
20486
20488
20489
20496
20498
20500
20502
20503
20507
20509
20514
20514
20519
20521
20527
20527
20530
20531
20532
20532
20539
20540
20549
20557
20560
20562
20571
20571
20572
20577
20582
20587
20590
20592
20593
20600
20606
20607
20609
20610
20616
20619
20623
20626
20627
20633
20633
20636
20640
20645
20646
20649
20650
20650
20655
20656
20656
20657
20660
20661
20661
20666
20666
20672
20673
20675
20677
20680
20680
20684
20689
20697
20702
20703
20704
20706
20708
20710
20711
20713
20714
20715
20717
20718
20719
20722
20724
20726
20734
20744
20751
20757
20760
20760
20761
20767
20770
20771
20774
20777
20790
20793
20801
20809
20814
20822
20824
20826
20826
20831
20832
20848
20848
20850
20850
20855
20856
20856
20857
20860
20865
20877
20882
20886
20894
20897
20902
20909
20914
20922
20925
20928
20935
20950
20958
20961
20987
20989
20990
20991
20992
20993
20996
20997
21004
21008
21011
21016
21017
21018
21020
21020
21026
21031
21038
21040
21044
21044
21050
21052
21055
21056
21056
21059
21064
21064
21065
21066
21069
21071
21076
21077
21080
21084
21086
21089
21090
21090
21092
21101
21101
21102
21111
21116
21119
21121
21124
21125
21125
21127
21128
21129
21130
21133
21143
21143
21147
21149
21152
21158
21162
21165
21170
21171
21176
21184
21186
21187
21188
21202
21212
21213
21215
21219
21222
21222
21226
21228
21232
21235
21235
21242
21244
21245
21255
21256
21260
21261
21262
21266
21278
21283
21289
21291
21294
21294
21300
21301
21306
21308
21310
21314
21316
21317
21318
21319
21326
21328
21330
21331
21331
21338
21338
21338
21345
21345
21345
21359
21361
21362
21363
21368
21368
21369
21372
21373
21375
21376
21381
21386
21387
21389
21390
21394
21399
21403
21410
21412
21414
21418
21421
21426
21428
21432
21434
21437
21438
21443
21444
21444
21445
21448
21448
21451
21453
21455
21456
21460
21462
21467
21468
21468
21469
21471
21473
21473
21478
21480
21483
21486
21488
21490
21492
21493
21494
21494
21494
21504
21505
21507
21514
21519
21522
21524
21526
21534
21540
21551
21553
21554
21558
21562
21573
21574
21575
21576
21580
21581
21585
21589
21593
21599
21599
21602
21608
21614
21614
21615
21620
21621
21627
21630
21631
21635
21635
21637
21647
21649
21651
21652
21656
21660
21667
21667
21669
21684
21691
21692
21699
21705
21705
21710
21710
21716
21719
21731
21733
21733
21734
21736
21736
21758
21760
21760
21762
21763
21763
21764
21766
21766
21770
21778
21779
21783
21784
21784
21786
21787
21787
21787
21796
21801
21809
21813
21815
21816
21819
21821
21821
21822
21830
21831
21834
21835
21835
21837
21839
21842
21843
21847
21850
21851
21855
21856
21863
21863
21864
21864
21873
21874
21874
21876
21883
21885
21893
21893
21894
21898
21907
21908
21910
21913
21914
21917
21920
21923
21924
21926
21929
21934
21935
21961
21963
21970
21978
21979
21984
21986
21988
21990
21991
21994
21994
21998
21998
22002
22003
22016
22018
22019
22022
22030
22037
22043
22043
22045
22059
22061
22063
22065
22067
22070
22071
22075
22081
22084
22090
22090
22093
22111
22113
22118
22120
22120
22124
22124
22133
22142
22145
22150
22151
22152
22154
22157
22169
22173
22176
22187
22187
22199
22200
22204
22206
22207
22208
22211
22212
22215
22219
22229
22230
22232
22236
22238
22245
22248
22249
22255
22257
22257
22258
22260
22261
22262
22265
22267
22268
22268
22268
22276
22278
22279
22279
22279
22282
22282
22284
22289
22295
22298
22299
22300
22302
22304
22305
22315
22321
22322
22325
22332
22334
22340
22347
22348
22349
22349
22353
22353
22353
22357
22361
22361
22363
22370
22371
22373
22376
22382
22382
22392
22400
22402
22409
22410
22410
22413
22416
22421
22423
22425
22426
22428
22431
22433
22433
22446
22448
22449
22450
22452
22464
22466
22466
22470
22471
22474
22477
22479
22479
22480
22482
22484
22486
22487
22490
22491
22492
22492
22494
22495
22504
22505
22505
22506
22508
22511
22513
22514
22518
22518
22523
22523
22527
22527
22535
22542
22543
22545
22546
22547
22547
22550
22553
22553
22553
22554
22554
22555
22557
22563
22564
22579
22582
22583
22586
22587
22592
22595
22609
22612
22628
22632
22637
22637
22644
22645
22654
22655
22657
22662
22664
22666
22670
22672
22673
22675
22675
22682
22687
22695
22700
22706
22707
22715
22715
22724
22726
22728
22728
22729
22730
22737
22737
22747
22748
22750
22751
22752
22754
22756
22762
22762
22766
22768
22770
22771
22772
22776
22783
22786
22788
22790
22796
22809
22814
22815
22817
22820
22821
22822
22823
22823
22824
22831
22833
22841
22843
22843
22849
22850
22853
22853
22853
22859
22861
22865
22866
22868
22868
22870
22872
22873
22877
22879
22881
22884
22886
22886
22892
22894
22896
22901
22902
22903
22906
22915
22915
22917
22922
22923
22924
22933
22934
22937
22942
22947
22950
22958
22958
22959
22959
22967
22967
22971
22972
22988
22998
23001
23004
23008
23010
23010
23011
23013
23013
23014
23020
23021
23022
23022
23024
23026
23029
23029
23033
23033
23033
23036
23041
23046
23048
23053
23056
23056
23057
23057
23057
23058
23059
23061
23069
23069
23075
23082
23090
23094
23098
23098
23100
23106
23107
23112
23112
23114
23117
23118
23129
23129
23130
23131
23134
23134
23134
23137
23139
23141
23146
23147
23148
23151
23154
23158
23158
23160
23162
23168
23178
23181
23185
23186
23190
23190
23191
23195
23206
23208
23217
23224
23226
23228
23231
23237
23239
23243
23244
23246
23256
23268
23274
23277
23284
23295
23298
23302
23302
23307
23307
23309
23309
23310
23315
23317
23319
23319
23321
23321
23322
23330
23336
23338
23343
23344
23344
23345
23347
23350
23351
23351
23352
23354
23355
23355
23355
23362
23364
23370
23374
23375
23375
23376
23380
23385
23390
23390
23395
23397
23402
23404
23404
23412
23412
23413
23420
23426
23427
23433
23449
23450
23459
23461
23462
23469
23471
23479
23479
23481
23484
23485
23486
23492
23493
23495
23498
23500
23506
23507
23515
23521
23522
23522
23523
23523
23524
23527
23531
23533
23535
23535
23551
23553
23556
23558
23563
23566
23567
23572
23574
23579
23581
23583
23585
23588
23590
23593
23597
23601
23601
23601
23603
23611
23614
23616
23623
23624
23626
23627
23627
23627
23629
23636
23637
23643
23645
23651
23652
23661
23662
23668
23670
23670
23671
23673
23675
23677
23680
23683
23686
23688
23689
23691
23694
23703
23704
23713
23715
23717
23724
23727
23727
23728
23730
23733
23734
23746
23747
23752
23752
23752
23756
23757
23761
23765
23767
23768
23770
23775
23776
23785
23786
23791
23798
23801
23801
23815
23815
23819
23820
23820
23823
23830
23837
23839
23841
23841
23842
23846
23848
23850
23851
23854
23856
23856
23856
23860
23871
23872
23876
23878
23880
23881
23885
23887
23888
23891
23893
23894
23898
23899
23899
23901
23902
23906
23912
23913
23915
23918
23921
23921
23921
23924
23925
23926
23927
23940
23944
23944
23947
23961
23962
23962
23971
23971
23972
23973
23973
23976
23978
23980
23983
23984
24002
24003
24005
24008
24009
24015
24026
24028
24028
24040
24041
24043
24048
24048
24053
24058
24061
24065
24067
24070
24084
24091
24092
24095
24099
24100
24101
24102
24103
24104
24105
24105
24111
24113
24127
24130
24133
24134
24136
24137
24138
24140
24141
24146
24157
24162
24163
24168
24170
24171
24178
24179
24180
24181
24183
24188
24188
24188
24192
24193
24193
24195
24196
24208
24215
24221
24223
24224
24228
24229
24234
24236
24237
24239
24243
24249
24250
24252
24258
24259
24261
24262
24264
24278
24281
24283
24285
24286
24291
24292
24297
24300
24309
24312
24314
24326
24339
24347
24347
24348
24351
24351
24356
24364
24366
24373
24375
24375
24376
24383
24395
24399
24404
24405
24414
24420
24428
24428
24446
24455
24457
24458
24462
24467
24471
24476
24479
24481
24491
24492
24500
24502
24503
24513
24515
24516
24519
24519
24523
24525
24526
24529
24531
24535
24536
24537
24539
24542
24544
24555
24557
24559
24562
24567
24567
24569
24571
24572
24575
24576
24579
24596
24598
24598
24607
24617
24617
24624
24629
24630
24636
24637
24638
24642
24642
24644
24653
24654
24657
24660
24662
24674
24691
24691
24692
24692
24693
24694
24696
24699
24704
24706
24706
24712
24720
24723
24730
24732
24736
24743
24745
24746
24753
24754
24756
24757
24771
24774
24774
24775
24778
24782
24783
24786
24787
24788
24789
24795
24795
24800
24803
24805
24808
24811
24815
24819
24821
24821
24827
24834
24835
24843
24844
24848
24849
24849
24852
24860
24864
24864
24866
24866
24873
24876
24878
24880
24881
24884
24885
24885
24888
24890
24896
24896
24898
24903
24903
24905
24906
24908
24910
24926
24926
24927
24928
24931
24931
24937
24939
24953
24957
24963
24965
24965
24965
24970
24984
24986
24990
24990
24993
24996
24998
25011
25015
25016
25019
25020
25027
25029
25029
25029
25031
25034
25035
25041
25043
25048
25051
25055
25056
25085
25093
25094
25097
25101
25101
25103
25107
25112
25115
25115
25119
25122
25127
25127
25133
25134
25135
25137
25141
25143
25148
25148
25154
25161
25164
25165
25173
25174
25178
25181
25182
25188
25188
25193
25193
25195
25195
25196
25201
25203
25203
25206
25206
25214
25219
25222
25223
25225
25226
25230
25235
25242
25242
25246
25248
25254
25262
25265
25272
25273
25280
25290
25295
25296
25297
25298
25309
25310
25313
25314
25324
25327
25330
25338
25338
25340
25343
25347
25348
25348
25348
25349
25353
25356
25362
25368
25373
25374
25374
25375
25381
25389
25390
25391
25392
25399
25401
25410
25411
25411
25413
25418
25421
25422
25424
25429
25429
25431
25441
25451
25451
25454
25456
25462
25473
25474
25501
25508
25510
25511
25516
25517
25519
25520
25529
25530
25537
25537
25545
25546
25546
25551
25553
25556
25558
25561
25563
25564
25564
25567
25567
25575
25577
25578
25581
25587
25587
25590
25592
25593
25595
25595
25599
25602
25603
25605
25605
25607
25608
25614
25614
25615
25618
25621
25632
25640
25643
25646
25647
25654
25656
25657
25658
25660
25666
25667
25668
25668
25670
25671
25673
25690
25692
25694
25695
25695
25697
25698
25698
25700
25702
25702
25708
25709
25713
25714
25716
25717
25722
25727
25735
25735
25737
25744
25753
25757
25757
25767
25769
25769
25769
25773
25774
25774
25775
25776
25777
25778
25781
25783
25784
25787
25791
25796
25799
25802
25807
25810
25814
25818
25826
25831
25836
25839
25840
25846
25846
25856
25863
25872
25879
25882
25885
25889
25896
25896
25897
25900
25900
25901
25901
25908
25908
25908
25910
25912
25914
25915
25916
25916
25919
25920
25921
25923
25932
25933
25935
25939
25940
25945
25945
25954
25956
25956
25958
25965
25965
25968
25970
25971
25971
25979
25980
25980
25981
25983
25990
25996
26002
26004
26005
26005
26007
26007
26008
26022
26023
26025
26026
26026
26032
26034
26034
26042
26044
26044
26045
26049
26050
26054
26055
26056
26057
26063
26065
26065
26066
26079
26081
26087
26091
26093
26097
26102
26103
26108
26118
26119
26119
26123
26123
26130
26136
26139
26153
26161
26164
26165
26166
26183
26184
26189
26191
26202
26205
26209
26211
26211
26214
26215
26219
26220
26221
26227
26229
26230
26238
26239
26246
26249
26250
26256
26256
26259
26260
26261
26267
26269
26272
26281
26287
26289
26290
26294
26299
26303
26305
26315
26316
26323
26325
26326
26329
26330
26333
26333
26339
26343
26347
26348
26352
26358
26361
26363
26366
26370
26370
26375
26378
26379
26381
26382
26385
26389
26390
26394
26399
26400
26405
26409
26413
26415
26415
26415
26420
26429
26431
26454
26456
26467
26467
26468
26469
26469
26469
26480
26484
26491
26498
26499
26499
26499
26500
26509
26518
26519
26521
26521
26522
26522
26522
26523
26524
26524
26525
26532
26540
26541
26552
26559
26560
26561
26562
26569
26573
26573
26574
26576
26580
26581
26582
26582
26585
26588
26588
26593
26595
26598
26600
26601
26602
26610
26611
26611
26615
26629
26635
26639
26641
26641
26644
26651
26653
26657
26659
26670
26676
26687
26687
26690
26691
26691
26708
26713
26720
26727
26727
26728
26732
26732
26735
26736
26738
26741
26745
26745
26758
26763
26768
26770
26778
26781
26785
26789
26791
26792
26795
26797
26798
26816
26823
26823
26824
26829
26832
26832
26834
26844
26844
26857
26862
26862
26863
26863
26868
26869
26872
26880
26886
26887
26893
26895
26896
26908
26910
26918
26919
26920
26926
26937
26939
26940
26944
26951
26954
26960
26962
26964
26965
26969
26969
26970
26970
26973
26980
26982
26982
26986
26987
26990
26992
26992
26997
27000
27000
27001
27002
27003
27003
27004
27006
27014
27015
27016
27017
27017
27020
27021
27022
27022
27023
27029
27035
27037
27042
27043
27048
27048
27050
27060
27064
27076
27079
27081
27082
27086
27087
27089
27101
27118
27121
27128
27130
27132
27145
27149
27151
27153
27157
27164
27165
27166
27168
27174
27185
27186
27186
27198
27210
27210
27212
27216
27217
27220
27221
27226
27227
27228
27231
27232
27238
27251
27252
27252
27259
27261
27263
27265
27269
27272
27276
27279
27279
27280
27284
27290
27290
27294
27296
27297
27297
27299
27308
27311
27313
27316
27316
27321
27325
27331
27335
27335
27337
27341
27350
27351
27360
27361
27367
27372
27379
27383
27387
27397
27397
27399
27401
27405
27405
27406
27408
27412
27416
27416
27419
27420
27422
27424
27426
27427
27427
27428
27431
27433
27433
27435
27441
27442
27448
27449
27449
27449
27454
27456
27456
27463
27465
27474
27476
27477
27487
27487
27488
27489
27491
27499
27502
27504
27508
27518
27518
27520
27528
27540
27548
27550
27551
27551
27556
27565
27570
27572
27574
27578
27578
27581
27581
27581
27583
27585
27586
27593
27597
27598
27600
27600
27604
27606
27606
27613
27613
27617
27619
27619
27624
27630
27632
27636
27642
27643
27647
27648
27652
27655
27664
27672
27676
27681
27685
27691
27704
27707
27708
27708
27708
27710
27711
27717
27721
27722
27730
27730
27734
27746
27750
27752
27753
27754
27756
27758
27777
27778
27778
27785
27785
27792
27799
27800
27800
27803
27804
27809
27819
27820
27823
27823
27825
27825
27827
27831
27835
27841
27844
27857
27857
27860
27869
27870
27881
27884
27884
27887
27889
27895
27899
27904
27912
27918
27920
27928
27933
27933
27933
27937
27941
27942
27947
27948
27953
27958
27959
27960
27961
27964
27970
27971
27972
27974
27974
27975
27976
27977
27982
27984
27984
27985
27987
27989
27993
28000
28011
28021
28028
28031
28034
28037
28038
28042
28044
28057
28062
28064
28066
28066
28071
28071
28074
28078
28082
28085
28087
28087
28089
28091
28093
28094
28095
28097
28100
28106
28109
28125
28128
28128
28135
28140
28140
28141
28142
28145
28145
28146
28147
28148
28148
28149
28151
28153
28157
28160
28162
28163
28164
28173
28174
28175
28186
28186
28187
28193
28195
28195
28200
28204
28208
28215
28219
28224
28242
28242
28247
28249
28250
28256
28257
28263
28264
28270
28290
28292
28293
28299
28300
28300
28302
28311
28313
28317
28319
28323
28326
28326
28328
28329
28330
28332
28336
28338
28341
28344
28346
28352
28356
28359
28360
28363
28365
28369
28376
28380
28389
28394
28398
28398
28400
28402
28404
28407
28424
28427
28430
28433
28434
28438
28443
28443
28445
28449
28454
28459
28471
28476
28477
28478
28489
28490
28496
28500
28502
28503
28509
28512
28512
28517
28518
28523
28523
28525
28526
28526
28527
28538
28540
28540
28547
28565
28574
28581
28583
28586
28592
28596
28600
28603
28604
28605
28605
28609
28612
28618
28623
28623
28625
28628
28635
28637
28639
28641
28641
28644
28646
28648
28649
28657
28666
28669
28679
28681
28686
28687
28707
28710
28715
28715
28716
28721
28723
28724
28724
28728
28734
28739
28741
28745
28746
28747
28749
28755
28755
28759
28759
28760
28776
28776
28778
28783
28785
28786
28789
28791
28797
28798
28799
28802
28802
28805
28809
28810
28810
28816
28822
28824
28825
28826
28839
28840
28847
28849
28854
28856
28862
28862
28865
28875
28879
28883
28888
28890
28894
28901
28903
28908
28923
28924
28930
28944
28947
28958
28964
28966
28966
28967
28975
28976
28976
28979
28986
28986
28987
28987
28990
28991
28991
28993
28998
28999
29000
29002
29002
29004
29004
29005
29006
29006
29008
29013
29013
29016
29016
29018
29028
29028
29028
29029
29030
29031
29039
29040
29040
29048
29055
29056
29059
29061
29065
29071
29074
29078
29088
29092
29092
29093
29099
29100
29101
29103
29104
29107
29107
29109
29111
29119
29120
29120
29121
29122
29130
29134
29136
29139
29142
29145
29147
29153
29155
29157
29157
29159
29161
29163
29164
29172
29172
29176
29179
29179
29182
29183
29183
29187
29188
29189
29191
29195
29197
29199
29200
29201
29203
29205
29209
29211
29213
29217
29220
29224
29224
29225
29228
29232
29232
29232
29232
29237
29244
29246
29257
29258
29259
29262
29265
29267
29267
29268
29270
29282
29283
29284
29284
29284
29286
29288
29293
29294
29302
29303
29303
29311
29314
29320
29321
29329
29334
29337
29346
29349
29355
29355
29357
29357
29357
29363
29363
29364
29368
29370
29370
29372
29374
29378
29379
29390
29394
29397
29399
29399
29408
29414
29415
29418
29419
29422
29424
29424
29424
29425
29428
29428
29431
29431
29433
29435
29436
29441
29441
29442
29448
29449
29450
29454
29454
29454
29456
29457
29458
29465
29468
29474
29475
29481
29490
29494
29496
29498
29501
29503
29504
29509
29509
29510
29514
29524
29527
29533
29533
29535
29539
29550
29557
29559
29561
29564
29564
29568
29570
29571
29574
29574
29575
29576
29578
29585
29586
29591
29609
29611
29613
29617
29617
29623
29628
29634
29635
29640
29654
29655
29656
29660
29662
29662
29665
29667
29669
29675
29679
29681
29681
29682
29684
29684
29686
29690
29691
29700
29701
29706
29706
29707
29712
29712
29717
29719
29722
29724
29726
29727
29730
29735
29739
29740
29742
29744
29747
29750
29769
29771
29774
29779
29780
29780
29782
29784
29786
29787
29790
29804
29804
29808
29815
29816
29817
29821
29821
29822
29827
29833
29835
29838
29839
29839
29843
29844
29846
29847
29848
29855
29859
29862
29865
29866
29868
29873
29877
29883
29885
29892
29894
29903
29903
29906
29909
29910
29911
29918
29918
29919
29931
29936
29939
29942
29942
29945
29950
29957
29961
29965
29966
29969
29971
29981
29982
29987
29988
29989
29998
29998
29999
30003
30007
30018
30025
30025
30027
30031
30032
30036
30039
30047
30050
30051
30059
30065
30069
30070
30077
30080
30085
30086
30091
30095
30107
30107
30108
30109
30110
30113
30116
30119
30119
30124
30125
30125
30128
30133
30135
30135
30137
30142
30150
30152
30156
30157
30158
30159
30163
30170
30170
30177
30178
30183
30190
30194
30196
30197
30198
30207
30208
30209
30214
30214
30214
30215
30215
30219
30220
30221
30223
30224
30229
30231
30232
30235
30239
30240
30240
30242
30247
30250
30253
30253
30254
30256
30261
30266
30267
30268
30269
30273
30279
30284
30292
30293
30296
30299
30299
30299
30309
30314
30317
30317
30321
30321
30323
30329
30330
30332
30336
30338
30341
30341
30346
30349
30359
30363
30375
30376
30382
30393
30395
30395
30396
30396
30397
30413
30416
30416
30419
30420
30421
30421
30423
30426
30432
30435
30435
30440
30445
30447
30452
30454
30456
30456
30458
30464
30464
30467
30467
30468
30473
30474
30474
30479
30487
30498
30501
30501
30501
30509
30515
30521
30524
30527
30535
30546
30547
30554
30558
30560
30562
30585
30587
30588
30593
30599
30601
30602
30604
30605
30605
30607
30609
30616
30617
30618
30619
30620
30621
30622
30627
30628
30630
30631
30636
30638
30639
30640
30642
30643
30649
30650
30652
30661
30664
30667
30668
30669
30670
30674
30675
30675
30689
30689
30692
30697
30698
30698
30705
30710
30710
30711
30714
30719
30721
30722
30722
30722
30723
30727
30729
30730
30732
30732
30734
30738
30740
30741
30745
30751
30752
30756
30761
30761
30766
30772
30772
30774
30782
30787
30791
30796
30797
30806
30807
30807
30808
30816
30818
30822
30822
30823
30829
30832
30833
30835
30839
30848
30851
30858
30865
30869
30876
30877
30877
30881
30888
30891
30895
30897
30898
30901
30902
30902
30904
30904
30905
30914
30915
30919
30920
30929
30930
30936
30936
30940
30945
30946
30950
30952
30955
30955
30957
30961
30970
30970
30971
30973
30975
30976
30977
30993
30994
31002
31003
31006
31008
31010
31011
31023
31027
31036
31043
31044
31046
31053
31053
31058
31058
31061
31062
31064
31064
31069
31070
31071
31076
31084
31085
31086
31101
31102
31104
31109
31109
31112
31119
31121
31123
31127
31130
31134
31142
31149
31160
31161
31171
31172
31175
31178
31183
31188
31192
31195
31198
31199
31200
31205
31205
31207
31208
31218
31220
31225
31235
31240
31244
31251
31253
31254
31257
31258
31260
31263
31264
31265
31268
31274
31275
31282
31287
31295
31302
31306
31310
31318
31322
31324
31326
31328
31329
31331
31336
31336
31339
31344
31349
31351
31351
31352
31352
31353
31356
31367
31370
31373
31373
31375
31378
31379
31396
31401
31404
31410
31416
31417
31423
31423
31425
31427
31438
31447
31458
31459
31466
31469
31473
31473
31477
31483
31486
31490
31491
31492
31493
31506
31514
31517
31525
31528
31529
31533
31533
31534
31534
31540
31545
31552
31556
31558
31559
31566
31570
31574
31578
31587
31588
31589
31591
31592
31592
31595
31596
31605
31605
31605
31606
31618
31620
31630
31630
31630
31634
31636
31636
31638
31639
31642
31652
31653
31656
31658
31660
31663
31665
31666
31669
31670
31672
31675
31680
31681
31682
31685
31686
31687
31689
31697
31703
31710
31711
31717
31717
31718
31720
31724
31724
31728
31730
31730
31730
31734
31735
31736
31736
31738
31740
31742
31747
31749
31756
31758
31759
31760
31763
31763
31765
31776
31777
31785
31788
31789
31794
31800
31808
31818
31822
31827
31828
31830
31831
31831
31831
31834
31835
31835
31836
31839
31844
31847
31848
31851
31854
31856
31857
31858
31882
31888
31889
31895
31898
31900
31900
31901
31906
31911
31927
31928
31934
31934
31942
31945
31956
31957
31957
31957
31962
31963
31963
31967
31968
31969
31972
31977
31986
31988
31989
31990
31992
31992
32000
32001
32007
32008
32009
32011
32012
32015
32019
32021
32023
32025
32038
32041
32043
32071
32080
32087
32090
32090
32091
32103
32103
32104
32116
32118
32118
32118
32124
32128
32129
32130
32137
32151
32152
32153
32157
32160
32162
32162
32167
32170
32174
32176
32179
32180
32187
32195
32200
32201
32202
32204
32206
32213
32215
32217
32217
32221
32223
32231
32237
32252
32253
32255
32255
32274
32278
32290
32295
32299
32300
32306
32306
32306
32307
32309
32314
32315
32318
32321
32321
32327
32330
32330
32333
32335
32336
32337
32341
32345
32347
32350
32351
32354
32356
32357
32357
32361
32362
32368
32368
32368
32370
32373
32376
32377
32381
32387
32393
32396
32410
32413
32414
32418
32421
32422
32427
32437
32437
32440
32441
32442
32443
32443
32445
32445
32446
32450
32450
32450
32450
32454
32457
32458
32461
32468
32475
32476
32478
32486
32488
32491
32497
32502
32503
32508
32509
32516
32517
32518
32524
32530
32534
32536
32537
32538
32540
32543
32550
32554
32554
32560
32562
32566
32567
32575
32581
32582
32582
32591
32593
32601
32626
32627
32628
32633
32633
32639
32640
32641
32647
32648
32657
32658
32659
32663
32664
32666
32667
32674
32683
32698
32699
32702
32708
32713
32718
32727
32732
32736
32740
32740
32741
32742
32744
32751
32752
32753
32757
32760
32761
32761
32761
32761
32765
