23
30
108
144
169
189
222
235
260
269
271
272
283
333
386
395
415
486
505
568
572
593
602
618
628
705
715
775
778
862
887
911
939
946
1112
1118
1207
1235
1390
1416
1433
1495
1530
1538
1571
1610
1630
1665
1688
1689
1695
1745
1746
1747
1754
1764
1867
1977
2030
2055
2097
2141
2203
2237
2287
2296
2316
2325
2327
2369
2419
2424
2433
2512
2521
2561
2607
2608
2641
2706
2745
2759
2814
2834
2868
2886
2929
2981
2992
3024
3026
3033
3052
3073
3133
3137
3175
3198
3209
3265
3270
3329
3458
3461
3490
3598
3602
3612
3634
3680
3694
3718
3762
3796
3809
3822
3847
3885
3908
3923
3930
3952
3954
3955
3961
3999
4045
4047
4067
4142
4170
4223
4370
4384
4430
4436
4486
4541
4543
4587
4591
4619
4651
4655
4677
4684
4698
4713
4719
4755
4759
4858
4905
4914
5055
5068
5114
5117
5137
5158
5236
5313
5316
5319
5327
5342
5439
5486
5509
5532
5568
5569
5572
5577
5714
5759
5772
5802
5898
6097
6113
6120
6331
6337
6347
6365
6405
6447
6452
6470
6489
6561
6571
6587
6622
6627
6642
6711
6753
6782
6798
6839
6866
6918
6940
6959
6968
7024
7123
7126
7160
7196
7196
7263
7265
7265
7288
7313
7316
7318
7325
7411
7433
7437
7471
7506
7513
7534
7553
7619
7678
7680
7712
7869
7924
7933
7936
7960
8043
8048
8068
8078
8086
8088
8100
8109
8142
8171
8174
8194
8223
8272
8306
8371
8412
8451
8510
8513
8542
8545
8553
8560
8664
8684
8711
8726
8728
8762
8786
8797
8809
8813
8838
8894
8939
8972
9043
9065
9074
9088
9150
9170
9171
9208
9234
9264
9271
9287
9298
9311
9399
9404
9418
9442
9453
9491
9505
9572
9580
9601
9625
9668
9736
9773
9795
9796
9936
9942
9968
10050
10064
10156
10169
10172
10203
10224
10226
10266
10272
10277
10278
10287
10329
10351
10375
10391
10394
10424
10453
10494
10501
10503
10516
10539
10560
10562
10687
10713
10742
10751
10766
10787
10796
10807
10828
10861
10862
10869
10962
10968
10970
10990
11012
11013
11017
11105
11116
11133
11146
11165
11195
11197
11237
11259
11269
11272
11300
11308
11310
11318
11355
11414
11440
11548
11588
11589
11613
11728
11750
11820
11828
11849
11854
11870
11994
12012
12032
12086
12150
12154
12160
12261
12276
12292
12317
12323
12336
12370
12386
12389
12438
12474
12482
12529
12580
12615
12652
12670
12678
12759
12791
12797
12806
12936
12968
12998
13041
13090
13131
13177
13198
13205
13211
13246
13290
13354
13390
13404
13424
13447
13455
13521
13556
13580
13589
13596
13618
13695
13696
13723
13803
13843
13897
13900
13920
13941
13974
14020
14057
14078
14106
14176
14177
14235
14247
14249
14249
14253
14322
14364
14366
14370
14382
14406
14426
14430
14470
14476
14492
14577
14582
14659
14675
14752
14803
14816
14834
14865
14895
14901
14910
14989
14991
15006
15048
15162
15214
15223
15250
15257
15332
15368
15416
15436
15509
15521
15556
15590
15646
15654
15670
15699
15712
15717
15728
15753
15761
15783
15786
15876
15880
15917
16003
16004
16180
16185
16200
16204
16225
16264
16284
16324
16371
16439
16470
16483
16613
16632
16722
16843
16853
16898
16932
17114
17116
17135
17180
17202
17207
17264
17269
17282
17354
17369
17436
17609
17619
17620
17691
17706
17726
17801
17801
17815
17816
17840
17921
17926
17927
17947
17979
17993
18065
18069
18075
18142
18166
18197
18218
18237
18244
18285
18301
18302
18305
18367
18371
18397
18404
18539
18569
18681
18692
18744
18763
18776
18777
18787
18889
18948
18996
19005
19048
19066
19101
19153
19186
19277
19288
19309
19369
19403
19412
19593
19597
19692
19692
19699
19699
19708
19715
19719
19820
19851
19909
19917
19935
19942
19946
19950
20040
20086
20112
20125
20185
20253
20277
20281
20282
20283
20339
20363
20372
20372
20397
20419
20424
20439
20454
20464
20468
20479
20540
20540
20580
20601
20612
20750
20796
20811
20819
20876
20877
20890
20935
21003
21026
21051
21054
21086
21117
21122
21123
21144
21173
21187
21188
21268
21287
21371
21405
21439
21456
21504
21512
21534
21542
21550
21567
21604
21621
21630
21637
21662
21680
21692
21709
21791
21882
21916
21949
21957
22081
22113
22138
22161
22182
22186
22188
22228
22253
22281
22318
22384
22394
22481
22495
22558
22591
22608
22616
22684
22696
22702
22718
22793
22814
22854
22864
22889
22936
22992
22999
23027
23078
23084
23090
23141
23173
23232
23249
23260
23364
23369
23372
23415
23489
23530
23536
23577
23593
23651
23687
23767
23775
23776
23794
23799
23811
23897
23924
23937
24019
24038
24077
24148
24165
24195
24213
24261
24267
24273
24276
24291
24343
24377
24382
24395
24403
24413
24415
24416
24420
24481
24541
24560
24673
24705
24756
24771
24777
24777
24789
24806
24811
24861
24864
24904
24938
24965
24988
24992
24993
25075
25097
25119
25171
25212
25219
25239
25287
25335
25394
25396
25405
25529
25599
25648
25661
25764
25857
25871
25887
25893
25923
25951
25961
26015
26031
26066
26067
26136
26181
26218
26227
26243
26246
26288
26353
26369
26416
26420
26475
26533
26543
26574
26610
26724
26727
26757
26775
26811
26820
26844
26874
26918
26960
26974
27015
27018
27037
27071
27207
27242
27251
27291
27319
27334
27337
27341
27402
27410
27515
27542
27566
27589
27638
27681
27691
27695
27704
27735
27746
27760
27796
27797
27846
27850
27902
27949
27996
28042
28171
28173
28184
28297
28307
28315
28345
28366
28366
28376
28416
28453
28454
28457
28497
28507
28554
28564
28592
28601
28624
28660
28670
28695
28727
28769
28812
28813
28818
28819
28824
28848
28960
28990
29007
29122
29174
29203
29209
29248
29263
29381
29482
29580
29657
29684
29783
29799
29805
29847
29856
29888
29914
29916
29988
30019
30029
30084
30169
30195
30371
30373
30525
30578
30599
30607
30663
30727
30738
30782
30792
30798
30834
30932
31022
31035
31083
31164
31224
31277
31300
31329
31355
31365
31384
31403
31414
31414
31439
31534
31599
31650
31655
31656
31691
31704
31715
31750
31806
31847
31851
31936
32139
32162
32164
32169
32188
32294
32319
32344
32385
32479
32482
32568
32579
32641
32664
32758
