12379
6491
19557
12438
30150
21466
26595
15213
658
21961
22621
14697
929
9680
8686
5640
3853
14321
1434
30478
14617
32436
24034
30410
30055
6017
10646
21404
6251
5709
14571
14516
3359
13433
12493
1052
4856
26358
22646
11769
6169
8110
25920
13582
968
15903
14519
13441
1310
29513
17651
1762
14850
7371
2853
6761
16984
23369
26735
23167
4981
26640
9465
21120
8150
28157
31041
28096
10002
27035
32178
30924
16910
21643
14457
18418
32624
8233
15764
9987
9302
17260
5419
30295
25927
24590
23588
6418
11114
17133
21234
6310
14837
17330
20141
8601
18409
18352
16488
15753
25085
27663
18111
28269
10455
6953
32175
3869
16258
4404
171
7445
32285
5154
21227
20341
15568
25285
8712
8013
19205
7991
5830
9496
26324
14457
10288
28550
18622
5978
9451
14207
6047
4762
26308
5476
22750
28240
25739
7064
12519
27273
5668
31295
2011
9522
24283
4165
26245
21304
29176
3490
8081
5357
26003
2781
6392
27054
26538
14799
18879
1731
18801
5034
16353
5510
21737
10298
17034
7367
8372
29290
25733
6512
22056
22025
6904
2661
7586
10958
11343
29614
9501
30874
2934
7384
29955
18686
29515
3736
1858
12797
22099
5042
21667
32275
30379
16665
19544
5494
14914
18776
27091
3227
3910
7984
23775
31740
29916
11139
30697
1305
31764
6769
22686
10428
21788
960
32444
21122
15540
29313
17697
15767
24033
4080
28969
5825
31718
30109
19510
32672
30832
27337
31632
22324
2577
4371
2672
27551
14063
17492
23127
31020
26558
12743
28068
6801
9963
27245
16486
3697
24602
29871
9071
30245
13267
8518
19882
29116
13176
10072
6062
15680
6523
19427
5522
13115
20941
6239
771
22650
26266
25759
13717
21777
9523
14329
2391
32416
3916
17830
31658
22484
27751
2155
26707
10544
3984
16761
7374
5901
9547
24211
13797
22751
7627
2926
31618
30139
1892
29277
11970
10774
27971
28718
32330
23248
3677
16206
5342
14705
165
24116
30256
32178
5250
13565
7669
22591
3200
15956
5438
699
32070
14229
29190
4356
27080
7218
29959
26553
28605
28757
14803
31738
6228
7879
11551
16495
8482
28176
15714
25484
20831
20704
31135
17171
12115
5549
4734
14554
10763
14750
29090
9422
2896
25256
23351
22584
17882
17655
19914
17983
29632
30607
5214
7598
6451
31795
16060
12280
32620
32389
29706
18810
15331
3696
21407
24319
14274
22979
22550
13449
19353
10526
28833
24911
17235
9234
17568
21762
24169
8324
21875
16980
8277
338
29324
4795
1354
26682
13256
18290
28450
16119
28159
27586
24216
23468
21978
31871
19639
17542
17636
26837
14482
22173
21732
4165
15670
21532
17771
25066
17373
7586
24489
257
9828
6888
19588
4776
22015
5795
4332
6374
23084
4524
9320
32492
15333
20830
22005
15002
12570
11583
29457
10053
7262
24547
25875
32184
13537
24334
14525
3448
27294
32537
17428
6989
23253
26007
24175
2301
26812
3896
24271
10843
20082
27885
21614
27520
14900
23628
11675
11353
19411
32567
16580
30050
1637
14008
27605
27056
2619
17712
15809
6709
11028
23473
24157
7744
13968
5800
10357
5443
32488
11711
10778
30169
32219
23297
32569
19975
9196
15679
14962
22722
10186
14771
20518
3250
27152
8420
14290
2102
16686
6857
14236
32424
16807
7729
3628
2786
22142
30563
28349
2817
15850
8705
884
26985
15953
31282
27120
30473
10100
2303
24098
15072
29672
28670
1887
23231
7877
14382
7091
337
418
2083
19833
25946
20160
1379
14120
22076
31621
25871
14704
29119
12076
28614
32646
26385
2492
31942
7612
27404
22326
10324
32340
16824
787
18783
4246
273
24557
27232
28192
28938
6013
18820
27262
11473
22213
9229
16634
26965
2702
20725
21685
1286
16405
28373
14071
17627
32258
10502
26564
25242
10649
22534
1200
20564
19508
285
23028
21806
19697
31040
2496
26472
29352
12085
15827
26519
16928
24824
5962
8501
3202
16478
20661
13404
16909
19192
18032
19663
23820
22842
22833
19002
30981
10460
24285
15803
27188
26241
5536
24736
26935
31383
19772
26739
9995
7550
15009
23604
23863
30444
10687
20197
11847
19600
408
9036
27260
1013
20121
15604
3266
31658
18218
17013
994
32672
32388
21749
7161
23763
14786
24815
7209
22572
6971
27699
27790
3238
6160
1326
22644
29873
27649
14188
16583
8916
32645
10587
21194
28053
29721
18258
5900
4765
19160
8145
27801
5400
22860
21771
17517
23387
132
18337
12590
20425
23142
24241
7962
2295
20807
4367
18494
15630
21945
5074
14568
1137
9892
21011
30816
12192
24473
4593
10707
13405
16738
27352
14736
30221
26846
28932
27255
28000
26636
14912
22445
29492
30053
8180
16021
12983
9583
25182
9468
1740
25231
4384
12180
18097
5918
23803
15524
17886
15808
14042
5885
2864
19441
24594
21808
838
10977
20456
14590
12844
12930
4692
8976
10294
23263
1028
28393
15919
6063
4004
19224
23731
4650
20573
25010
21210
13595
15771
25855
23
16183
17428
21620
21855
20397
28678
3553
29069
8446
3263
32492
23813
26127
23907
2750
10391
32125
21226
30716
29607
28464
25448
31481
7563
26675
26257
12330
9781
10434
7036
6874
530
6309
15271
31774
25905
30141
16188
5644
18856
20701
13970
12072
13620
19675
23799
27167
543
21478
18605
17848
12135
14105
23602
22791
31772
27729
23748
8164
21002
24124
21029
27547
17304
691
5020
19429
8432
11082
9788
1047
26720
17445
20584
24730
5632
29965
1687
155
5782
22722
5461
26627
25014
16019
11403
28074
32558
10797
12287
22983
31649
1457
28958
18604
4209
14857
13818
9648
738
8571
12687
21100
32381
2174
20810
20010
28339
12493
972
29082
7107
2747
23787
4807
3806
6342
15097
9546
392
12654
20809
10941
23617
4936
15344
1907
2149
32590
201
3942
6481
19833
8636
24433
4295
12178
9279
22208
17044
5701
12828
17540
7023
27767
14197
7659
20261
7385
8710
20559
12787
5565
9643
942
16691
16169
10786
24922
7996
5930
17937
13041
1667
26731
27467
28048
30726
20230
10319
32068
10474
32666
8978
25793
29538
1182
12542
1367
20180
26101
12346
8993
4919
28354
1580
31104
3008
1405
26428
29639
7357
19015
19419
24120
193
28538
14020
9008
24833
133
12418
26782
19710
2807
7219
8633
21860
24025
18827
26867
20018
21313
26652
13864
31772
22564
16340
17692
12590
9836
21191
16420
7345
25930
19502
803
21074
9166
24752
2744
19585
25013
993
25526
28184
6786
5897
11989
18237
1744
29990
3239
8585
2022
52
1485
5994
29068
5035
17258
15045
9757
74
11224
3808
14558
29971
14234
22912
2702
31127
4754
3918
5182
23923
23924
24447
21603
16667
9083
8884
4650
7126
22619
12575
27403
25354
29302
25576
24225
14010
30034
17871
19641
14157
75
14098
6569
26769
13701
2193
27875
17919
3365
21040
15817
27713
26817
2173
8899
31729
31508
5523
5775
6564
22519
31038
10201
12071
16525
13407
18188
21000
32701
914
9831
29528
27365
11535
24659
15536
23244
26062
22516
15986
12505
4591
2046
21329
15491
25688
13258
23828
5385
8608
11945
16022
15203
2604
11640
14098
6264
12183
22132
669
11153
14679
848
25588
32014
23710
27013
31608
10584
2943
7402
3959
6166
8018
8324
10669
13220
601
31135
11787
13504
7332
31005
20151
22151
2097
12047
339
1697
20568
15490
22914
26040
16486
30619
27816
11310
1417
5607
8946
18191
10220
20716
6551
16708
7970
14596
31325
19722
1480
10859
27742
419
12390
6294
524
8523
11159
9158
18547
31598
25962
11486
23486
16152
1543
23409
9469
20909
15254
18976
9509
32218
32092
19747
29016
3787
2599
1829
17511
11167
9709
16469
18838
1817
23216
13242
1183
14232
16548
18118
31481
19273
4500
24367
601
27803
2946
19194
22650
10995
26254
28377
26650
15266
25113
11958
24389
18196
11561
17552
31445
5705
11791
31110
11066
13449
27976
30001
30327
22868
10146
5943
15213
11929
19359
3869
14940
18216
26142
9821
1703
22888
16952
28857
17879
4685
16489
22222
24547
5253
10480
12012
1199
30706
32120
22565
10962
23901
3575
2980
27548
27241
21719
22593
24664
16837
24148
31826
25806
19366
16165
4547
25356
25205
24158
16489
3174
14276
5781
27283
9148
1415
29251
2018
15611
24449
1902
8795
5606
14588
13957
10683
27671
29373
20620
4362
29760
1335
26744
27251
22199
6911
21469
30035
21810
12160
7878
21136
32207
1520
30436
21292
3927
3203
20972
5402
29379
32734
21306
25168
28159
25294
13498
1565
29679
7738
14088
3261
13744
23894
23766
8491
22816
31258
30095
32054
30880
3571
15161
8151
20504
31416
1952
15810
15164
32735
25777
8251
26894
12273
31780
26155
26788
23099
10846
23411
29484
15559
14485
23168
5933
4746
565
27679
10512
20959
2434
6547
7390
12084
16255
9446
11595
14339
783
7036
29684
6661
7003
30446
22245
27298
12659
16405
28510
683
3384
26724
19927
16971
6521
19835
16193
20795
29532
6906
30607
12086
2304
32403
17781
10413
2912
25188
13167
955
14203
8579
14854
31067
15026
27354
26447
20185
13937
17973
8116
9094
10001
28569
23542
18096
12797
31960
2163
10705
7956
354
27045
17159
335
9310
10732
29636
21156
23801
29837
18375
1834
18686
16890
8267
23421
20904
14676
8062
25188
4788
19246
26676
5553
14265
27028
1501
28265
17340
331
4276
18469
30463
6235
25146
5048
18203
13771
28131
7442
7502
30380
4623
26725
20246
29785
30011
27270
1279
24572
17273
8341
953
30548
24605
19168
2925
14006
24506
20229
16721
27730
24141
1367
22395
4280
1463
30083
26355
2203
22641
18036
12299
13268
5243
25971
13555
28073
17045
10387
25224
25168
17842
28748
15213
23983
32426
3174
14685
30566
22575
26648
22719
16399
20226
16754
635
21444
19046
28664
18445
30178
22742
32400
9688
6669
9459
7326
16316
32373
14016
10861
19434
15191
21777
25809
8183
27590
6977
29706
5168
21419
5924
25068
12590
9995
828
15165
23466
22152
28976
24671
29330
1323
30841
18734
4955
2912
15711
16428
30874
11074
25636
22748
9934
23065
17535
9579
23424
17185
29004
28565
29327
26510
26753
30919
13765
32716
32612
1409
19117
523
24315
14335
12969
29179
9412
32280
4415
24020
31655
5734
11444
11418
16681
28839
23772
8607
2786
28003
23600
14665
8241
16592
12065
17173
15406
31986
5548
23772
11232
1798
15151
13142
7345
31777
6267
11228
12062
18709
15402
23410
8627
31124
27955
28420
10295
664
23483
26864
17188
3073
21550
22469
11098
32128
10383
27210
9747
21173
17420
1219
21786
31380
7382
15215
22328
17933
30767
22101
19695
10732
13509
16961
5483
22526
3902
4873
22454
29557
5396
31508
11307
25741
14755
23581
31277
3952
16768
21813
24089
29271
30733
29191
11128
28403
25418
24416
24442
17163
27118
18671
6048
29798
8119
17481
24760
13291
11262
27951
29198
31751
32398
5908
10465
28239
18102
14298
22548
13415
24733
28637
16422
26658
11478
21298
17252
18154
1588
22577
10845
13411
18912
3888
3223
20555
9640
1938
12672
9125
8346
1537
32167
10518
4562
28663
16428
13455
31120
4227
29814
32300
28814
6730
19491
21596
8592
2764
5445
14659
316
21224
20683
28508
14380
26786
3389
14691
29506
9765
22957
20850
3643
6660
25834
23402
19591
11461
7414
22164
5208
16288
25274
21128
24570
10372
9721
27470
22882
12123
32131
20676
21513
28815
4011
23871
6395
18637
24314
32629
14634
11785
20261
31643
23049
6594
30269
18378
12374
26759
3622
1959
7479
21178
6730
27459
8585
25236
5518
30016
7029
2921
15494
27702
580
17965
18404
31572
5236
22328
11063
17995
11275
8518
11218
29799
11563
10690
25609
30463
17127
12868
1700
3856
24149
2904
30349
22053
11236
1153
1740
20090
29424
7549
30389
15968
5012
23755
32352
23267
5824
28523
32602
1451
1163
30181
11674
8736
29898
8844
17591
17874
3553
3332
7512
18455
26073
24322
14059
29942
31155
15955
2458
26435
12028
6176
13434
19980
5026
12656
23558
8500
20486
8430
19661
2398
32594
5613
13927
32524
25101
4265
4781
25864
7917
28623
3370
8708
1516
30528
32460
32125
2461
13330
20959
17381
25281
25048
25148
30208
4630
13604
11710
1935
13423
12106
26870
28972
23817
24422
19488
6517
27165
13472
11349
22892
1970
17838
13570
8222
21685
12699
21912
31107
24139
32199
14213
31910
25958
5424
20580
25861
8855
19695
25712
23355
31779
4614
3391
12508
25176
9304
6317
5025
17953
761
21526
31685
24025
28072
6088
22958
11357
8090
9911
18128
32357
10106
13939
15823
21012
173
13144
7651
23757
20954
5380
32129
9033
29866
22287
4152
22502
10956
27126
9177
29506
9277
12375
30938
15113
15046
23652
31228
11019
1734
16786
5932
29842
12593
28305
18343
2034
9945
9089
30562
23649
4332
30819
25513
27145
14014
18381
11014
2652
11465
12770
5220
12968
29939
19330
20852
15595
29711
19902
16464
13032
24741
22927
28767
20346
3830
9159
28280
10793
15931
7495
7242
16635
19246
27507
5883
21644
27595
17635
28943
19041
22616
1627
17292
2426
1443
5118
23131
1318
21643
23230
32754
27164
23233
1559
11312
8646
10448
15869
6792
8160
12635
275
2914
11842
13734
28445
13502
11002
23385
6072
9755
27806
20352
8521
9111
16609
6869
23603
15447
14691
2882
5709
8233
15054
22178
17043
30824
542
23240
18715
18465
5184
7874
4939
6003
19423
31070
10314
28220
31099
238
28084
25074
18875
10313
24722
15054
26116
11538
23177
29744
842
15165
14161
7231
21286
27086
28265
22223
2857
29924
29961
1929
30321
22775
31833
26437
17785
13150
24544
2235
4149
3092
22591
4187
15967
27835
17951
9081
18956
26849
10600
21165
4226
31619
6323
890
9549
24015
19715
7469
23440
15150
5551
32008
31130
26242
18595
30112
19129
29868
713
23940
851
24658
19649
28959
11058
6879
30680
3040
544
11979
18232
31896
4788
22300
14684
31011
26475
12333
1479
30026
5626
26030
8950
24808
5347
492
26771
4428
3911
16978
8683
23007
11003
5424
9378
6150
29918
9404
16293
13898
26473
4951
5729
27319
16263
19729
15411
13441
5031
4718
9247
23790
24848
8299
14532
32623
885
6588
12431
23824
19146
5464
29232
32531
9046
30263
7498
27864
1032
28762
2927
30977
5902
24333
23883
27091
20644
20585
26655
222
26666
27164
6002
9696
26490
2925
5891
14567
17528
20602
22785
20406
14571
23236
19582
25194
19595
750
22562
11101
17754
22466
27932
15947
29240
3701
18014
6835
946
18476
10250
15744
26396
20670
13095
30185
22495
15036
8601
406
6931
31919
32336
13316
6481
29600
11711
11562
19138
28382
23184
25437
10620
10491
6806
1137
7695
21016
24579
29217
6746
3938
2779
23984
22180
5085
11944
18129
25832
13921
24688
25029
3695
10466
8420
10435
12196
13556
14042
7324
1573
8589
3581
30879
9494
9741
28099
23994
954
3709
7328
14563
23108
29972
17274
26806
16618
13568
9564
26208
17724
31331
32622
30139
27060
5019
9509
8378
17294
26566
11447
520
10969
13957
16338
8940
12495
1281
25741
28784
20578
23596
21151
3010
3351
15434
10446
31194
29719
27055
5803
30301
13188
30410
20093
28098
15369
12130
21371
25267
8373
18720
30782
17078
10505
32078
8565
28172
18767
28638
8411
30425
29998
1966
15462
23430
124
7178
13761
16484
595
7027
26109
27794
28263
3998
16772
3616
22678
8896
22606
2420
5825
2569
9815
22509
13531
31086
18512
14791
28479
1196
26772
16191
10055
4490
30815
27895
1562
16222
2362
32667
16837
26578
23226
4805
14478
7400
28778
12062
22148
18492
17414
967
31067
20362
26602
20215
18039
25199
11721
14821
10055
21876
9634
11240
24532
11848
2288
22748
29594
17741
26146
3785
19606
8278
8266
1727
22688
27312
5913
15620
4347
11871
2827
5234
8235
12969
4575
18714
6662
9177
12106
30253
31246
26685
26092
13085
23550
18033
21635
3071
8867
16607
13151
22836
237
19079
17942
14920
6470
14588
5496
14362
10018
6063
1477
21053
26328
16496
7454
31647
12208
23858
3642
19048
29757
14095
23386
24357
7405
30348
9599
18214
28894
14621
31706
24100
243
8172
16260
29480
18728
15318
28527
13479
31778
31414
28829
10226
11531
31207
9871
12238
19356
25092
28673
26206
9851
12274
23508
20042
26568
3873
10828
7962
16370
10510
28283
12515
13008
3597
25597
19238
15085
6981
19686
23285
14115
508
27641
21591
22123
21525
28443
17134
30195
14806
24071
19927
9585
13551
24898
13010
17848
5304
30034
31907
30088
32699
24107
30904
16555
13938
28394
12299
17725
29522
31173
26442
17228
3080
31810
27190
19105
14338
23464
9801
31452
8241
17843
22683
2503
7181
2444
21254
996
16346
31992
7304
31560
8234
16848
28906
6316
28324
32689
25503
17090
21507
26100
10735
20421
11106
2529
20565
30036
694
29983
24357
27264
1180
30831
12913
28708
12117
5787
2350
13173
32014
7080
3987
16089
24933
13395
26818
27901
16426
6588
31658
4641
16738
9564
1836
20407
9874
24892
16764
17965
1338
26729
1739
6407
2719
11171
23331
31024
11469
28245
17298
10642
27869
4042
14986
12772
3700
29853
17288
13251
26764
9329
25076
5637
13175
28643
30536
31306
30752
12989
19573
12499
1173
1644
19075
7832
2498
30901
9847
18836
18047
6819
1145
32612
25550
31684
22070
18960
26205
26005
30852
10025
22867
27450
21572
13588
5705
8562
1677
19109
20117
4811
21511
11504
14799
17426
27540
22363
3470
23822
15414
2552
8819
18798
25133
4626
27241
26111
28511
262
7210
3618
4861
17748
14342
7550
25700
23030
18912
14834
21825
32753
3193
31181
3833
13865
20977
14914
16200
25465
21898
14870
6184
26371
23216
19612
1780
709
15670
14563
26317
21614
22243
6446
12861
20591
24109
20132
30746
29524
8772
23881
6061
7509
18514
17453
2068
19496
28161
9700
12005
10010
21823
21813
2580
4446
32062
6678
12567
13989
19646
17113
28999
17903
12686
21920
2442
20128
22864
30230
18735
29654
26494
21345
5657
27130
19626
12882
7712
29333
8970
26591
14260
19045
13363
22484
13763
15793
3109
19397
13021
22233
15752
13895
6039
23345
15157
13920
24621
2575
27384
28475
25963
21027
21908
2080
11469
28935
6152
26788
997
12567
31249
1309
27389
14723
19952
20313
4862
9379
32109
8080
29328
20618
26652
10646
13955
7645
30431
21077
4462
4326
2220
31099
11925
2276
7313
2928
19472
421
23797
28555
16426
4951
28704
9861
28168
9372
12798
11566
28043
732
15135
30558
27254
21727
22787
5935
32468
7067
23445
25705
3220
13642
23541
14398
23159
5824
24698
4408
30764
12028
504
13167
11705
10493
30270
6399
31260
32727
9187
18105
25906
6405
9027
22809
10457
22785
20676
23928
30033
26130
21598
19331
21737
3429
16986
13036
29399
32352
14681
29024
18791
20531
8601
1208
31576
1456
29044
19827
23682
860
6953
21860
28093
11206
2015
28328
20479
5655
17383
16091
29380
4843
16450
2699
435
29535
19811
21741
21886
18027
13109
10191
27658
115
2656
6094
11216
16664
15049
22729
30339
11092
17239
30358
20210
966
12029
1523
5681
2378
23285
25023
9203
15309
29257
18538
15931
1376
17048
28074
13364
31114
19991
21615
8284
7907
16086
1306
5608
30430
8005
29673
15717
14311
31734
11190
9371
28078
21156
4322
17846
29634
29301
20620
2472
32353
12668
20486
18889
9615
7042
12425
5312
9829
32262
15143
15015
20140
30082
18690
25706
18090
24560
31676
14960
11580
22669
23086
24190
14885
8413
9565
15576
23206
6895
31145
30889
31823
14562
4168
30628
31252
1448
13555
20716
24483
11018
17375
9009
30453
6380
17391
5660
21539
12755
28968
2798
21372
8356
19301
16484
15828
15279
32076
28125
1822
6379
12160
6590
23358
14211
7192
12054
27928
25234
30289
5758
15341
12587
31359
22084
17127
18333
14922
32200
18162
15861
30998
24613
14030
20420
11459
25108
20834
14626
30359
24334
1620
25842
10360
27057
17622
20584
10847
27493
11459
18377
21513
26431
21994
24690
3824
25638
8618
21532
21625
16948
19135
8542
23663
32606
10075
5491
4016
12120
20856
9022
4902
10931
10605
11147
32505
14665
26304
6808
5635
15322
11068
32468
4485
6391
19523
31974
21784
28959
18021
17649
7910
24105
3889
27927
2073
16865
14666
21820
27028
26614
7870
30732
30945
32532
1428
19775
12651
11597
29348
8475
24046
17341
7852
1339
22059
21870
16799
16016
17632
13689
10304
21669
2551
8302
18416
9767
3326
5366
17604
9892
5079
8119
7643
10643
29105
7800
29679
24213
8759
16006
7721
25338
9478
14934
314
3207
11621
6763
23719
20854
31280
32122
612
29119
27158
11213
11429
17814
8197
31205
26097
21813
19425
15971
14200
7643
27516
24361
4518
10261
6083
14780
8952
21308
12853
27372
4367
31295
1690
14776
18435
21922
13553
10604
21497
16071
30634
30476
30968
14445
6677
1525
31992
24694
13083
32706
22588
12013
30764
11117
16354
9799
15480
16310
16057
22761
28770
13513
20562
26603
13617
22811
12890
24348
22793
11669
24614
4678
20251
19700
27792
24499
30744
25200
11778
31727
20203
29595
28880
10960
19879
397
9163
2484
7870
17726
13075
20234
28277
2867
1324
8980
28820
29277
20052
30186
28258
4670
11796
30403
28880
19533
19222
4208
23285
19612
24886
3881
2234
32184
30171
21388
17879
29648
9864
14051
12542
4890
17838
1190
24405
30067
14789
11585
21546
21318
21146
5654
8419
29614
2283
10950
16691
26591
23601
5036
1940
5570
17085
13739
11761
21983
24582
24362
24226
10368
30018
18012
18846
17939
16435
15557
6636
3793
15428
15354
24411
7581
31188
12200
16499
559
32722
8407
2219
26225
27530
9840
26333
9001
17086
16125
28662
2009
11257
30641
14834
23011
288
1192
8968
20209
28746
11887
6433
1684
7889
14535
30095
18220
682
9894
16636
519
26097
32639
29600
25293
18632
31171
1464
28187
5474
11944
25651
29550
23131
15145
7598
22083
32587
29262
23458
29308
10138
1197
31708
8198
14230
16689
24110
6585
12226
21274
14949
19327
21105
8517
4730
19385
18324
12974
5389
990
13009
15411
1038
19557
28629
15259
29630
32742
26858
17366
30166
18812
15308
24198
1285
12909
8376
9919
17568
13069
18375
267
26774
19167
8314
5298
22946
25598
16278
27192
27076
1467
22322
21286
11505
6792
29966
32526
18954
19733
31526
25033
22539
16568
1671
20227
7045
10514
14434
28410
14414
1264
5471
28802
11126
111
28467
7245
8574
16996
3189
11625
31941
10490
685
4874
8259
14749
30383
32650
21113
18455
14119
26798
19624
6393
25972
23851
19010
829
8378
21352
11422
21801
26418
21894
1775
119
8645
11934
9847
20914
3546
32073
27384
14051
31084
20326
876
22893
1375
11031
25333
3894
25108
10509
535
26375
14907
1030
16421
21558
16360
16787
30969
15746
4073
22559
8936
29502
24408
30253
2294
20658
10092
20193
30021
3262
17300
4034
24532
32192
13767
25534
30054
21688
1301
10095
2751
5034
27267
12956
20502
17220
16405
23299
22728
11201
26156
5205
19274
5389
4882
20867
19809
21034
16596
2872
149
7122
11600
4006
8931
32350
8334
32646
10162
24294
27988
7258
23816
23466
24564
19446
28926
2992
3945
30014
27505
25007
17570
6705
28667
13868
27678
21287
23585
15587
17849
3926
5582
26984
18118
16027
7681
1806
25181
18552
15298
2056
11254
29785
21338
20430
2103
10011
15811
31939
24587
6606
13406
29972
2548
28090
9444
15075
23970
16801
415
19365
9668
11332
25050
3784
25630
16424
1686
6041
7132
31898
6014
15974
5670
20465
11293
21727
21748
3859
30031
31170
10276
1595
6901
20408
6346
1785
8685
7034
7879
6010
28226
3383
21661
9993
13727
14650
7553
27606
30218
968
29106
19958
17614
1095
17674
940
2489
9126
15314
17127
31368
31224
8667
11275
27296
12130
22474
20980
17151
25656
10932
825
13937
25699
18923
14509
1543
10758
20247
19756
27077
29537
3208
25236
29083
28661
5578
6161
29335
18664
13946
30110
21592
2220
19289
12488
21190
9692
12703
11957
2048
13670
16530
26470
21142
2031
342
3641
27641
13939
6407
9138
17199
25132
6405
21626
28619
11190
10639
18856
20765
9584
17044
20032
11686
17701
26309
28153
26318
6380
5359
28996
5338
17228
25480
23177
7960
676
31368
18612
9308
18378
24442
25328
18352
8179
18386
12722
13640
30163
25985
2298
29620
28165
25031
26582
21849
25260
31304
28967
7714
16987
29795
24999
12659
22066
23231
10027
23647
13130
14630
32038
4122
23380
19095
12911
8369
20604
19862
31812
23544
8340
29383
31374
3268
11118
6587
20838
15963
10377
20490
31705
21545
12272
18082
15336
18869
19040
12638
19411
11987
19625
17627
13464
13338
598
18055
28086
23448
27536
25338
10806
8645
4672
16010
30444
12982
14964
29721
3579
32659
29188
30258
919
18507
17269
1621
12303
28038
4125
13966
31498
7900
21896
10572
27664
14660
25115
881
9293
27087
15607
17574
9618
26774
17697
31217
2717
24560
19423
32393
5274
21481
11877
16105
12778
7664
12976
12835
25122
20688
11187
32119
6999
6370
10417
30244
5273
27776
13290
30078
6589
8380
25721
13121
19552
13906
18301
6693
30248
29404
25719
19122
20557
6725
24819
16470
25688
23680
1899
19637
27179
19322
13672
23872
18242
27981
29930
16137
4920
16054
17674
21717
17805
14793
21982
29555
28838
13539
15261
22605
11797
11745
23811
28221
8219
21903
8439
21666
11371
28515
8044
23730
21553
22892
22917
28946
19795
20613
15612
7076
16631
17614
30404
7584
21317
21085
22765
19942
22638
12848
22473
12690
23277
14182
25165
721
22285
11439
6585
6644
20395
9730
11388
27843
8253
6798
22609
6164
12307
23282
22447
10140
27357
14256
15968
4100
8814
27615
2415
3903
15807
8225
26184
26396
22839
6613
29979
9751
15401
27278
2689
29301
18335
13251
13410
2960
16982
21192
1558
30063
9737
2300
28618
665
20978
29765
9510
12331
18063
27577
22317
2089
20130
5278
17764
32274
14715
17301
27190
31159
2681
32274
18071
1100
16847
12303
4328
19392
8836
27138
19226
28746
6590
15116
1047
20549
11071
31603
18525
17981
1840
6994
1516
3402
11549
18831
26467
16284
16450
1806
27238
9048
28933
31268
13634
14755
8131
5711
28628
17403
7375
27684
9127
13262
10680
13704
26460
14405
8139
29219
22863
24161
24537
10258
11639
30538
28475
7388
21134
14564
26130
6824
29298
19618
4819
5549
20940
16543
30468
17897
21231
3819
320
2326
8195
12066
10369
8410
16482
26180
19615
8510
7490
18624
19
9057
14741
8914
7937
4206
8493
15119
22390
6347
21284
9023
1774
11155
11131
2922
4377
583
4097
19254
5086
5312
25718
5488
7329
2408
2545
2536
17089
30122
28031
6530
19301
679
27149
28810
14969
18987
392
23368
29939
32735
12610
22740
22619
15040
26008
20524
27530
29391
20690
7044
3250
1802
10570
24029
16542
24476
4817
22233
1851
81
14158
10446
22872
8012
21160
17689
13226
5116
13798
29365
21267
12876
1429
8972
1571
26138
14186
2316
14304
8939
4905
9854
6082
31709
15045
17299
770
30685
32201
1216
4885
30233
31734
4812
30067
14008
23342
2344
28828
23497
5265
7806
14941
30330
7397
15244
847
29835
27707
29747
23458
514
10447
5835
21784
13087
31025
17850
1620
2706
16802
20293
21333
12268
20673
14246
7998
27220
16231
10590
19288
13179
1999
16332
10073
30418
6138
24575
14055
20730
25425
5065
28760
25467
14221
6932
22716
4282
22740
10105
8477
13349
10532
30223
10501
10929
24309
15233
2625
16262
3866
5732
4581
20728
3561
31687
19088
16826
27547
21003
31729
2638
4086
11765
17290
32448
14633
26113
10932
7316
25079
28665
24036
29949
21271
15559
26924
1872
25563
1672
7685
8119
11793
17633
1611
3626
14631
15254
2185
18843
24722
22360
8567
21361
31087
19679
22209
28472
31595
11833
18186
663
12513
27234
31537
12674
12867
27412
23763
2736
12475
17632
30225
22608
21522
11646
24211
26872
12240
11362
31180
25822
5029
14735
27264
842
15111
16048
24452
13387
8221
11877
7622
4778
30172
9691
27533
12828
3440
19615
16641
7611
10973
26292
25069
6839
3302
19683
17604
841
11310
16210
27362
19945
30109
18008
3605
5313
1029
5520
18268
12641
7429
9516
4846
16564
29998
30092
21886
9011
32613
12560
18110
19800
19336
8234
25890
31830
14421
9143
22246
8967
31879
10639
23634
8998
19265
20314
14141
9918
6064
10150
11216
11746
15341
21815
32396
9375
1824
28830
5006
5423
30443
27662
4882
19055
8198
26986
14135
30356
2598
13986
9986
12825
804
25664
676
26363
11611
10814
1280
31785
19794
3867
24168
21814
6811
1326
11431
31314
6138
29241
13381
31864
14026
21825
16134
27113
18845
32413
17332
26328
2595
3662
15134
15975
13901
11406
18017
32722
2225
12459
2662
31722
4145
10774
25772
14022
10967
32695
23880
8629
10244
6532
31274
12662
21962
18514
22433
9388
32150
24555
10786
3724
5138
14176
3397
31193
8265
929
17424
14354
7693
16458
20088
12522
24469
6848
30757
17912
12907
4989
17526
7856
19334
18856
23493
28818
16050
9449
24044
6049
1337
20859
15879
4887
22460
17027
2940
14935
24418
11936
19513
15907
565
15043
19517
18959
20168
18241
1626
23093
19229
4902
2617
6443
10951
10701
926
23090
12364
20141
18157
944
15821
23414
1774
32225
22761
17501
6093
31177
9694
14003
25445
9325
7665
1469
29373
6722
1297
22976
12499
12006
25271
21851
19097
23822
528
9497
20542
29376
15710
11591
31662
19906
6300
18947
16476
15442
28512
21910
2111
22039
14854
26884
16922
24920
11787
2785
9473
6252
15799
16485
19737
25457
15103
13507
5535
23105
8617
27319
21548
8866
19633
11358
22839
32445
6892
11595
23003
8146
18155
4823
9946
4393
30242
22200
21731
20300
17225
14294
14864
24435
18435
11610
25779
31552
27070
4103
28498
9388
28122
28109
22000
13890
6413
15259
12430
17291
24070
22902
30450
24009
24400
7368
12711
4327
18554
21754
15429
11441
17013
32324
31987
11841
1853
5828
13609
23993
22715
18894
20411
29752
24299
25988
20499
24070
12602
20134
18109
27922
3890
26283
28458
3999
3160
6160
23213
24378
13141
31984
19658
7151
25685
21461
11440
26556
29357
14030
12292
22086
17856
18625
8928
9419
291
19715
28956
11864
30719
23846
21708
28732
28599
12562
19977
12988
30155
11607
18421
10760
19709
11202
3833
9070
13746
12847
31825
4814
5530
2973
31435
5198
17043
30600
18635
13902
29899
25459
7059
8095
9253
25284
1985
26095
21727
22740
21273
10376
6001
2375
4997
17211
16312
665
16218
11670
5971
5882
4829
23134
3918
22364
28422
11065
13565
17610
5508
19626
28203
11259
26112
3650
16501
24359
166
2837
10224
16921
29154
13932
16658
23686
19303
8377
18895
26269
20086
2256
15874
991
2909
3411
4879
8241
6718
4718
22214
9007
20753
12229
13707
28100
6892
15019
11188
22007
21634
16533
26163
5384
20971
1486
5749
23484
29091
23660
15754
245
24788
26498
12933
32389
29912
7831
26662
12356
15865
9559
13750
2401
14204
19337
10035
13301
14559
18753
6317
20190
3166
2903
8432
15818
20156
9239
3939
16274
31807
13370
304
16074
20221
24598
20901
4246
21078
9489
27099
5566
20418
9051
13205
29189
30925
12253
13162
19895
29279
17004
3623
21890
9537
5187
32111
27782
30685
688
30628
17583
21829
2573
3851
20803
9591
27890
19498
18359
6880
23465
1909
8903
31006
12258
1578
23494
14602
4264
24186
20018
11766
4756
26345
31115
4147
10305
13559
5477
4311
30463
28416
11197
23228
25548
30049
11657
9420
27776
9948
13714
14716
8519
17470
28038
6039
21076
14142
18761
4157
17876
16553
3213
1579
2593
20924
20130
12861
14393
5329
28815
4400
14958
26943
14689
24237
27487
22139
3267
16771
8486
14979
28623
3381
30931
14204
20516
15540
30234
9369
16697
2669
19272
1600
9201
18822
23931
20840
27759
25701
22803
32326
31275
9331
27236
11816
13893
10015
28333
26785
27674
9253
12622
13286
4118
26896
2357
3192
26825
11773
27290
3
20028
10147
16620
28550
29573
31376
9483
15541
28313
29621
17335
26268
29282
10789
2121
22916
28433
28186
24480
30234
3254
10553
10079
5070
13325
5143
7510
634
6555
25851
25405
20292
32506
23526
27304
20677
7794
20432
23863
15979
29897
8501
21773
22299
23899
13776
31108
23323
13421
24999
21535
23856
29630
24903
29121
12035
32095
18769
9244
27849
2245
3893
30571
27683
26141
3902
12388
4675
3039
13263
26216
21841
8870
8684
3582
27917
831
3835
1919
30389
23295
9164
1555
4137
27226
4312
25307
11853
4530
14278
12400
12975
8301
3636
8845
1130
6730
7603
7688
12362
26357
17683
1287
21552
8153
7906
4976
22968
28725
12591
24481
17434
15218
19091
21346
5454
32180
12403
12567
3700
6831
639
31035
20338
3772
30590
17417
6623
13867
22350
25468
15136
7899
22054
24954
25040
6153
13599
11852
25190
29798
19443
4946
12049
12908
24580
15861
1767
32497
27808
30428
8255
17917
16515
22883
21083
17881
5277
8009
587
22632
22
21672
22285
26298
28048
2091
30969
15071
30124
19323
24669
9209
17103
6138
30564
8341
25126
27572
4924
828
9703
12947
2167
17732
31962
20434
24242
31724
25369
23475
26485
9129
20500
26997
15451
13754
17879
27008
26739
15362
26000
31716
16613
22295
11595
18177
12505
27287
17153
9863
31892
25531
28881
18082
16356
20014
13965
32622
11199
11039
5240
1201
18215
16021
29518
15817
14160
18178
19845
23011
21253
21276
32211
29806
1352
10728
22256
24016
17209
30999
26781
23639
6457
15766
5605
31090
4942
6753
24739
12065
1225
4504
3652
2474
29479
21460
2510
4494
10294
6587
10017
4539
12153
15314
11134
3587
17100
31891
16197
32205
27211
14528
11523
7946
21361
29174
4523
30059
9085
26501
25124
18897
18714
12671
27140
15878
4414
4623
10140
18602
851
28940
10548
11632
18581
13774
20375
17802
8891
29505
6611
11361
13785
6711
24122
9354
10629
9731
5292
18677
25913
30531
5657
24168
27640
20733
30017
22828
6964
11246
21694
27399
20720
21534
24133
11626
15650
1208
16169
15338
25179
30233
20000
21236
2473
4647
15946
18109
11709
17124
879
26233
8521
3907
19337
8141
29868
31290
12674
30342
24273
22552
3390
9355
11604
3609
1244
30224
32743
28727
17209
13837
21237
12612
30646
16111
7557
6454
828
909
1632
30146
30333
9309
29814
31020
17788
25832
32382
31581
21583
5499
32221
20790
16675
17696
18633
11812
3970
20428
22446
17396
6353
7386
22992
5353
26141
8632
32051
11276
22295
31969
28088
12228
14940
15627
20360
678
15098
10401
14517
26254
18224
6515
28191
21999
21622
16557
26517
1895
9405
26373
24381
20375
28920
32057
28726
21809
7387
4281
2171
19282
22499
30880
12811
9747
20374
20201
30535
32091
22284
2528
26267
4599
10158
18902
31072
10476
7998
12057
25089
12555
7960
19492
1373
26311
28855
2066
9069
27204
21370
1369
29479
31664
6056
24756
13730
20950
27315
23649
1146
16112
14521
19341
24438
6077
18256
21005
15720
4308
28035
19534
9301
1592
3352
29583
3286
24876
12565
4685
5310
4169
30082
23807
17661
17869
7279
17156
28357
28726
29753
19418
25579
8464
29450
21648
3727
22027
11167
16766
11263
22608
32590
30771
11993
9749
12615
13743
3184
6767
16154
5331
31089
18280
8825
22805
22983
13906
24639
20856
26555
603
2226
26556
22112
353
3333
12241
29486
28423
3618
2962
2797
19976
2214
14000
5589
29643
556
20204
28403
29240
7118
11402
6862
21451
11753
7938
24907
24038
20769
25080
16078
19820
30885
24174
28834
16779
436
3129
8347
18649
23649
1969
29689
17571
12691
12205
400
5761
10831
24495
29478
19502
15418
6747
22045
15767
8025
14382
24402
20786
20764
28268
9796
23185
18587
16986
7033
18231
16415
15534
15901
3498
14308
28996
21741
4810
5661
12050
11859
31072
2105
27742
11218
4090
2405
17198
7333
20727
12882
4609
11171
10462
13880
5308
25702
30452
12571
2535
5036
31757
11085
14361
1789
11170
30260
26545
28559
4900
17997
9415
27750
19344
11889
23907
32703
10564
24663
12268
29615
7697
22107
32227
29192
401
19069
5841
21372
13242
7853
3965
27141
19892
6726
6499
19076
21736
8408
28258
22952
9306
17962
9397
8209
56
25471
32548
10677
1971
4633
3451
29827
30989
12028
12604
12871
31731
19444
23185
25038
26126
12761
4484
842
11733
22546
8050
27639
32677
30040
27837
31999
10515
3516
26306
16796
20097
8684
523
14460
7919
25522
11461
19561
31252
5053
17780
16425
15533
27812
27109
4515
10006
16168
12900
6212
4631
9146
11568
25249
26112
25917
11820
5982
2040
2316
18135
23886
12690
6207
31358
3803
26273
3626
689
15529
32078
4135
14323
17270
27751
21142
29365
31045
21498
20257
30854
13755
29731
12357
18820
14793
1570
5645
25110
14987
11184
6177
17629
4976
26772
10496
24807
25500
23153
16010
10278
6794
8930
25537
27169
14326
14280
6096
18154
17146
3555
7757
20048
15479
20896
9403
8021
4278
8754
24915
7139
19535
740
3844
1210
6218
30382
27320
4525
16773
31238
5593
23054
20309
20216
531
8551
28016
20345
19036
23658
11531
14841
7474
555
24895
11319
7204
32141
6833
16473
21652
21242
1650
60
13755
20056
13348
8969
10222
19768
1887
18697
10527
31056
22611
10682
4774
1835
1966
26658
27714
19743
2496
355
28762
18048
11484
2448
9609
22291
7938
10943
12634
25285
30396
6751
18512
3485
17222
30924
24362
14320
26609
20257
356
2772
18121
8014
28929
10454
32374
14954
29576
22256
16224
20810
28749
12725
31767
29522
17393
17103
30961
28555
27948
2731
32501
19446
30410
21107
13815
18208
17140
23101
27141
6135
7089
14210
16386
24540
11437
30673
7569
761
19000
23492
18485
23253
10641
15924
32694
30501
28261
31657
6086
24806
12691
28180
21732
5032
25906
20673
4225
8493
14805
8327
26721
13106
26893
19522
32069
24461
2352
18819
1223
632
20057
24965
12933
4909
23728
19043
15489
9907
4076
24713
32456
5367
23574
5224
594
29726
11151
24687
27434
24090
24148
23350
4558
13435
20097
14844
19417
22152
32276
22355
10207
32143
20980
4634
8345
13177
32306
6316
2882
6049
1934
29783
17728
26087
32317
26896
25863
29696
21993
32100
29243
6416
32506
16050
26900
13178
9492
5528
3335
16630
14048
16043
20131
15589
6928
15211
18617
14562
13981
20342
6335
25498
10323
24059
5750
29149
23952
15218
11979
7669
25673
18314
26107
12598
7757
25443
17659
19414
14798
6142
13847
24319
4893
242
5337
3363
25525
20320
29996
25744
25211
31016
26049
10308
14660
26717
12722
6914
29592
16119
25958
165
19126
712
6836
18869
29399
17842
20555
7480
19895
7702
20561
13514
9810
911
27210
16112
23019
25569
1084
15274
4691
1068
18192
1863
30056
614
27196
1917
28124
2823
25247
11961
28984
5894
30892
18868
26400
17925
2507
19271
5592
10441
30972
2688
14343
4076
4798
9973
8123
13014
26671
1880
2734
17129
25972
9804
3016
16124
10075
8567
11748
6923
21567
16089
13271
4140
31789
23644
6574
10437
17476
32172
15160
23805
24930
27720
17349
21360
9725
7642
19244
6695
10062
21700
17427
27591
15797
12027
8042
21768
25689
5912
18745
20073
15375
19372
25244
7715
13693
28884
23819
5723
9855
24590
23263
923
20169
10827
30994
24451
4046
70
26183
7100
23521
29971
27402
6446
8346
20219
18264
8051
12412
23175
2402
26763
28628
29659
16782
5329
18660
14917
14271
6957
11073
8726
1494
2444
6778
22705
15225
10637
4090
12001
28435
23933
13360
32112
24603
18822
13037
14325
3738
7459
12045
8685
27623
4311
6489
23053
2229
27679
28332
12247
25680
10149
8533
30572
16676
32694
12733
20385
8831
2806
14922
3668
22424
10579
29314
18177
14287
24375
28020
8080
29750
28930
5971
26481
8785
21175
13925
9451
25626
16373
29467
3249
20808
4138
11138
6071
1489
6915
5594
11075
31150
16679
30339
1863
1502
27940
27937
28398
15021
8361
7416
16245
27446
25079
13464
26940
4647
7570
6335
32541
29636
20540
13947
20476
8495
3363
16527
16031
16614
13402
23576
19392
16525
28038
112
1633
21486
15066
3667
22112
25918
14405
25152
21835
23201
23273
26146
10613
21745
17616
26160
5962
19387
218
11538
15583
10891
15098
11077
11214
21354
18594
11712
21824
10916
5500
26584
31819
4047
18523
21601
8831
26632
13425
12822
8891
7552
27330
7995
28229
14392
32728
6272
8218
29704
22969
24361
23171
30694
6678
2668
8937
4709
30917
18458
12266
8060
8818
4226
23981
31625
28561
20883
15474
10133
1942
21824
28013
730
17513
26409
16852
15746
27156
32119
20535
26802
1727
26887
29712
18375
3807
20684
27547
18144
2474
31854
2023
15004
25038
12855
9005
19749
11874
11312
20834
15469
2077
26759
32520
19895
16070
22836
29257
6746
747
14044
25158
6593
22486
31478
6317
3255
25021
17708
20873
11745
25657
12292
19807
19340
1273
22719
18806
11946
9912
7810
21110
29462
28780
23731
9525
13600
21697
9382
4557
14405
11717
14969
5362
27454
16613
22844
7042
27965
16152
597
9310
30835
5466
23587
13433
21973
8540
25570
20782
15904
7802
30415
29911
19482
24301
30348
12699
25627
9538
3269
30343
13517
12810
21012
10976
13616
22996
23586
5048
17377
14168
30480
14272
19355
19957
3605
13661
4350
12382
1896
16126
3471
32656
5984
12716
31745
22023
20185
31203
31155
29489
26843
15008
24953
15139
7030
27323
17311
24203
28656
23671
7979
16101
26147
25432
16483
25330
26400
3124
26767
3942
19224
7053
8960
22497
30333
17950
27473
15393
21092
22452
2285
9590
9262
15423
17361
22646
2151
7977
22164
12017
5358
5350
16804
11816
26198
717
25554
19769
7309
14630
31761
32734
2747
29572
30842
22871
7789
13141
13972
23461
16883
10423
6355
18169
15878
7565
5470
32108
24239
5842
8725
20208
24420
8238
8659
16775
25203
30151
14064
10675
30628
90
7947
10029
30233
22410
31750
23001
11642
15992
11857
25338
12879
20115
9324
1699
18861
17586
17319
366
14357
9312
20013
26223
30617
9590
27200
6507
6464
8176
11974
14662
21932
27129
22789
3771
4346
23624
4011
21328
21994
28847
22289
25736
3136
12017
6848
14170
28266
23509
28725
8162
610
7800
30433
16727
6614
4071
31092
14909
7559
26861
13403
24795
10223
16938
25991
9200
13094
6757
2417
25506
24070
5924
26971
22199
3214
13177
24280
20487
26500
20766
28814
30769
32606
24516
11323
20366
5731
3753
25078
3171
22030
15465
9400
10587
29619
6422
13338
14388
2148
11914
13152
19640
8214
17148
20919
5103
17408
18898
18363
27539
1092
22198
20028
3524
17617
18156
29250
9469
20872
5347
27214
23623
32158
2570
20707
16300
21057
17124
26693
239
4222
14687
19329
29818
2658
18786
12461
23192
5983
25509
8305
18660
10226
25285
18119
18434
15491
13976
16638
31116
17293
22974
3333
23119
8958
17784
32230
29880
28897
22461
22929
6025
7994
24459
987
25808
7985
17276
23238
19738
16243
30361
10243
19172
18902
12146
19381
29266
9276
5487
1144
10532
30905
22625
30882
6885
10488
26204
25801
15717
4314
13257
4997
31082
23649
18871
630
19363
29901
3698
22665
29149
18692
31831
4472
30841
30007
15078
656
15390
3523
19993
7351
13227
4437
20468
4013
5744
18002
26718
12946
12957
1910
30511
21929
2042
17339
9354
24923
31449
13692
19309
26239
13130
5338
29318
984
31885
18783
18249
17631
14541
24289
20287
24003
15627
16809
17313
26799
10584
1493
19237
2123
4423
15867
1560
4997
2210
9487
8365
11921
26716
8071
24469
29998
24519
22460
23247
6700
9735
31124
23234
8235
24519
20830
2953
4005
3370
20989
31374
20015
5124
17993
4698
31483
14923
12722
2219
29858
9416
9255
29383
27680
11794
1334
29713
10528
10685
6772
15066
25467
26575
19743
16249
22011
3187
29442
31134
28260
4082
7833
32739
16053
31454
14966
17828
5035
12945
29667
27409
21639
27094
14537
21377
4113
2533
19664
30218
23261
10133
14792
7246
25293
22733
8008
919
23511
32315
9620
5159
10760
21833
6084
8905
27849
26189
26915
28844
20322
8960
10710
23921
17084
18738
11966
32643
1131
23996
28831
5799
5867
21429
26241
3284
3882
13289
24406
31044
23367
22662
7902
22987
26266
4377
16840
30312
16116
17081
11546
8986
7976
22658
3282
21492
714
6214
9677
14196
10038
12158
32489
19217
7636
3207
9575
7699
21403
22539
4243
13991
12756
8893
26790
19763
15393
6985
13547
20967
20413
24714
13601
28821
26629
17406
27169
1730
3128
4216
4544
16381
19067
10517
6647
19567
25632
5233
20289
26036
3879
18459
19013
5609
28933
18502
24757
29958
13989
28609
7542
20590
28077
29737
1025
28869
770
31325
8969
29186
2702
20274
14942
25029
13377
6248
30737
6122
4693
4573
4313
32094
5335
11009
14261
13617
24163
6282
14547
23533
22063
11881
15281
20775
6986
5628
28802
16211
15654
13445
11475
21981
23893
21979
15214
26997
7824
28511
25470
28330
1277
3890
27381
698
11186
19365
6187
30376
29557
18161
30407
4240
3781
6953
25571
30520
3871
17004
9579
31719
22394
20319
4294
13946
6164
2522
1209
10164
14192
17378
14984
21974
19615
31448
12894
5999
3776
6383
16110
118
24003
27364
29787
9622
18546
7657
32341
10697
13233
23010
8582
18984
1796
19411
27692
23554
595
13465
23047
28971
8426
20441
28533
5782
11716
10039
4060
24870
27913
9672
4936
15554
32469
32713
24405
12712
24379
17041
1872
5123
10122
8388
14233
20927
29902
20170
28747
21148
6042
895
21279
7809
28933
28972
2190
15892
8435
19127
54
2439
27030
10518
4223
22964
27700
25865
14718
20333
9002
14601
3866
9485
15665
16251
3693
15955
15840
8490
25197
27249
1906
2036
23499
3167
12746
10692
8219
7541
21172
32704
21558
15929
7022
32195
17884
18806
28519
24077
22686
7566
22598
21817
14843
4112
31534
17008
8394
16269
29504
12253
7128
14248
13666
14176
13265
7021
24895
8071
25700
18916
9103
17594
12450
12517
3481
8885
22183
16941
1526
4668
26237
16050
13975
3849
16445
19508
7178
6666
15735
2325
6648
3017
2516
4714
14579
27436
28410
12370
29038
7262
6064
7303
10253
31757
3651
5938
16160
15062
31272
15876
24938
3325
24802
22914
27174
610
28199
5280
3660
6832
1854
21138
11024
27096
11691
5855
23979
24766
29966
13239
18527
3633
4169
12934
10421
27681
14817
10953
8970
3340
31655
31521
26441
15802
6551
6309
4858
28458
9216
26749
29820
31948
29925
22445
5006
8945
7331
9518
8981
14719
469
4675
16409
1769
14453
27914
8720
16222
21572
10577
8287
1089
14955
31660
12574
30682
13922
10948
17691
14667
22033
2802
9506
23749
20789
22541
13436
13307
6
24960
15542
31447
9495
15519
9892
15468
3709
28987
17572
1069
21043
21619
4647
12124
10685
1486
3182
29381
12556
17031
2194
26795
3234
808
10951
15107
15094
5978
25313
15840
5402
13308
4632
3631
17051
10098
15880
2212
9385
10304
29948
11508
31863
29143
18283
16709
20709
9134
31427
18914
22365
5781
22886
10548
25594
7239
17394
31726
9456
23870
26566
1415
11560
18635
16066
16621
4650
19301
15437
27000
8512
16194
19357
4124
28632
19236
819
4324
19243
9078
12708
31899
19228
24983
10143
19148
3171
25974
25388
26606
21994
30047
50
29656
11639
4116
4668
17531
8076
9504
19324
207
16012
10088
5393
26638
7454
11779
31877
6433
18390
5963
6810
28247
531
25140
22342
16733
18979
12765
12028
11115
26798
12133
23853
5563
3921
15872
4111
11839
19081
13642
2461
5267
19155
5595
20959
21297
18705
27675
24171
30948
2608
21847
21292
26239
17928
23317
16482
9422
30083
6309
490
22221
19458
24313
9152
7192
24572
19127
28610
30627
18152
139
2230
3755
10334
962
13967
21484
3193
23317
18412
29461
27007
30658
11490
4217
13508
4834
12027
12551
31435
29942
27262
24188
17071
23491
27889
23511
16577
29280
7389
32269
7283
3981
20177
31999
19829
11846
11177
20649
21533
21656
19472
28316
20748
23732
11588
31662
16399
21570
25370
17904
23107
26103
11073
6880
25469
362
17866
19936
26344
13603
14056
743
9968
28405
22005
4471
17503
5775
19894
5071
24774
13901
29152
30305
16415
9812
3547
7046
11696
28125
4293
26481
10291
20177
15034
18529
6451
12183
12115
3867
7097
22313
4460
11160
5672
12142
3115
8699
11110
452
27966
19398
18236
25051
13411
14668
18944
15050
15406
18282
6001
12892
24583
15730
3298
22187
17266
1896
8859
18929
7827
24689
15484
24730
13297
392
28131
26014
21370
10355
13520
30989
3783
2805
28743
15596
674
2630
5622
17471
22981
15040
27416
30823
27877
5083
17561
26798
9199
23643
4731
14369
31890
9928
14968
7582
23037
29215
1513
10797
490
17095
9958
18835
27355
18374
6319
12581
16291
24629
24394
12507
15401
5361
27246
6821
18281
23188
8096
13314
28347
12196
20380
26062
9816
27402
6902
7771
29466
20165
2561
6596
24963
13023
23536
1150
28161
23712
20795
11312
17008
22019
30021
12997
27873
22886
11067
30655
29594
9605
575
11214
27230
19881
5318
17057
27886
23069
30526
14076
8911
19682
31221
21771
12366
24227
16950
32502
14530
2027
32437
8117
22033
10902
15148
16422
10613
28550
5959
29276
27008
11415
25790
1850
4446
26324
28864
16961
5467
17643
31896
32679
16548
1502
10635
169
8274
20476
23551
21026
8100
27664
23011
347
14732
16600
10314
4901
25454
8888
27737
28965
5412
19376
21348
16752
4677
3980
18004
23640
22695
8282
27724
21637
22562
30497
16524
17735
22423
13520
16277
23338
11057
3957
28557
19147
8171
8111
18406
10731
16467
8806
15419
24258
22157
697
28282
6549
20378
16440
19528
3211
25563
1364
7073
21949
10448
531
15039
20364
28710
24329
5950
15159
6129
23683
8317
31149
12342
29189
14663
18079
6572
503
27827
10714
451
30107
27208
4820
24550
21826
3429
21124
22525
12480
29664
26487
9783
27677
26606
20513
30726
17549
8515
22385
22123
8610
8570
4008
1395
1729
12214
28522
32002
14547
14218
17685
24271
27708
3862
29779
3504
3857
26739
12779
18968
901
29266
12765
30685
24229
27615
31661
28991
32582
12268
22783
2855
4411
31563
4708
11948
20683
29307
28276
11227
8802
10888
10013
10680
21126
14636
18746
22400
4621
4154
12903
17201
653
10300
8468
31052
26389
15963
2777
20954
19738
10624
11529
3757
16820
2745
2954
12008
26379
23774
20964
7106
32267
10100
19095
4742
14432
22737
24754
28638
26270
2945
24481
16466
22207
15081
25927
14860
30419
11050
14925
990
4083
2121
1209
28038
11639
140
2242
32048
1129
24103
27618
30268
28473
25623
11822
15682
20913
29263
19939
15699
31020
13586
18753
12930
19715
25504
29340
32163
25417
21012
19120
25939
19896
23181
21813
26681
13034
24972
7091
1163
1997
31133
21144
6355
32081
27194
21640
16883
30307
7660
26612
23142
6687
15283
750
32458
22081
28584
315
15259
26077
9953
170
18498
12369
17045
22437
29518
5239
1664
23046
9217
29727
18057
24620
5390
5052
6051
17485
11425
8797
2033
18957
5536
32223
8749
9296
32304
1889
16458
3405
8060
7161
29016
9445
29362
1445
30377
2354
14157
30853
7218
23906
11930
28743
28723
12998
12405
482
7707
2086
32084
30087
28838
21336
29064
15572
16200
18704
32191
6476
19150
22266
2252
1796
19779
1030
7851
16286
16656
11012
4287
27003
9064
17264
27487
18221
13795
11407
25745
31531
873
11963
10261
13257
11346
9978
9382
21351
15819
4310
15996
26856
6268
25193
2837
3174
10856
28344
31285
29731
20
16962
4140
21955
28907
11736
5463
26553
27361
29614
24297
5888
8535
19123
5355
17675
9022
11294
6530
8702
7296
8009
30065
30494
18075
30659
28126
30086
19599
14753
10073
23837
9723
6164
31258
4036
11651
16961
23434
25812
30324
29260
262
20679
9643
29366
8159
13621
20915
3562
28325
27907
11821
7186
19365
26839
1653
9007
11440
28622
19330
15721
15390
22642
14606
14755
18195
19942
22007
10835
24833
30052
21478
22161
24686
2026
4654
16750
6392
13359
18423
15238
30358
23772
6555
13017
24096
1785
7504
13526
30482
3237
4872
22201
17037
26635
21397
30743
9118
10897
15121
5047
15555
29778
4733
4772
18091
32719
15528
21888
17470
5601
10834
26651
14301
32243
22930
4933
15851
15981
25717
16608
12428
16755
25320
26169
14508
12752
9176
26776
28740
9261
407
12309
31192
24711
21890
23726
12613
24544
20193
20887
22969
21044
12558
2769
27907
16558
15578
28926
28685
8220
18732
8052
28838
26529
20203
20624
4229
32681
27678
25676
16779
7458
8786
13588
5961
23786
21564
11990
20930
13187
18080
23641
1394
1294
10354
24271
1167
31095
26170
941
28046
24813
19645
27834
745
15509
16089
32358
12320
16255
689
2142
24574
23513
27146
23645
2077
12386
23029
18245
3500
27170
30127
8302
26480
28249
28869
25406
8457
24757
19579
1786
9079
22983
1135
2267
26332
25016
28282
23653
29059
824
20951
13812
18466
2744
31111
25496
13148
17881
17907
10274
32394
22308
468
19583
5051
29179
32336
23365
6393
4815
14949
14988
29391
1940
6539
6143
20488
23666
28053
23347
8888
190
22489
4663
10881
14376
17808
3180
29711
11318
2944
6038
29157
12785
25816
4916
4700
6110
22875
19981
30440
4143
20160
25100
12446
2875
18777
589
9715
5676
8180
28536
1479
4599
9983
1614
27554
22162
5871
7297
6461
5729
12770
8137
26948
5617
27778
11060
24410
3048
7725
1726
31070
15676
31828
17697
9708
10660
25889
29678
1063
23628
15709
4573
20662
13517
26000
16225
9229
15452
2666
23936
26094
23361
21601
3810
6703
652
15004
20264
27325
7683
32016
5247
4833
25182
2537
12148
4034
19383
21035
23818
14892
24636
20889
16137
11663
2855
19926
11930
8267
9200
4298
7441
4394
30144
8775
30474
28206
23338
17644
15799
6286
16918
14922
19064
27131
11261
4678
28844
7975
32348
2494
29128
19336
14178
15472
30630
14938
23276
11799
2335
24803
11188
28374
11483
17914
1221
24282
11880
714
26419
21820
14730
16596
4104
11812
16338
22835
10881
1076
23666
31012
29307
6436
10832
28613
23336
12713
16473
2333
3590
26780
18456
6749
22034
15704
25223
9061
19257
24932
20261
10634
21007
2386
2376
12183
17347
17638
20405
28433
21075
8827
19054
14016
31996
8611
17099
4714
10485
14606
8652
8162
12892
29613
10414
13634
2417
26902
6076
15476
12290
5419
14184
26615
11046
21238
30618
9439
15662
32472
6472
28190
31705
995
5703
25859
5831
22660
15201
21248
25136
11877
10407
30896
31190
22929
11272
19992
4152
13018
10787
6190
15881
31096
2394
30615
26080
30706
21288
21685
49
28738
32692
19681
25468
4916
8102
1269
23748
1807
22585
1294
11331
16759
26001
400
14940
14482
5968
13674
6353
12138
31588
12699
9270
8594
11042
17909
22950
4621
28313
26400
13492
16747
10784
13795
10660
3893
18994
2975
4060
2699
8572
12316
4245
30220
27955
7304
28118
17142
29611
28605
13731
18318
28966
30659
13682
13507
18154
29846
16862
3854
8342
30761
9887
11932
949
1962
21178
2735
32148
25096
5365
21570
25425
4019
31886
9196
22581
8099
12844
16134
3651
13723
23830
14352
29969
19887
26787
28241
19159
22788
15858
12478
17350
6103
17882
2077
15259
21696
18212
27754
9587
25912
29944
27002
11745
4954
16790
30430
17214
21734
18759
1802
30784
29579
27026
4535
29902
2662
22706
7557
26899
31942
20808
3301
14034
18994
9806
12854
17657
25517
21324
28462
12664
26168
23758
25468
21843
24217
5397
28331
20214
31323
6413
2378
1738
18966
6527
14666
25093
30960
17544
9639
6086
7524
25418
3403
23649
1858
32737
9519
22263
12023
10136
8643
5451
10767
7517
28560
29136
18680
4211
24347
8199
16905
11111
18445
21255
3522
3909
26514
12893
22614
3851
32255
4375
11366
16222
28599
6940
15120
11900
27983
27839
25896
22642
26352
18579
27077
11151
20221
24448
24064
12568
28662
24342
20984
11837
22941
14882
18202
20812
10583
24447
23455
16165
12756
21295
20309
5358
17906
23978
17827
12808
10975
17782
26823
24129
30078
18168
21091
8267
22285
16010
23864
22637
7428
14542
17457
29560
26688
23873
12963
18941
24416
26387
10707
32701
24688
8246
24505
30561
30149
4789
31491
11883
4647
25671
20573
5485
22582
4132
1264
14456
28934
29463
14888
19416
13837
24020
9915
28926
12863
8589
16615
18366
15991
19136
24059
8123
15641
32339
27416
24095
14581
11490
9017
27535
27503
4184
26225
15966
28125
10172
5748
21760
6705
9550
7257
13506
24280
723
31646
16569
2530
12333
5741
31992
20322
4142
1821
4614
3864
14254
13052
9360
7501
8923
31308
21850
4863
21713
10635
32123
26942
5483
4088
31434
25558
16728
24402
8340
3886
24689
14563
8336
21872
30281
3005
20
28394
16646
10308
28040
12725
23152
11500
2588
1172
28488
12356
31670
31006
219
19508
23342
20768
25815
28290
21182
29501
30556
4763
180
4823
13142
18577
29290
3891
9483
11616
19320
19927
27376
14453
27944
5175
14529
625
12843
9361
4304
26922
4746
8726
10142
13554
17375
74
9640
8989
10692
429
15235
31165
10892
2459
15403
2224
15409
17777
12697
15325
15758
28913
8083
8890
28622
14824
26824
4370
9253
1805
2588
15621
29118
9773
8257
32336
2036
9605
27527
4814
28868
23664
17909
3135
22402
26434
16280
19273
10188
6771
21787
11196
6333
12544
29848
17946
30818
14862
17582
27223
19314
2512
25044
14301
5433
12716
1516
30419
23510
17305
19996
5791
15526
25804
4825
30121
9472
29587
1604
22114
803
17537
3258
9606
876
15051
934
30110
11725
16370
27290
21448
30586
24226
8863
22970
7397
1243
14281
8453
22509
12622
26894
31639
18002
4106
25175
5508
5229
19031
23768
25606
16414
3554
6557
1474
2053
3867
27238
30796
23285
2780
15541
18158
23461
2891
23333
5797
19625
29697
22781
13165
30881
6508
23557
702
27313
26481
14489
32599
2865
23382
5115
8762
29861
21728
238
23800
5359
696
19072
2350
28355
28179
24871
29008
3932
27026
7695
22181
3181
26471
20659
6291
7771
31418
19115
24861
10921
2123
24004
31402
21172
27224
86
13064
23200
3009
3026
28592
31890
15978
18843
22348
31775
20705
16919
13430
3589
10049
517
30147
26649
23382
18961
28416
3457
10241
23717
16315
11043
9182
24067
774
6237
3877
31377
11383
20471
14542
18291
13939
30038
16121
4447
1452
14834
11916
3501
9705
14090
17950
8622
17414
3990
24596
13375
2363
28285
18441
15774
15265
13576
32628
2428
18417
28054
13700
24403
6287
22162
30287
1273
24008
6563
21804
20342
11096
802
5725
13843
3888
19921
7154
7091
1398
22218
6633
16998
28108
19893
21914
7484
26069
13630
29779
29783
11509
18375
7487
3908
30041
5209
29324
22924
17976
26593
9676
13701
21336
22169
11164
29038
28115
31172
21124
4795
29211
13726
16671
27566
22332
7059
8060
12071
17249
15535
28611
30397
18842
86
23068
28429
13532
21301
28620
7762
1098
17016
10657
31031
31922
22333
9617
14825
29531
17993
26526
11631
13822
18426
8701
27454
13330
11389
18550
11016
19788
65
29454
11478
26983
21676
21476
26454
15649
268
17497
28790
24710
28624
11635
21553
6768
19448
20356
19881
1359
8906
11526
5751
28966
19911
7370
16447
9942
14557
18258
19591
28831
22750
4987
30409
3044
26161
18014
25798
26670
12232
23161
12574
22388
6737
21002
1054
5018
8113
2236
11993
15671
25262
18565
31866
14235
10987
9679
11736
1553
23834
26326
21323
3681
17261
31313
30911
25753
14925
16724
22534
1037
5455
12405
1395
6557
20580
3118
19108
17206
24912
17538
9119
26780
15709
13283
4641
4454
26448
17748
15154
23626
6556
17867
765
31642
24790
25817
6879
23311
14953
10380
13758
21190
2955
22677
22172
2952
1135
9382
28011
30798
17340
2590
13859
2308
20031
15592
3603
31374
11996
6048
13172
26633
21195
22264
9028
339
30209
9307
2386
2765
13291
13264
30357
2655
4194
31008
20929
17853
3292
14395
13852
30185
7647
29912
13454
21498
5308
1372
11000
25371
20857
19709
9671
7126
20751
24871
32713
23699
27606
7710
13375
17243
22589
28390
5939
21730
17854
19552
26636
5317
9233
14261
29279
29456
27296
13303
12552
13059
29756
774
10106
12054
17166
10673
25939
7738
16592
32542
26676
15970
20285
19308
20431
2114
15557
14742
6209
20566
29062
8347
20131
31015
26744
26588
29659
6858
18663
2757
440
17321
13351
32687
17983
13958
7043
1541
2367
18876
12918
8102
12332
19400
20766
14731
21545
4361
23277
18346
32359
3780
32162
22554
32430
10091
23671
24951
4153
3103
31644
20616
16583
22387
32741
6431
19951
17779
5824
20033
27828
11493
6761
1415
12121
7630
18017
2500
32119
18744
4124
8424
21068
5683
30713
26917
13654
2074
26232
4432
8480
23063
27048
28809
19549
29673
26334
16670
2355
7141
5292
685
11993
2619
20753
18313
16740
16763
10222
29023
19422
20568
7609
8474
8345
24747
4725
24067
29634
14267
20706
14381
1081
3003
7665
27152
18080
21140
23674
15732
18099
28133
6449
14225
13015
22600
4823
20596
17909
14296
4781
14756
904
31216
10542
30726
31221
23605
8957
21758
32540
1750
18973
27351
6956
7186
18272
20581
5563
24827
14370
10216
22806
25466
19510
5428
8149
16788
33
24335
8371
30187
18310
16347
11421
19848
15330
10613
29449
27351
9082
92
24713
31219
25745
4630
19360
31268
14557
19151
25556
16551
13628
28228
5892
6317
31140
22495
24828
9381
7512
1571
14663
25790
11106
30027
4932
1704
17213
3374
9341
25243
12754
9830
25907
18843
5798
27313
32574
2298
26961
5271
7956
18206
29490
21070
23335
7557
4449
20442
9588
5125
21221
11384
31576
24921
18215
24381
18342
5337
4263
20219
11000
3465
4078
8548
7746
25173
15044
1394
9133
8091
29602
32006
31138
32234
30058
27087
1060
30218
10070
24941
24676
22076
27950
3286
22159
15554
18367
5881
7659
7074
22920
28322
10018
10664
9142
24478
24798
25770
3923
18207
10901
2319
5818
26466
27047
8850
9038
7822
29862
6724
29547
1248
18676
26064
7325
13829
16020
15363
32272
18887
11834
29324
14152
16364
15780
26880
30482
25435
17965
9505
14011
26753
2464
1119
13695
19187
10570
9887
18500
11861
4947
30268
20873
18042
23118
29003
30105
2764
11022
6180
24324
14575
21691
9502
10063
27297
5926
29081
14315
17125
11098
11330
14180
30304
14964
17554
22235
13059
14004
12184
5046
10986
19155
27129
16790
18052
21399
23349
28809
16885
6054
32299
898
14776
12696
29408
2822
27273
24655
23932
14375
10370
12683
13973
31670
20868
15033
28848
9653
16088
21516
5893
6411
31254
2511
18819
26491
14662
14330
14868
27095
26182
1027
3874
10353
13676
10486
20314
