18797
8046
25551
5357
21125
982
23240
22959
17524
13737
21933
16935
24789
15207
7949
5240
9169
29926
23159
23748
17555
27125
10383
20719
6651
27712
20832
8613
14231
4212
26868
23710
22223
17059
8738
17440
24671
31209
17320
16326
10763
20304
29562
19073
15501
31729
19545
476
13779
604
29094
14980
7015
1850
5497
15879
12591
7473
9454
5596
10326
2056
3775
1956
14986
15116
22552
9903
1384
5810
29606
7874
14900
10621
3826
7191
30158
30754
18925
29862
21729
4331
3275
30371
6238
28249
28693
72
28201
27917
27386
17620
12818
22760
15335
25300
15110
21874
16215
12193
2182
9592
10475
23594
25689
5626
21181
22259
19582
4164
5874
3934
14693
5978
26510
32298
5215
13465
6284
5945
29266
6044
4143
2198
26289
27997
20883
27318
683
12956
5511
17918
21667
1413
26015
4486
31713
14989
28036
3869
9351
14493
30351
10381
32710
24690
16790
12832
3153
836
13062
13922
17170
11429
1330
12073
31773
17325
29931
20435
8162
18260
7249
17615
30886
10783
28648
3167
14388
4351
4591
19611
1487
31094
28653
19130
10348
2811
24204
26509
8478
6048
10154
17740
18898
4082
16046
31381
19516
28192
3864
30386
1297
23648
6493
31515
10103
6799
20977
20027
13498
26391
30373
2935
7232
28438
20019
13421
6079
2493
1559
26489
6061
17142
8865
24446
21496
31049
13641
8419
21752
4864
19778
30683
2210
3721
22098
11242
14334
29213
23008
3237
28891
24223
22095
15289
14273
18887
8330
22574
5671
9087
992
28397
22758
27277
5139
21632
4846
29811
26027
19482
14391
27795
8336
8151
25851
20119
8408
3652
9507
24592
6622
12578
20479
27997
28564
16743
19513
19919
14874
23686
20492
29451
10127
12016
29105
1967
12327
10203
7194
24888
20605
6722
15331
18723
15915
28461
14470
24914
19097
19762
3534
10162
26642
22844
6542
23835
1309
29835
29074
21367
12810
7164
21974
26407
17611
19595
4854
10146
28421
4374
26854
29535
31335
7524
18915
2806
7995
6757
1449
24450
10554
1979
13543
8265
24229
22138
30960
19359
23953
8492
25523
18183
25475
9497
7149
17052
13116
24773
4509
27567
3286
31673
22201
12978
27664
23430
28703
10324
231
2568
13006
13806
5734
20712
342
13598
23486
11876
32141
10929
17305
1875
644
10439
28076
14947
31417
7217
20107
30886
26254
2334
2498
1869
9978
31479
12833
20147
24703
11143
25687
23197
2652
9567
28611
12224
32259
25977
390
6787
6861
16411
1501
23303
20973
3326
13230
21092
11939
24240
30304
5430
11954
18743
10736
1881
32531
31735
23873
25840
28907
13014
3764
23724
15035
17053
5881
8011
22998
17569
13861
2142
10265
9636
30468
17488
31190
7158
23728
6052
22545
18655
3682
11134
10991
2370
30089
869
26731
14714
537
71
6987
28808
2342
5309
22098
30320
29105
3729
26552
31200
9154
6526
24791
18707
28087
24374
17959
4597
21467
26794
31596
28040
32314
9349
16430
14982
14516
14073
20586
2888
14673
30399
32135
10982
8404
15193
21387
32160
27027
24731
7823
16508
14469
9065
25713
27697
17565
15298
9928
16196
18518
22526
285
13169
12688
23891
30552
25164
922
4510
2168
7464
8080
4704
22919
15416
26343
15623
3277
26868
27718
27760
6469
26558
9879
12201
13901
9414
23135
24059
12193
2091
11594
11304
13706
21859
6155
9969
32083
6620
10850
14043
17917
28387
21886
4403
5428
4806
12422
14928
16513
7477
27507
32024
5824
21230
25632
31686
15829
23706
4516
15850
6299
25841
14815
24496
18717
25125
9555
18022
8969
3710
17717
32313
8801
21569
32708
9535
14964
12503
5850
1979
4365
21291
23745
20892
31210
31060
11079
31046
18031
20852
20757
18325
15772
25056
26940
8479
20541
15489
20753
29882
23904
378
12347
29503
6924
29962
18186
29837
30512
11444
30475
11728
1242
6046
14809
7427
18857
26168
31285
19891
32645
5405
857
23302
7821
7998
31370
21245
17233
6973
5869
24310
17730
18455
2971
21877
4455
19718
22519
6435
7505
12454
29248
26903
1616
19286
98
1621
12519
14561
4882
21140
31870
3422
5913
19525
24407
20820
28912
3024
32451
2338
30350
9761
6038
19358
15230
6243
19160
11261
25396
8459
8893
31475
28065
10777
25559
8986
12805
10394
32395
9368
31749
5490
13506
29693
32509
25432
18400
16490
5015
5666
17146
25848
29597
24387
13636
2391
26635
25490
28872
13750
7529
3661
8542
24035
4695
5469
20440
10164
21610
4827
9597
28837
32566
22484
953
22210
12716
23625
17426
18632
28071
28794
13406
24967
5569
4965
9011
4746
32107
4745
4256
25082
16189
22255
22298
16320
19850
875
24761
13802
28984
18464
15525
30800
10958
3906
10443
6007
10703
26400
25556
23221
20039
19809
23383
1430
26787
16269
2637
3199
11205
13520
7110
31889
1368
25851
9691
6864
20577
204
4324
32389
5655
16239
32491
10977
20725
25924
18272
27618
26125
10211
23309
31355
18591
4958
9293
11247
31722
21702
14201
12414
26434
3568
26532
9539
12387
5752
5000
32093
4101
19975
16063
1613
21681
25554
19255
2975
2002
14179
26336
24013
26895
13980
423
16480
13272
23801
24488
856
25407
14357
7071
19406
26634
5488
11680
20440
1286
15727
18953
2477
17822
24484
11444
9737
17067
5200
9329
12755
10638
5926
29363
19198
14717
8018
21385
22701
11034
30906
16848
3738
13898
17028
19368
16312
10820
30424
2852
17431
19432
8167
5958
30216
28243
24108
298
2691
31152
9201
12673
18629
21584
18966
14913
25917
25086
25102
28827
937
3468
26922
25390
9341
4274
16666
122
388
28185
4529
407
7625
20914
30696
27942
3256
19276
9766
18057
13441
5990
22974
15695
4029
27201
18873
28914
12884
28986
29399
7365
5534
32343
25808
16424
28616
4640
29919
5886
6778
14256
31105
30305
19638
26379
29563
24980
11268
25010
18458
27448
30924
15733
28862
14019
23043
4489
17306
11823
3081
31194
14773
16367
30418
25762
22068
14631
28485
24123
4828
4124
10209
20274
30163
13034
5286
24732
13478
11893
17971
31405
2192
16801
44
4486
6138
12486
3806
13391
6462
27998
8230
4742
4784
26113
9102
27542
23519
4756
30138
7340
17432
4285
23299
16582
556
25753
3425
5901
20851
12722
24974
9060
24593
43
18280
15681
29304
25150
10648
187
24623
3561
28785
21989
19921
16099
11290
603
18520
29909
10736
31002
9627
25031
31014
23701
19990
7384
8878
26373
21482
27955
6237
11520
31524
16702
8010
28237
5954
9749
14711
26871
25076
21302
21171
25248
12063
7806
13502
23576
8743
27732
1711
9006
18542
28708
23443
14022
15640
20751
5207
12588
14866
1760
6376
11432
14930
834
11416
22099
4448
31537
25028
9000
7189
25775
28851
23390
28322
31928
30146
28662
9173
26999
23230
20112
12696
19642
28562
10114
26299
23204
30242
23083
30195
18593
9590
31621
12834
10399
26651
11002
24536
1148
22982
10617
16410
19898
18491
26312
14435
30074
15213
31004
15337
16552
18663
13031
23073
11379
13930
19185
5765
30464
12248
19114
28053
8287
5200
14015
11036
30654
7835
9707
30132
2268
27847
14864
13196
32193
11025
12166
11369
18605
26121
30386
3307
10830
18416
3035
12050
26677
17765
314
19456
18315
32065
28496
31489
8192
20415
16253
8648
6917
28896
1229
14844
29499
31245
22293
4083
18475
16126
25663
24253
23095
27100
11234
28004
17104
8866
6422
4466
31978
17865
28294
15028
20909
28196
14534
27710
32110
22025
15079
18095
8413
21425
2377
1974
21120
29921
18097
8917
25696
32202
14235
22373
12802
20271
8146
26587
2712
30661
7741
22089
2937
29919
31484
18984
32463
26186
7092
852
4751
14710
4646
32344
31663
4055
30983
11756
22931
25739
4875
28092
28104
13629
24644
4715
31732
12873
7594
15064
26125
14881
25339
18080
22730
9199
21189
5604
7255
7548
4288
30284
23885
8272
29282
24907
481
16923
7598
28581
24412
25683
2637
9775
25547
1823
6367
32726
2039
17268
13459
22755
7575
12413
13045
8062
19909
14401
26120
28016
23471
8064
5269
28461
32655
17629
19650
15377
28125
23363
17638
1002
24258
9089
16028
13751
10705
26935
8215
943
18930
18166
14261
26757
23966
30115
24022
4587
30546
11036
26862
21589
21053
19486
10201
3071
16188
30055
22127
3889
24073
8215
16473
5570
30384
25948
1571
14811
1858
9550
14481
30205
22988
5400
15927
17477
13962
30809
14148
17135
1625
2506
21407
538
31083
22304
20277
24266
1598
5172
2193
3891
21711
10593
26029
17461
27147
301
31495
1059
10118
22828
10488
8904
29551
6690
9025
31404
7364
31592
5863
19347
20418
30097
25154
25159
11936
18508
4944
28055
25212
6028
8271
9376
14486
25575
3722
8779
8124
25148
31603
6679
6661
30361
15346
18969
30402
22108
1533
20033
26802
5528
22633
14558
19573
9146
5375
5220
13123
31596
211
12909
1502
2489
7889
27647
21445
4210
6297
14093
8875
2001
10637
13632
21031
17245
16423
8183
26541
24077
18833
13708
22205
12720
23407
3033
6490
23948
12287
27642
11454
8262
10341
6997
17996
2306
18752
13784
21702
17354
25985
32130
8640
1332
27517
17189
10069
22847
2113
19562
28184
22911
5413
23317
1869
3706
932
14730
30554
81
15210
28816
9336
15011
7855
2646
7598
18350
10436
1716
19968
26295
23275
25778
28644
428
27500
25934
21749
9737
27365
27514
21995
1272
21474
7525
32459
16060
14509
11003
19291
32079
872
23983
2009
8778
31832
21880
10732
3078
2692
5913
13787
13825
25215
20390
1021
14467
6018
28996
31345
27521
17085
3376
3854
12481
13551
3843
9629
10559
26165
15668
7750
22992
6175
8926
10313
773
24073
18115
11503
12370
32681
21394
26303
17007
27108
5477
30964
30975
8678
28814
6959
16240
28273
13715
11626
16674
11125
30327
18477
2251
31714
16699
7428
12058
19898
25509
15152
23706
25706
7232
3229
8922
23898
23716
7956
28875
25283
247
3506
9833
193
8372
7833
2973
20649
23723
26853
11874
28316
20042
5858
27688
27996
31770
6268
10869
15455
30604
23030
722
13346
2038
21215
26085
15552
1753
322
31195
17091
20837
9502
14345
28218
29503
20501
3538
20492
28289
7528
1227
31115
17667
9763
13853
12876
9945
1429
3371
16439
27164
515
7541
30170
12270
11678
4028
31490
23224
5041
27240
909
14774
17951
14630
26746
3510
24333
22485
22338
19228
19164
25763
2923
15658
28250
7539
18010
28286
32057
11395
31081
31452
5312
10315
22073
11822
28352
19112
14666
5321
16586
9017
8904
24818
7071
18697
12712
18849
24296
20335
21748
18053
5415
563
10083
19783
19438
11506
10541
29715
15439
29124
19485
7509
22419
29467
1512
4288
3118
21743
23741
9621
22259
22808
8733
25122
29829
6907
20461
13449
18190
11880
15306
10434
17459
9667
5276
16355
32583
17250
24174
19615
9150
23095
24701
30989
29669
8623
14734
22955
8145
217
3717
12707
2197
5323
1844
19533
17337
30274
3441
4084
29415
648
619
11741
17382
11163
24126
4997
11469
5003
28100
299
14448
30500
8878
27022
30495
11213
10708
32504
26512
13488
15306
4475
27673
13083
23476
8827
8226
13862
30811
20845
8667
11671
9088
1501
9258
1026
21360
31414
23784
9269
25304
3774
9036
28115
17115
32352
21159
23870
4962
27310
17746
27322
5555
20902
31717
25808
11590
23476
17578
18929
25299
8825
30546
25948
7600
21707
6374
13122
1882
23549
31744
20519
19794
26208
12602
30603
13610
31497
23527
21962
14047
31445
16129
12609
4457
12971
5731
11954
3473
25345
4152
13545
25347
24738
31412
13216
29604
12974
31234
20897
20773
20962
23165
17962
16601
27929
21282
24981
12739
22291
19525
2360
22772
374
32388
10891
26644
10514
32250
27016
4670
5993
1461
3672
21265
7535
5993
30251
11267
11150
17253
2920
19449
10989
11463
2310
21781
31730
7660
3385
13519
15878
16683
16210
16968
17560
20931
3296
5850
23908
22801
16924
21748
19445
19463
388
20773
7784
7385
24261
20854
16244
5369
8414
22269
27047
2886
28547
9647
24562
19073
28607
32374
3944
15360
5086
16260
32323
10918
8842
24294
11304
12818
14644
29532
18348
11799
19894
16232
23830
15980
29494
29349
25190
12965
26189
5466
17559
29282
9320
21071
23074
13767
4719
4831
24259
8748
30373
8527
23679
7957
18896
17758
9702
30564
9113
3869
17814
6861
17973
17409
1792
5003
3397
8759
31855
1105
17403
28215
9798
17028
9855
32412
8072
24743
4753
14899
29598
15639
11119
15442
341
26872
29945
4971
3879
31599
10771
19936
29883
9489
21067
18713
32175
6044
23228
30421
27028
5605
13873
3261
11578
16402
18574
21055
22830
28681
8556
153
18818
14889
18948
26932
716
26167
10830
22068
24689
29851
18794
22861
30756
972
27966
31960
22185
10761
23905
2854
31199
5962
19767
24596
11261
4982
12638
30943
9244
11478
1097
13882
4086
10954
15915
1182
27373
6330
1047
24290
17999
32080
21093
24331
26328
4580
9815
20837
23416
3640
27389
32211
29015
23654
11605
7011
10519
18710
23479
8741
4441
1012
5232
28478
10882
1122
18350
28472
14271
9833
12444
17052
8518
5110
27085
4291
19423
20035
8414
31977
2467
27539
11607
29059
2052
23842
3795
13778
24334
20828
5729
441
9709
1613
16169
972
12462
8281
31315
3497
23370
22829
29220
23179
1504
6901
2154
9244
9794
23503
5147
31115
4787
19840
8761
3295
27119
13671
15864
27275
15468
175
1059
20290
23264
26824
1468
4108
28163
15383
15843
18586
15254
7916
7928
17366
15524
22709
31492
21183
26888
370
19285
1396
23599
9065
7017
31374
14111
9499
6926
14515
25528
3958
7110
18025
7482
1100
32112
29735
25096
30980
20005
3250
12972
2448
8545
24487
16922
30623
25187
23123
31545
10771
9686
8907
32671
16565
16048
26937
924
4135
6747
25461
11131
6683
10259
9941
19972
21955
20367
21573
16454
23688
15075
19098
3731
20223
30629
21283
18123
1561
13134
31873
14302
25754
5860
6073
19084
23756
1494
2952
22383
32372
17448
29175
7740
8453
18383
13358
16966
32276
14687
6285
28739
20492
26595
30457
4435
18723
13324
1908
12094
30348
13967
32497
28157
25582
9672
28262
15997
4886
16035
6178
11935
7145
13500
12129
31363
2204
28101
13854
17158
16935
3113
27944
3465
8438
3310
2680
28917
30178
31968
10690
5115
8033
2284
11082
24737
32505
28106
29945
4346
25339
2783
18864
31028
14445
7265
10972
13017
6472
24764
30795
3406
2788
11572
16958
26528
176
13772
447
22399
30502
3175
11060
16779
15102
6958
20277
18127
12450
7729
15771
11147
12259
24657
24281
6967
18410
16221
14224
28100
32625
15227
19037
21029
25907
5578
19446
526
1184
16965
23925
25340
4822
12523
16627
14453
26573
12829
15449
19345
6097
31303
7795
11193
16694
2242
6726
27823
25159
30201
27812
1486
19327
27851
32765
13972
508
21297
632
5213
9776
26145
8770
9585
13018
19634
25638
11585
10292
26240
18527
3566
30574
22866
12714
25355
16988
8698
17055
14756
17260
11389
9536
2431
29146
14196
28883
21409
13863
1714
8685
2580
17095
10535
22736
9448
25882
22020
20982
2168
25245
9504
19694
8431
13922
9883
21863
22282
17085
7617
8843
16927
19265
25393
142
15198
19178
12862
30854
13911
31388
26005
10877
700
7116
26400
3524
23400
23421
22315
2955
26273
24943
11974
10159
2970
24467
24938
11219
16700
13761
16863
2226
14886
32173
11868
25011
4595
4888
18417
30399
24507
27715
14626
24655
20956
22185
20437
20937
14074
27629
28270
22028
6212
21266
6200
14921
18681
8682
7431
6934
3883
29393
10267
18365
18884
667
13896
28634
14278
27338
14164
20261
17623
19460
24225
19340
32508
31941
26379
14725
6565
4178
19988
15010
8682
18926
19007
27237
18452
20559
185
19799
25183
13651
15934
13908
3326
9712
14139
5673
2912
22121
4912
26977
20146
32456
18265
14427
17829
31624
1165
23968
22897
26258
15462
1652
15386
15467
418
8619
27633
25003
18377
12478
4191
7345
17936
12062
5086
22421
382
968
8008
15966
16973
12570
23124
3445
30867
14053
5469
9306
21538
23235
16486
12438
5036
19115
21340
1265
20267
19906
2970
28900
16767
30580
8883
11345
21849
4292
25195
11122
31065
11232
14854
28432
32627
5625
14534
9461
2967
6993
4527
11427
21905
20886
3213
21574
16942
23662
2104
25064
6048
24659
29207
15588
20771
6049
22243
19357
21985
15853
28845
22895
5907
17817
22051
6374
22890
2981
12047
5678
11693
32200
4640
11723
23715
26304
28653
23434
18995
21734
12087
30136
5066
20229
24174
10385
28157
19308
7799
17915
1392
7490
10925
15733
26358
19482
8742
20554
13049
2503
30263
22026
8221
14962
8762
9530
4384
17130
4238
29771
16901
4410
20704
18121
20593
4993
937
15061
9045
4350
7928
19157
30157
6507
28786
22378
2376
32396
151
3491
17130
3079
15175
32112
14382
29046
388
29785
28368
4795
2169
28783
21482
12947
10683
16259
11869
11119
2256
7831
4210
10879
12782
28050
3265
8463
5636
19256
12882
24598
2047
11608
5123
4620
8006
18759
24361
1789
9094
24718
17786
1756
26037
17888
15915
7705
10833
11855
25173
6261
2281
8895
26781
7702
25823
9626
1044
9942
25452
24773
10844
14305
740
28627
1293
8063
14140
6777
4694
9006
12233
4930
14568
21492
10826
3716
21263
31987
30505
17811
29986
24638
4862
14900
29470
13803
31061
20053
27022
8554
5297
1019
19886
4373
28625
31099
18639
15367
3121
30189
25341
12850
468
6622
16608
12972
19521
2117
30944
15434
26828
7096
17292
3184
10774
31712
2877
39
25815
10027
7926
2928
23003
17600
3215
15065
331
21176
26131
29517
6958
1163
30310
25648
10543
26056
10539
24492
13729
5386
10724
3397
3008
11047
32347
10932
17722
8874
8258
20210
20718
21380
23062
25491
22259
22270
27465
18517
7644
26610
14239
21753
21818
4923
1497
11601
26979
19562
4497
7067
17522
15034
29797
25869
8335
21063
10839
19633
20337
3450
13684
14451
6944
23240
9396
11385
9216
4764
546
4274
24587
2449
27708
29874
8030
4837
24221
17853
14839
1835
28121
11041
19133
9023
31401
31945
7104
21375
8264
2064
10179
16184
25116
5843
21752
10335
23705
27850
19722
29570
32099
12056
5728
27645
1714
27168
21153
6257
25083
10651
18035
13170
1485
22247
3721
7296
29433
20898
9692
21817
3317
30328
8504
24268
20866
2105
17403
2993
13197
12079
21018
6552
7507
686
17252
10143
24009
20716
15371
23751
1339
6419
28256
21161
30003
27541
18910
6245
10140
9408
7018
25052
28967
13714
729
14111
17134
28366
25011
14374
12120
591
10038
18630
13884
11933
7582
14557
7241
18622
7332
15568
20901
6223
17733
18999
11220
14803
10948
11478
30428
31562
3314
26576
8614
26374
1965
14103
2472
28858
23463
17703
10689
30932
13417
26868
12388
6668
3991
32
16633
30013
10613
14706
25728
28532
4778
25476
28024
5703
21316
5051
21247
7785
16125
14716
18234
12411
24252
29085
3319
30756
4959
11802
20625
10595
21944
1546
2068
28708
14293
16849
7842
32274
2949
30614
28438
10925
21015
19448
20966
22940
22885
11004
16974
6980
10770
3402
24235
15257
11023
7578
18469
13108
7780
21097
9616
11943
23341
20464
19860
8205
26850
9814
23564
3813
24540
16421
13997
6688
13077
5371
17640
24696
18224
29826
24337
17156
31417
32161
14528
13833
941
5620
19064
5140
17981
30074
32390
10053
2255
6798
9516
23790
10566
14873
29695
22365
14211
5
5262
20981
6443
13301
1604
2948
6827
5683
22416
10960
4474
2281
31298
20851
29598
22933
14137
20713
2162
16055
1339
13800
5798
24012
18212
7663
13191
28032
13635
2850
6017
18464
30209
10837
7138
590
10691
16231
17888
23032
28178
11217
734
4491
7162
17278
31211
2915
17839
25566
5772
14727
14199
310
12475
13715
32707
7738
30255
5365
17055
25053
30942
19804
23629
16232
1729
15726
5933
25801
11991
11706
30945
25390
5996
24045
27309
17875
2459
29256
16676
2840
22034
21841
26369
13271
30485
25033
12115
23796
5062
26847
4829
5942
18595
26787
23740
29013
22864
1725
2634
26708
12183
9055
25155
12816
19373
6264
1830
5658
2486
31019
2270
18626
24716
25983
14754
31860
32188
18008
18970
7496
25298
1446
28867
27348
26583
5852
8340
25669
18199
25508
4834
15022
5672
28880
10369
15775
20519
20372
26156
30202
21829
12019
4134
25346
898
8568
10530
3509
19641
27430
22625
26204
28125
27569
31514
8288
11138
30959
25886
95
14239
15753
5308
20607
9362
28662
24034
28418
2404
30122
20614
11035
15183
18058
24132
25600
16509
9380
841
7745
24595
31773
30319
856
29550
32618
9385
32641
23724
21443
31650
29132
18031
25045
18337
8816
4317
7864
10416
29538
4076
24864
25341
32550
32476
5847
3712
6630
19717
28267
27102
26817
10194
18724
21646
869
26126
2360
13370
21472
14430
4162
18792
10419
17167
497
14169
11560
1298
7933
17201
15334
12357
19552
3673
16323
22261
6850
20514
5849
4768
25141
21163
11228
2047
17954
14084
14763
27715
13699
17555
27940
28576
15187
18359
22845
12552
13123
17324
29008
7993
13999
31663
32183
27385
21968
5986
16025
28320
28979
26225
12547
11992
18282
1910
10811
22689
2817
30234
15697
24728
5300
17533
7926
10104
1502
985
31633
18401
28469
8290
29584
29016
20405
13424
12796
29840
32730
5855
20817
25831
23826
10422
652
29492
18802
9736
10885
26048
21416
32280
27007
20882
6961
30400
16638
30960
17612
7956
19417
29474
4910
21826
15503
377
30711
25533
5598
13712
12517
31130
20882
19666
17735
570
27036
25916
30645
8233
30563
28516
32767
20294
23903
443
8547
29220
12003
28943
28931
20145
19002
21076
24726
15893
22774
18851
24925
5085
10885
19075
13144
89
7429
11624
13499
29250
2137
15993
17820
15264
24445
10646
5102
32235
31766
26522
25522
8561
18510
4317
10092
23543
15070
14590
31956
2723
22892
14303
25039
25370
13592
1008
13725
16357
5458
433
23124
3097
17646
27762
2701
4663
13690
15453
14173
12881
27855
11703
647
17262
28902
19811
10479
9264
9709
11944
29010
16052
21146
11828
29493
954
16064
26208
18971
8454
8224
14517
2299
30470
18817
4271
497
4532
20483
17346
13876
10430
6832
12955
584
27364
4180
4008
23157
6306
22414
28378
11127
12816
23848
682
13175
15366
5284
10842
26426
24707
10007
13693
14233
28240
1083
185
19249
31712
2495
20428
91
12667
13537
2253
19295
32412
4671
13492
17636
16023
24554
26909
31915
4222
5565
32585
25725
26182
18413
15462
26466
3878
6112
20240
276
16704
10051
17943
27059
26243
16727
25731
10682
12496
11915
30421
10802
14683
26192
3472
5414
12117
4905
16632
6742
22984
7425
25114
27695
28866
11714
15628
2299
4533
25635
20598
9302
21278
10434
7761
17633
15205
22898
31215
27194
7940
16086
30524
20267
10732
47
24387
7201
6180
2418
19956
7648
25012
6046
23844
21622
24001
24396
213
28269
8441
391
30904
1093
6962
17119
31472
10274
14413
14521
31769
7617
2145
24809
14473
20144
13078
22403
25301
20159
14926
7917
7063
1202
20491
11833
5743
19256
17293
14770
4168
7713
18874
27061
31453
10187
9411
29635
379
17117
28421
18899
19208
17464
3373
21485
7492
8491
2976
26612
17743
17894
27418
29636
26988
12338
8340
3453
10244
8799
19564
24093
10222
637
27840
6741
32237
14799
3866
32149
2938
10364
17747
31594
15044
392
25009
6921
15350
8963
15955
12588
10168
16000
5071
27676
11000
26057
8985
26127
8170
20433
13991
12725
14413
27114
16082
5390
7409
2360
3456
26238
9846
20582
29952
16419
4950
7575
20021
32102
24358
5280
10743
14032
7960
6516
12726
12320
1989
20191
31584
27802
41
28024
21637
23969
26095
1745
18618
24456
26351
2288
26427
30886
5110
5635
3028
3752
4293
1103
12033
1579
1372
6762
340
139
13432
23466
22039
11253
23386
30941
8499
22980
16074
14650
3152
20234
2396
28568
26430
876
24306
20446
30611
16948
18818
14523
27542
24993
25369
17815
29788
1153
24864
15561
19249
6658
25823
11786
9786
4038
13631
21801
24664
27189
17876
5377
22606
14103
12058
7849
19239
3682
31743
6378
11730
5456
28834
23542
18960
14261
11867
5462
8848
2960
22779
26661
25175
4832
8533
23932
23398
20409
22781
14637
22679
24214
29519
1716
18121
2801
6067
29290
31036
4625
10528
17148
3390
2084
26335
1820
12552
5005
2706
19318
20963
29311
1908
27878
30095
32459
20194
23272
17124
9206
15899
24144
32186
31631
6468
14395
31239
959
14255
11589
19015
9250
17756
20732
11553
29909
15808
9621
32327
31697
966
25566
11934
21623
15124
32628
1951
30059
18063
15158
15869
2214
4129
25081
6023
2503
32186
30590
10321
7850
14228
30113
27406
24124
9148
27090
14529
31118
15054
1737
25493
31528
6655
32374
30984
4255
30305
14391
28495
4714
21859
14158
16886
15857
11927
17810
16840
21991
23225
13924
7150
7386
29676
21989
23643
24072
2886
22631
28519
30837
22415
24097
26297
8250
16710
24358
1387
18976
28645
5016
22377
30061
15463
11288
22554
18430
11526
28290
27715
12438
24137
2775
13096
886
32062
15483
29428
17710
14084
2977
9306
6066
16781
17155
24957
32176
24994
28118
15373
26657
4648
29181
16051
16927
12449
6781
7600
28406
21238
9777
23233
28285
10867
11967
24645
7079
6163
31690
22433
14677
22014
5737
16100
16750
23120
12504
423
10802
22300
13934
6456
5579
31665
6095
30711
8229
23323
10083
17407
16128
7149
6663
9481
26692
21822
2
10638
29332
15602
19002
1836
25637
2875
12200
14923
9169
14174
1801
18688
16487
29115
26838
11570
16966
32520
11639
10747
15146
22749
7092
4176
2117
14197
23404
14053
31378
26803
137
10571
22886
6243
16947
21083
29512
28099
12868
9688
12546
8769
2300
3408
24312
30087
22775
7235
8377
8885
16219
20360
17108
15085
25686
23531
24301
2325
24520
20507
1551
25304
22076
3524
25924
2798
25117
24056
6243
2206
7463
9427
7978
6273
24091
30815
10380
6792
32439
7861
10316
8512
15845
14181
27339
1621
4659
5144
6943
10326
131
1140
28516
13751
19203
6464
28503
10524
3168
8905
2337
23253
4919
28292
26736
19364
4557
2036
17356
3271
30207
206
5161
26930
32124
1116
27320
13341
23089
14879
22787
24766
31493
15288
7993
18264
19655
8713
5318
15220
1892
28055
32551
22382
23390
20018
19197
8500
4985
3545
23392
27723
32440
8920
25461
7443
13959
11571
32323
12619
5434
25415
30914
12759
28854
12719
565
29121
28014
4709
14010
15999
32146
24361
14368
25972
24706
8999
18680
12985
13961
12244
7663
19740
31944
31001
22875
4969
1392
31923
25875
24297
16437
14554
7812
20265
26367
30240
2305
764
25314
26781
31323
25283
32080
27721
30130
24556
12685
24745
10378
19897
12900
26542
15905
14147
30745
3034
32001
22206
27294
4516
25297
4606
31753
30750
12912
8250
18246
27861
10309
15633
1801
14072
18640
3274
30983
23997
32133
5600
358
3585
29659
29630
8818
815
29344
9927
7313
30562
6543
9625
19065
24270
16164
5011
3488
29276
24751
16533
24308
19860
22696
22022
22477
9152
20290
21788
18208
20558
6466
19031
9973
18039
30994
23119
1563
9246
30225
2992
14874
27643
15918
29315
28009
11000
17845
8367
24033
3291
6504
32703
24434
9254
5842
30693
30485
26939
32472
2111
8705
13508
5777
13402
7458
14674
19032
27381
16583
16452
1823
18951
17563
11755
15878
25603
32726
4332
17964
27226
31156
16613
4292
24897
24103
20563
25452
16566
10952
21939
3259
9917
10260
20455
18201
32496
725
10716
15828
17206
6622
8554
26736
14803
21499
5499
12350
21665
4648
32624
5168
5532
4609
7104
16107
7332
21626
1506
17182
17023
23760
19310
29202
25886
23488
14975
131
18721
6902
28507
28079
13469
15560
25942
24748
10012
9252
3827
28670
21221
6343
14669
1897
15230
31664
16053
24580
7536
8149
19613
16015
842
6932
16565
27654
11240
9068
24915
7286
9717
19565
29976
14352
17583
14573
32209
14972
20970
5373
6811
7280
8536
27676
21835
31616
26887
12202
24332
29752
811
415
74
25192
32030
6012
16335
31679
6053
18818
1324
30875
7285
8738
14939
16160
11510
438
12450
17544
28230
10862
19642
6329
13953
18573
15921
20509
8000
19157
17933
16302
8543
7999
20658
16208
7684
10224
26374
26212
30940
31849
15058
30362
10152
19198
21100
26886
23289
28297
6035
20855
9271
3167
19866
3076
15592
20099
13001
26855
21295
3610
20736
19087
32659
543
16797
27120
18434
18008
26784
13598
21526
20105
27405
31770
13975
6631
25746
24555
28736
15055
8298
14321
4038
1720
22913
24951
4886
615
17881
11655
28126
24162
28972
24834
22864
6054
10963
31472
20771
4252
2790
13588
25050
13898
21157
29379
11336
1478
11286
4599
16980
1521
3312
21152
16634
2401
16568
18490
19346
19615
24106
2468
19541
17555
11226
4912
7709
12604
14363
3831
876
18597
10272
30575
3760
3604
609
18495
24517
10628
30784
12625
23228
21333
29421
41
15323
10307
26503
13174
11492
31125
13956
27879
16283
28054
6738
13632
29058
1097
26942
18093
7399
21593
11926
20822
31520
5199
24330
28211
7190
17415
11352
13346
30464
2661
15401
9015
30833
6980
17973
23123
12693
14767
23982
19192
3255
10836
27100
24411
11015
10805
4613
18107
20379
15777
8335
23538
31667
27491
8552
23114
8257
14393
16294
21649
2217
30344
9835
8816
25285
15949
26892
14328
2092
8535
13938
7038
27828
28596
23488
28073
22069
8297
23093
14281
16784
12902
5205
29802
6384
6584
22083
1578
8016
3329
15730
4295
13630
18213
17276
26748
23262
4423
28754
2958
4913
10484
30614
23074
3223
22173
17733
81
12947
18507
15769
18046
3279
1166
13358
15335
3936
2486
24163
28539
16458
27974
17667
10988
22087
4006
31013
25604
13508
14360
4176
22588
26925
11501
11235
1675
3434
7161
4020
31612
13226
26436
3064
9091
16223
10754
15971
6033
20361
2502
28304
6118
7736
10226
2466
10535
31052
18290
300
1968
14464
31402
4430
25899
21671
28076
12833
9313
1077
8367
14421
1873
256
9917
26905
895
23368
15531
1339
12431
32245
19534
3985
1298
18465
12268
21143
21920
24534
18929
26969
18983
8729
17635
20372
15746
21543
3992
15640
15182
31230
27047
20592
4089
30239
5148
19653
7963
22163
31344
28416
29706
29484
26552
7727
16553
16653
7196
31530
16000
32620
22155
4982
9746
8599
9901
15209
12394
6709
6937
21391
22264
27599
8137
32077
17819
8847
8394
708
13055
6983
17720
30200
4905
15284
22122
19250
22608
5
10090
29347
13807
407
4264
13641
6680
23299
21487
22807
20747
3418
31895
20560
1799
19119
4093
30772
7264
18902
8752
10974
32722
1900
8941
10349
789
6167
30414
7010
23985
28687
12478
15433
21012
17374
32688
22684
10466
26212
9361
16612
30348
18461
1146
25121
24356
31655
11051
3692
19568
25470
20917
14555
19005
27915
15734
10405
31989
31965
2890
26502
26228
28726
15104
28517
27928
22473
3851
23349
22807
20418
5242
7961
15382
6407
26411
3019
30455
22461
1595
8510
20978
6927
19648
29826
23271
4650
25275
11497
32242
4748
14920
23656
3137
21375
27928
14143
9506
736
3617
28380
13664
5925
17300
13309
208
671
15632
9238
27175
11259
23061
9714
27918
20495
5307
31132
32377
12500
1188
32640
18228
13742
3631
31438
27838
24820
4590
21279
23643
16044
