24360
20329
20437
28280
14478
5952
30592
2090
3739
11245
29746
25633
32205
26959
24167
29880
15271
18732
14805
7071
7331
8544
19196
31011
13934
3386
27389
16559
29268
1571
19887
13971
9209
28544
28144
15109
30795
6618
5177
1637
20660
316
11126
31430
24212
19165
22548
11945
4846
17919
1371
5387
13922
29719
23806
26275
15707
23598
23792
12389
11401
11655
32634
11082
8594
30082
10635
16723
21508
27840
21327
25548
8847
8072
7938
5838
113
30058
20999
22023
22321
23586
25652
14013
12432
6591
6513
27409
15549
2564
22913
2689
2248
19214
14879
17329
31065
7479
28493
23403
23970
31291
5609
7396
11922
10137
3201
8001
20043
18492
20072
1113
23511
12635
1289
5309
28438
1694
17276
23798
20731
24962
8279
12301
1016
2046
8647
13137
12471
30311
12255
22356
19211
16529
303
25143
806
3639
13721
28455
22284
13980
4960
1832
22600
16243
6786
14097
31197
17148
25160
18136
31359
369
29979
30224
16131
8608
7833
25008
12565
25817
24552
30486
30249
21002
32330
6220
4788
7209
24562
21897
19867
18386
11031
24571
26603
21554
23366
6595
31948
27427
16636
26434
7600
23704
8052
9619
32464
26940
23742
27224
18393
8278
30737
28858
23778
21744
14946
22443
13218
28216
21813
5486
2272
5926
25524
17498
2602
4447
510
11483
18378
12122
28353
12473
758
14785
27403
31645
11335
17434
19549
7377
9837
13478
29954
28231
8480
905
9886
27869
8281
29996
25354
26079
963
21472
20319
7629
8812
27844
19793
21599
20161
21480
16063
18887
22201
13234
10119
10550
21584
11137
8607
31905
25143
401
22370
3525
2250
11295
30759
22633
30530
30157
23320
29155
23852
16711
17474
2525
30746
12327
32744
26713
10648
12566
18461
3315
10593
14644
10386
21350
10195
11451
21676
16722
29857
15071
9177
24893
32200
12536
10277
20183
15044
2274
4872
22658
22531
13988
23682
23057
13978
31057
24682
13520
5175
13100
26116
2245
28502
3343
17873
4918
31672
26894
8619
22124
15121
26711
25361
28342
3586
2140
29631
14512
20806
6965
25729
11460
23344
7999
30282
5106
27989
14858
14720
31181
28294
23154
14235
32710
257
17931
23278
30125
18663
5571
2244
23413
30449
26050
8623
12344
27487
15509
23581
12922
1330
28044
11564
30130
29083
31328
13248
28935
4019
14361
22994
27479
15468
15151
8203
26749
6856
20208
18321
31700
11337
31777
20001
9207
19880
25320
28766
5067
27594
27626
9832
3264
1263
5296
20145
11859
18989
23375
31500
24280
29981
3400
5127
12662
9684
32173
18043
28019
23828
26245
28513
6833
26308
31090
31207
14201
18590
25489
25540
31608
2344
18594
23496
19463
25317
31081
11959
17840
14284
26963
30295
32493
22777
10077
16072
26674
30371
24114
5652
27950
19534
8083
14855
15183
23873
32508
22593
20868
21819
16261
5257
15686
24930
6406
18788
10457
5500
22654
14054
7887
12641
24502
5065
9935
23216
18465
13500
8084
7874
11527
15869
31288
20700
24802
4906
15027
6313
4617
31061
24991
17639
8843
8022
9022
13920
14174
101
4029
30492
17081
21736
4282
20949
3518
1417
24581
32171
1372
21644
23459
12825
20084
12639
23321
14120
25914
27251
27111
17890
19423
12619
2898
19722
3181
9427
27494
28170
4594
22002
8508
17965
7392
31330
26233
22542
22196
16832
26647
10577
18646
223
5224
26768
15040
10082
2647
12184
15203
13194
3570
13782
22982
6220
9765
1804
20721
18855
18376
4680
11017
25396
12765
9495
8124
7423
24338
9974
12768
661
12430
10505
20566
8286
13801
7696
32309
6957
13948
20118
17956
26134
24540
23915
32008
2688
15777
28757
6112
13946
24172
20739
6380
1363
18984
6722
22549
13924
11663
17780
10889
17969
24304
11325
11686
7601
8240
21119
14617
19433
16912
3209
15431
32192
3245
21899
2796
10254
4429
27213
23809
6134
18776
31777
1508
23926
9893
4119
9907
17468
30967
24175
24568
20155
19656
18004
18060
26495
10053
10695
8117
15549
17305
17881
10386
31279
13678
23325
27833
21790
5297
14941
28702
7873
5782
2444
12343
20677
14301
21756
16477
18477
23635
16593
1398
8796
1947
28342
21713
28784
4910
27598
31313
13522
1441
15085
27086
24331
28455
20233
8120
14810
28502
2539
29949
32643
18478
4906
27181
2153
8791
7002
11741
18399
26282
24449
25161
2876
20723
202
26173
12077
8181
1150
9525
16208
1711
4143
12995
13310
17118
13879
13617
17000
31939
26209
25447
29413
21542
22245
6672
29066
16027
31130
19449
19708
6916
20839
20921
6018
7767
15354
23703
7774
32162
957
4264
11102
31052
19974
2616
1198
11677
14735
21099
7920
19584
16677
1828
13710
9352
13988
14886
15695
6450
27170
19322
25897
28778
20843
17168
6487
6480
17326
28073
15531
20539
7541
16627
3108
17406
24794
19190
24771
8299
9720
12464
17307
8726
28577
32764
2088
5980
14415
22713
24801
29347
19292
12583
8720
20962
15989
14740
9954
8037
8012
9017
3258
12234
10637
20063
14539
336
6420
9158
23526
81
27741
7494
26768
29964
11067
16823
12120
32424
1485
6159
5480
16246
24494
21962
6489
7799
7021
19599
6732
16926
14909
23312
5430
10326
9197
25906
19579
32711
11034
5998
3519
9813
8611
31094
2552
28906
4445
5148
29640
8310
27912
11888
22539
10292
19842
26153
25772
10542
3899
10055
4540
18179
25577
18166
24773
14824
11389
17844
9819
16877
12117
31926
4597
24450
32435
14984
26619
30009
9070
4853
8736
14029
24551
26150
27122
2404
7999
25358
8623
14609
25799
2309
28507
10141
20408
27826
32271
22663
1829
17455
27028
32329
8749
32360
2097
27869
24693
27076
1728
5504
18134
11784
2823
28598
29778
7544
20550
29582
17229
8511
29197
2343
2809
17680
22864
4467
5395
9742
32701
27707
7117
18665
32077
8035
25611
6986
5146
880
18385
9330
11888
6471
17660
10526
806
27959
25649
18093
21551
11066
3092
18820
31596
18552
5306
17074
14788
26125
12128
8400
31863
20748
30301
20523
3247
17348
14677
9766
23897
19522
22960
7129
27442
31767
19274
7166
25381
17755
3436
26638
724
10481
12284
22695
26485
6669
14576
32049
16095
15092
32264
24257
3812
22275
18109
27197
1762
15859
19061
17858
3989
25691
24312
5442
3375
28022
27431
29298
1963
551
29164
7139
11614
6458
