81
101
113
202
223
257
303
316
336
369
401
510
551
661
724
758
806
806
880
905
957
963
1016
1113
1150
1198
1263
1289
1330
1363
1371
1372
1398
1417
1441
1485
1508
1571
1637
1694
1711
1728
1762
1804
1828
1829
1832
1947
1963
2046
2088
2090
2097
2140
2153
2244
2245
2248
2250
2272
2274
2309
2343
2344
2404
2444
2525
2539
2552
2564
2602
2616
2647
2688
2689
2796
2809
2823
2876
2898
3092
3108
3181
3201
3209
3245
3247
3258
3264
3315
3343
3375
3386
3400
3436
3518
3519
3525
3570
3586
3639
3739
3812
3899
3989
4019
4029
4119
4143
4264
4282
4429
4445
4447
4467
4540
4594
4597
4617
4680
4788
4846
4853
4872
4906
4906
4910
4918
4960
5065
5067
5106
5127
5146
5148
5175
5177
5224
5257
5296
5297
5306
5309
5387
5395
5430
5442
5480
5486
5500
5504
5571
5609
5652
5782
5838
5926
5952
5980
5998
6018
6112
6134
6159
6220
6220
6313
6380
6406
6420
6450
6458
6471
6480
6487
6489
6513
6591
6595
6618
6669
6672
6722
6732
6786
6833
6856
6916
6957
6965
6986
7002
7021
7071
7117
7129
7139
7166
7209
7331
7377
7392
7396
7423
7479
7494
7541
7544
7600
7601
7629
7696
7767
7774
7799
7833
7873
7874
7887
7920
7938
7999
7999
8001
8012
8022
8035
8037
8052
8072
8083
8084
8117
8120
8124
8181
8203
8240
8278
8279
8281
8286
8299
8310
8400
8480
8508
8511
8544
8594
8607
8608
8611
8619
8623
8623
8647
8720
8726
8736
8749
8791
8796
8812
8843
8847
9017
9022
9070
9158
9177
9197
9207
9209
9330
9352
9427
9495
9525
9619
9684
9720
9742
9765
9766
9813
9819
9832
9837
9886
9893
9907
9935
9954
9974
10053
10055
10077
10082
10119
10137
10141
10195
10254
10277
10292
10326
10386
10386
10457
10481
10505
10526
10542
10550
10577
10593
10635
10637
10648
10695
10889
11017
11031
11034
11066
11067
11082
11102
11126
11137
11245
11295
11325
11335
11337
11389
11401
11451
11460
11483
11527
11564
11614
11655
11663
11677
11686
11741
11784
11859
11888
11888
11922
11945
11959
12077
12117
12120
12122
12128
12184
12234
12255
12284
12301
12327
12343
12344
12389
12430
12432
12464
12471
12473
12536
12565
12566
12583
12619
12635
12639
12641
12662
12765
12768
12825
12922
12995
13100
13137
13194
13218
13234
13248
13310
13478
13500
13520
13522
13617
13678
13710
13721
13782
13801
13879
13920
13922
13924
13934
13946
13948
13971
13978
13980
13988
13988
14013
14029
14054
14097
14120
14174
14201
14235
14284
14301
14361
14415
14478
14512
14539
14576
14609
14617
14644
14677
14720
14735
14740
14785
14788
14805
14810
14824
14855
14858
14879
14886
14909
14941
14946
14984
15027
15040
15044
15071
15085
15092
15109
15121
15151
15183
15203
15271
15354
15431
15468
15509
15531
15549
15549
15686
15695
15707
15777
15859
15869
15989
16027
16063
16072
16095
16131
16208
16243
16246
16261
16477
16529
16559
16593
16627
16636
16677
16711
16722
16723
16823
16832
16877
16912
16926
17000
17074
17081
17118
17148
17168
17229
17276
17305
17307
17326
17329
17348
17406
17434
17455
17468
17474
17498
17639
17660
17680
17755
17780
17840
17844
17858
17873
17881
17890
17919
17931
17956
17965
17969
18004
18043
18060
18093
18109
18134
18136
18166
18179
18321
18376
18378
18385
18386
18393
18399
18461
18465
18477
18478
18492
18552
18590
18594
18646
18663
18665
18732
18776
18788
18820
18855
18887
18984
18989
19061
19165
19190
19196
19211
19214
19274
19292
19322
19423
19433
19449
19463
19522
19534
19549
19579
19584
19599
19656
19708
19722
19793
19842
19867
19880
19887
19974
20001
20043
20063
20072
20084
20118
20145
20155
20161
20183
20208
20233
20319
20329
20408
20437
20523
20539
20550
20566
20660
20677
20700
20721
20723
20731
20739
20748
20806
20839
20843
20868
20921
20949
20962
20999
21002
21099
21119
21327
21350
21472
21480
21508
21542
21551
21554
21584
21599
21644
21676
21713
21736
21744
21756
21790
21813
21819
21897
21899
21962
22002
22023
22124
22196
22201
22245
22275
22284
22321
22356
22370
22443
22531
22539
22542
22548
22549
22593
22600
22633
22654
22658
22663
22695
22713
22777
22864
22913
22960
22982
22994
23057
23154
23216
23278
23312
23320
23321
23325
23344
23366
23375
23403
23413
23459
23496
23511
23526
23581
23586
23598
23635
23682
23703
23704
23742
23778
23792
23798
23806
23809
23828
23852
23873
23897
23915
23926
23970
24114
24167
24172
24175
24212
24257
24280
24304
24312
24331
24338
24360
24449
24450
24494
24502
24540
24551
24552
24562
24568
24571
24581
24682
24693
24771
24773
24794
24801
24802
24893
24930
24962
24991
25008
25143
25143
25160
25161
25317
25320
25354
25358
25361
25381
25396
25447
25489
25524
25540
25548
25577
25611
25633
25649
25652
25691
25729
25772
25799
25817
25897
25906
25914
26050
26079
26116
26125
26134
26150
26153
26173
26209
26233
26245
26275
26282
26308
26434
26485
26495
26603
26619
26638
26647
26674
26711
26713
26749
26768
26768
26894
26940
26959
26963
27028
27076
27086
27111
27122
27170
27181
27197
27213
27224
27251
27389
27403
27409
27427
27431
27442
27479
27487
27494
27594
27598
27626
27707
27741
27826
27833
27840
27844
27869
27869
27912
27950
27959
27989
28019
28022
28044
28073
28144
28170
28216
28231
28280
28294
28342
28342
28353
28438
28455
28455
28493
28502
28502
28507
28513
28544
28577
28598
28702
28757
28766
28778
28784
28858
28906
28935
29066
29083
29155
29164
29197
29268
29298
29347
29413
29582
29631
29640
29719
29746
29778
29857
29880
29949
29954
29964
29979
29981
29996
30009
30058
30082
30125
30130
30157
30224
30249
30282
30295
30301
30311
30371
30449
30486
30492
30530
30592
30737
30746
30759
30795
30967
31011
31052
31057
31061
31065
31081
31090
31094
31130
31181
31197
31207
31279
31288
31291
31313
31328
31330
31359
31430
31500
31596
31608
31645
31672
31700
31767
31777
31777
31863
31905
31926
31939
31948
32008
32049
32077
32162
32171
32173
32192
32200
32205
32264
32271
32309
32329
32330
32360
32424
32435
32464
32493
32508
32634
32643
32701
32710
32711
32744
32764
