2
5
5
32
39
41
41
43
44
47
71
72
74
81
81
89
91
95
98
122
131
131
137
139
142
151
153
175
176
185
185
187
193
204
206
208
211
213
217
231
247
256
276
285
298
299
300
301
310
314
322
331
340
341
342
358
370
374
377
378
379
382
388
388
388
390
391
392
407
407
415
418
423
423
428
433
438
441
443
447
468
476
481
497
497
508
515
526
537
538
543
546
556
563
565
570
584
590
591
603
604
609
615
619
632
637
644
647
648
652
667
671
682
683
686
700
708
716
722
725
729
734
736
740
764
773
789
811
815
834
836
841
842
852
856
856
857
869
869
872
875
876
876
886
895
898
909
922
924
932
937
937
941
943
953
954
959
966
968
972
972
982
985
992
1002
1008
1012
1019
1021
1026
1044
1047
1059
1059
1077
1083
1093
1097
1097
1100
1103
1105
1116
1122
1140
1146
1148
1153
1163
1165
1166
1182
1184
1188
1202
1227
1229
1242
1265
1272
1286
1293
1297
1298
1298
1309
1324
1330
1332
1339
1339
1339
1368
1372
1384
1387
1392
1392
1396
1413
1429
1430
1446
1449
1461
1468
1478
1485
1486
1487
1494
1497
1501
1501
1502
1502
1504
1506
1512
1521
1533
1546
1551
1559
1561
1563
1571
1578
1579
1595
1598
1604
1613
1613
1616
1621
1621
1625
1652
1675
1711
1714
1714
1716
1716
1720
1725
1729
1737
1745
1753
1756
1760
1789
1792
1799
1801
1801
1820
1823
1823
1830
1835
1836
1844
1850
1858
1869
1869
1873
1875
1881
1882
1892
1897
1900
1908
1908
1910
1951
1956
1965
1967
1968
1974
1979
1979
1989
2001
2002
2009
2036
2038
2039
2047
2047
2052
2056
2064
2068
2084
2091
2092
2104
2105
2111
2113
2117
2117
2137
2142
2145
2154
2162
2168
2168
2169
2182
2192
2193
2197
2198
2204
2206
2210
2214
2217
2226
2242
2251
2253
2255
2256
2268
2270
2281
2281
2284
2288
2299
2299
2300
2305
2306
2310
2325
2334
2337
2338
2342
2360
2360
2360
2370
2376
2377
2391
2396
2401
2404
2418
2431
2448
2449
2459
2466
2467
2468
2472
2477
2486
2486
2489
2493
2495
2498
2502
2503
2503
2506
2568
2580
2634
2637
2637
2646
2652
2661
2680
2691
2692
2701
2706
2712
2723
2775
2783
2788
2790
2798
2801
2806
2811
2817
2840
2850
2852
2854
2875
2877
2886
2886
2888
2890
2912
2915
2920
2923
2928
2935
2937
2938
2948
2949
2952
2955
2958
2960
2967
2970
2970
2971
2973
2975
2976
2977
2981
2992
2993
3008
3019
3024
3028
3033
3034
3035
3064
3071
3076
3078
3079
3081
3097
3113
3118
3121
3137
3152
3153
3167
3167
3168
3175
3184
3199
3213
3215
3223
3229
3237
3250
3255
3256
3259
3261
3265
3271
3274
3275
3277
3279
3286
3291
3295
3296
3307
3310
3312
3314
3317
3319
3326
3326
3329
3371
3373
3376
3385
3390
3397
3397
3402
3406
3408
3418
3422
3425
3434
3441
3445
3450
3453
3456
3465
3468
3472
3473
3488
3491
3497
3506
3509
3510
3524
3524
3534
3538
3545
3561
3566
3568
3585
3604
3610
3617
3631
3640
3652
3661
3672
3673
3682
3682
3692
3706
3710
3712
3716
3717
3721
3721
3722
3729
3731
3738
3752
3760
3764
3774
3775
3795
3806
3813
3826
3827
3831
3843
3851
3854
3864
3866
3869
3869
3878
3879
3883
3889
3891
3906
3934
3936
3944
3958
3985
3991
3992
4006
4008
4020
4028
4029
4038
4038
4055
4076
4082
4083
4084
4086
4089
4093
4101
4108
4124
4129
4134
4135
4143
4152
4162
4164
4168
4176
4176
4178
4180
4191
4210
4210
4212
4222
4238
4252
4255
4256
4264
4271
4274
4274
4285
4288
4288
4291
4292
4292
4293
4295
4317
4317
4324
4331
4332
4346
4350
4351
4365
4373
4374
4384
4403
4410
4423
4430
4435
4441
4448
4455
4457
4466
4474
4475
4486
4486
4489
4491
4497
4509
4510
4516
4516
4527
4529
4532
4533
4557
4580
4587
4590
4591
4595
4597
4599
4606
4609
4613
4620
4625
4640
4640
4646
4648
4648
4650
4659
4663
4670
4671
4694
4695
4704
4709
4714
4715
4719
4742
4745
4746
4748
4751
4753
4756
4764
4768
4778
4784
4787
4795
4806
4822
4827
4828
4829
4831
4832
4834
4837
4846
4854
4862
4864
4875
4882
4886
4886
4888
4905
4905
4910
4912
4912
4913
4919
4923
4930
4944
4950
4958
4959
4962
4965
4969
4971
4982
4982
4985
4993
4997
5000
5003
5003
5005
5011
5015
5016
5036
5041
5051
5062
5066
5071
5085
5086
5086
5102
5110
5110
5115
5123
5139
5140
5144
5147
5148
5161
5168
5172
5199
5200
5200
5205
5207
5213
5215
5220
5232
5240
5242
5262
5269
5276
5280
5284
5286
5297
5300
5307
5308
5309
5312
5318
5321
5323
5357
5365
5369
5371
5373
5375
5377
5386
5390
5400
5405
5413
5414
5415
5428
5430
5434
5456
5458
5462
5466
5469
5469
5477
5488
5490
5497
5499
5511
5528
5532
5534
5555
5565
5569
5570
5578
5579
5596
5598
5600
5604
5605
5620
5625
5626
5635
5636
5655
5658
5666
5671
5672
5673
5678
5683
5703
5728
5729
5731
5734
5737
5743
5752
5765
5772
5777
5798
5810
5824
5842
5843
5847
5849
5850
5850
5852
5855
5858
5860
5863
5869
5874
5881
5886
5901
5907
5913
5913
5925
5926
5933
5942
5945
5954
5958
5962
5978
5986
5990
5993
5993
5996
6007
6012
6017
6018
6023
6028
6033
6035
6038
6044
6044
6046
6046
6048
6048
6049
6052
6053
6054
6061
6066
6067
6073
6079
6095
6097
6112
6118
6138
6155
6163
6167
6175
6178
6180
6200
6212
6223
6237
6238
6243
6243
6243
6245
6257
6261
6264
6268
6273
6284
6285
6297
6299
6306
6329
6330
6343
6367
6374
6374
6376
6378
6384
6407
6419
6422
6435
6443
6456
6462
6464
6466
6468
6469
6472
6490
6493
6504
6507
6516
6526
6542
6543
6552
6565
6584
6620
6622
6622
6622
6630
6631
6651
6655
6658
6661
6663
6668
6679
6680
6683
6688
6690
6709
6722
6726
6738
6741
6742
6747
6757
6762
6777
6778
6781
6787
6792
6798
6799
6811
6827
6832
6850
6861
6861
6864
6901
6902
6907
6917
6921
6924
6926
6927
6932
6934
6937
6943
6944
6958
6958
6959
6961
6962
6967
6973
6980
6980
6983
6987
6993
6997
7010
7011
7015
7017
7018
7038
7063
7067
7071
7071
7079
7092
7092
7096
7104
7104
7110
7110
7116
7138
7145
7149
7149
7150
7158
7161
7162
7164
7189
7190
7191
7194
7196
7201
7217
7232
7232
7235
7241
7249
7255
7264
7265
7280
7285
7286
7296
7313
7332
7332
7340
7345
7364
7365
7384
7385
7386
7399
7409
7425
7427
7428
7429
7431
7443
7458
7463
7464
7473
7477
7482
7490
7492
7496
7505
7507
7509
7524
7525
7528
7529
7535
7536
7539
7541
7548
7575
7575
7578
7582
7594
7598
7598
7600
7600
7617
7617
7625
7644
7648
7660
7663
7663
7684
7702
7705
7709
7713
7727
7729
7736
7738
7740
7741
7745
7750
7761
7780
7784
7785
7795
7799
7806
7812
7821
7823
7831
7833
7835
7842
7849
7850
7855
7861
7864
7874
7889
7916
7917
7926
7926
7928
7928
7933
7940
7949
7956
7956
7957
7960
7961
7963
7978
7993
7993
7995
7998
7999
8000
8006
8008
8010
8011
8016
8018
8030
8033
8046
8062
8063
8064
8072
8080
8124
8137
8145
8146
8149
8151
8162
8167
8170
8183
8192
8205
8215
8215
8221
8224
8226
8229
8230
8233
8250
8250
8257
8258
8262
8264
8265
8271
8272
8281
8287
8288
8290
8297
8298
8330
8335
8335
8336
8340
8340
8367
8367
8372
8377
8394
8404
8408
8413
8414
8414
8419
8431
8438
8441
8453
8454
8459
8463
8478
8479
8491
8492
8499
8500
8504
8510
8512
8518
8527
8533
8535
8536
8542
8543
8545
8547
8552
8554
8554
8556
8561
8568
8599
8613
8614
8619
8623
8640
8648
8667
8678
8682
8682
8685
8698
8705
8713
8729
8733
8738
8738
8741
8742
8743
8748
8752
8759
8761
8762
8769
8770
8778
8779
8799
8801
8816
8816
8818
8825
8827
8842
8843
8847
8848
8865
8866
8874
8875
8878
8878
8883
8885
8893
8895
8904
8904
8905
8907
8917
8920
8922
8926
8941
8963
8969
8985
8986
8999
9000
9006
9006
9011
9015
9017
9023
9025
9036
9045
9055
9060
9065
9065
9068
9087
9088
9089
9091
9094
9102
9113
9146
9148
9150
9152
9154
9169
9169
9173
9199
9201
9206
9216
9238
9244
9244
9246
9250
9252
9254
9258
9264
9269
9271
9293
9302
9306
9306
9313
9320
9329
9336
9341
9349
9351
9361
9362
9368
9376
9380
9385
9396
9408
9411
9414
9427
9448
9454
9461
9481
9489
9497
9499
9502
9504
9506
9507
9516
9530
9535
9536
9539
9550
9555
9567
9585
9590
9592
9597
9616
9621
9621
9625
9626
9627
9629
9636
9647
9667
9672
9686
9688
9691
9692
9702
9707
9709
9709
9712
9714
9717
9736
9737
9737
9746
9749
9761
9763
9766
9775
9776
9777
9786
9794
9798
9814
9815
9833
9833
9835
9846
9855
9879
9883
9901
9903
9917
9917
9927
9928
9941
9942
9945
9969
9973
9978
10007
10012
10027
10038
10051
10053
10069
10083
10083
10090
10092
10103
10104
10114
10118
10127
10140
10143
10146
10152
10154
10159
10162
10164
10168
10179
10187
10194
10201
10203
10209
10211
10222
10224
10226
10244
10259
10260
10265
10267
10272
10274
10292
10307
10309
10313
10315
10316
10321
10324
10326
10326
10335
10341
10348
10349
10364
10369
10378
10380
10381
10383
10385
10394
10399
10405
10416
10419
10422
10430
10434
10434
10436
10439
10443
10466
10475
10479
10484
10488
10514
10519
10524
10528
10530
10535
10535
10539
10541
10543
10554
10559
10566
10571
10593
10595
10613
10617
10621
10628
10637
10638
10638
10646
10648
10651
10682
10683
10689
10690
10691
10703
10705
10708
10716
10724
10732
10732
10736
10736
10743
10747
10754
10761
10763
10770
10771
10771
10774
10777
10783
10802
10802
10805
10811
10820
10826
10830
10830
10833
10836
10837
10839
10842
10844
10850
10862
10867
10869
10877
10879
10882
10885
10885
10891
10918
10925
10925
10929
10932
10948
10952
10954
10958
10960
10963
10972
10974
10977
10982
10988
10989
10991
11000
11000
11002
11003
11004
11015
11023
11025
11034
11035
11036
11036
11041
11047
11051
11060
11079
11082
11119
11119
11122
11125
11127
11131
11134
11138
11143
11147
11150
11163
11193
11205
11213
11217
11219
11220
11226
11228
11232
11234
11235
11240
11242
11247
11253
11259
11261
11261
11267
11268
11286
11288
11290
11304
11304
11336
11345
11352
11369
11379
11385
11389
11395
11416
11427
11429
11432
11444
11444
11454
11463
11469
11478
11478
11492
11497
11501
11503
11506
11510
11520
11526
11553
11560
11570
11571
11572
11578
11585
11589
11590
11594
11601
11605
11607
11608
11624
11626
11639
11655
11671
11678
11680
11693
11703
11706
11714
11723
11728
11730
11741
11755
11756
11786
11799
11802
11822
11823
11828
11833
11855
11867
11868
11869
11874
11876
11880
11893
11915
11926
11927
11933
11934
11935
11936
11939
11943
11944
11954
11954
11967
11974
11991
11992
12003
12016
12019
12033
12047
12050
12056
12058
12058
12062
12063
12073
12079
12087
12094
12115
12117
12120
12129
12166
12183
12193
12193
12200
12201
12202
12224
12233
12244
12248
12259
12268
12270
12287
12320
12327
12338
12347
12350
12357
12370
12387
12388
12394
12411
12413
12414
12422
12431
12438
12438
12444
12449
12450
12450
12454
12462
12475
12478
12478
12481
12486
12496
12500
12503
12504
12517
12519
12523
12546
12547
12552
12552
12570
12578
12588
12588
12591
12602
12604
12609
12619
12625
12638
12667
12673
12685
12688
12693
12696
12707
12712
12714
12716
12719
12720
12722
12725
12726
12739
12755
12759
12782
12796
12802
12805
12810
12816
12816
12818
12818
12829
12832
12833
12833
12834
12850
12862
12868
12873
12876
12881
12882
12884
12900
12902
12909
12912
12947
12947
12955
12956
12965
12971
12972
12972
12974
12978
12985
13001
13006
13014
13017
13018
13031
13034
13045
13049
13055
13062
13077
13078
13083
13096
13108
13116
13122
13123
13123
13134
13144
13169
13170
13174
13175
13191
13196
13197
13216
13226
13230
13271
13272
13301
13309
13324
13341
13346
13346
13358
13358
13370
13391
13402
13406
13417
13421
13424
13432
13441
13449
13459
13465
13469
13478
13488
13492
13498
13499
13500
13502
13506
13508
13508
13519
13520
13537
13543
13545
13551
13588
13592
13598
13598
13610
13629
13630
13631
13632
13632
13635
13636
13641
13641
13651
13664
13671
13684
13690
13693
13699
13706
13708
13712
13714
13715
13715
13725
13729
13737
13742
13750
13751
13751
13761
13767
13772
13778
13779
13784
13787
13800
13802
13803
13806
13807
13825
13833
13853
13854
13861
13862
13863
13873
13876
13882
13884
13896
13898
13898
13901
13908
13911
13922
13922
13924
13930
13934
13938
13953
13956
13959
13961
13962
13967
13972
13975
13980
13991
13997
13999
14010
14015
14019
14022
14032
14043
14047
14053
14053
14072
14073
14074
14084
14084
14093
14103
14103
14111
14111
14137
14139
14140
14143
14147
14148
14158
14164
14169
14173
14174
14179
14181
14196
14197
14199
14201
14211
14224
14228
14231
14233
14235
14239
14239
14255
14256
14261
14261
14271
14273
14278
14281
14293
14302
14303
14305
14321
14328
14334
14345
14352
14357
14360
14363
14368
14374
14382
14388
14391
14391
14393
14395
14401
14413
14413
14421
14427
14430
14435
14445
14448
14451
14453
14464
14467
14469
14470
14473
14481
14486
14493
14509
14515
14516
14517
14521
14523
14528
14529
14534
14534
14554
14555
14557
14558
14561
14568
14573
14590
14626
14630
14631
14637
14644
14650
14666
14669
14673
14674
14677
14683
14687
14693
14706
14710
14711
14714
14716
14717
14725
14727
14730
14734
14754
14756
14763
14767
14770
14773
14774
14799
14803
14803
14809
14811
14815
14839
14844
14854
14864
14866
14873
14874
14874
14879
14881
14886
14889
14899
14900
14900
14913
14920
14921
14923
14926
14928
14930
14939
14947
14962
14964
14972
14975
14980
14982
14986
14989
15010
15011
15022
15028
15034
15035
15044
15054
15055
15058
15061
15064
15065
15070
15075
15079
15085
15102
15104
15110
15116
15124
15146
15152
15158
15175
15182
15183
15187
15193
15198
15205
15207
15209
15210
15213
15220
15227
15230
15230
15254
15257
15264
15284
15288
15289
15298
15306
15306
15323
15331
15334
15335
15335
15337
15346
15350
15360
15366
15367
15371
15373
15377
15382
15383
15386
15401
15416
15433
15434
15439
15442
15449
15453
15455
15462
15462
15463
15467
15468
15483
15489
15501
15503
15524
15525
15531
15552
15560
15561
15568
15588
15592
15602
15623
15628
15632
15633
15639
15640
15640
15658
15668
15681
15695
15697
15726
15727
15730
15733
15733
15734
15746
15753
15769
15771
15772
15775
15777
15808
15828
15829
15843
15845
15850
15853
15857
15864
15869
15878
15878
15879
15893
15899
15905
15915
15915
15915
15918
15921
15927
15934
15949
15955
15966
15971
15980
15993
15997
15999
16000
16000
16015
16023
16025
16028
16035
16044
16046
16048
16051
16052
16053
16055
16060
16063
16064
16074
16082
16086
16099
16100
16107
16125
16126
16128
16129
16160
16164
16169
16184
16188
16189
16196
16208
16210
16215
16219
16221
16223
16231
16232
16232
16239
16240
16244
16253
16259
16260
16269
16283
16294
16302
16312
16320
16323
16326
16335
16355
16357
16367
16402
16410
16411
16419
16421
16423
16424
16430
16437
16439
16452
16454
16458
16473
16480
16486
16487
16490
16508
16509
16513
16533
16552
16553
16565
16565
16566
16568
16582
16583
16586
16601
16608
16612
16613
16627
16632
16633
16634
16638
16653
16666
16674
16676
16683
16694
16699
16700
16702
16704
16710
16727
16743
16750
16767
16779
16781
16784
16790
16797
16801
16840
16848
16849
16863
16886
16901
16922
16923
16924
16927
16927
16935
16935
16942
16947
16948
16958
16965
16966
16966
16968
16973
16974
16980
16988
17007
17023
17028
17028
17052
17052
17053
17055
17055
17059
17067
17085
17085
17091
17095
17104
17108
17115
17117
17119
17124
17130
17130
17134
17135
17142
17146
17148
17155
17156
17158
17167
17170
17182
17189
17201
17206
17233
17245
17250
17252
17253
17260
17262
17268
17276
17278
17292
17293
17300
17305
17306
17320
17324
17325
17337
17346
17354
17356
17366
17374
17382
17403
17403
17407
17409
17415
17426
17431
17432
17440
17448
17459
17461
17464
17477
17488
17522
17524
17533
17544
17555
17555
17555
17559
17560
17563
17565
17569
17578
17583
17600
17611
17612
17615
17620
17623
17629
17633
17635
17636
17638
17640
17646
17667
17667
17703
17710
17717
17720
17722
17730
17733
17733
17735
17740
17743
17746
17747
17756
17758
17765
17786
17810
17811
17814
17815
17817
17819
17820
17822
17829
17839
17845
17853
17865
17875
17876
17881
17888
17888
17894
17915
17917
17918
17933
17936
17943
17951
17954
17959
17962
17964
17971
17973
17973
17981
17996
17999
18008
18008
18010
18022
18025
18031
18031
18035
18039
18046
18053
18057
18058
18063
18080
18093
18095
18097
18107
18115
18121
18121
18123
18127
18166
18183
18186
18190
18199
18201
18208
18212
18213
18224
18228
18234
18246
18260
18264
18265
18272
18280
18282
18290
18315
18325
18337
18348
18350
18350
18359
18365
18377
18383
18400
18401
18410
18413
18416
18417
18430
18434
18452
18455
18458
18461
18464
18464
18465
18469
18475
18477
18490
18491
18495
18507
18508
18510
18517
18518
18520
18527
18542
18573
18574
18586
18591
18593
18595
18597
18605
18618
18622
18626
18629
18630
18632
18639
18640
18655
18663
18680
18681
18688
18697
18707
18710
18713
18717
18721
18723
18723
18724
18743
18752
18759
18792
18794
18797
18802
18817
18818
18818
18818
18833
18849
18851
18857
18864
18873
18874
18884
18887
18896
18898
18899
18902
18910
18915
18925
18926
18929
18929
18930
18948
18951
18953
18960
18966
18969
18970
18971
18976
18983
18984
18995
18999
19002
19002
19005
19007
19015
19031
19032
19037
19064
19065
19073
19073
19075
19084
19087
19097
19098
19112
19114
19115
19119
19130
19133
19157
19157
19160
19164
19178
19185
19192
19197
19198
19198
19203
19208
19228
19239
19249
19249
19250
19255
19256
19256
19265
19276
19285
19286
19291
19295
19308
19310
19318
19327
19340
19345
19346
19347
19357
19358
19359
19364
19368
19373
19406
19417
19423
19432
19438
19445
19446
19448
19449
19456
19460
19463
19482
19482
19485
19486
19513
19516
19521
19525
19525
19533
19534
19541
19545
19552
19562
19562
19564
19565
19568
19573
19582
19595
19611
19613
19615
19615
19633
19634
19638
19641
19642
19642
19648
19650
19653
19655
19666
19694
19717
19718
19722
19740
19762
19767
19778
19783
19794
19799
19804
19809
19811
19840
19850
19860
19860
19866
19886
19891
19894
19897
19898
19898
19906
19909
19919
19921
19936
19956
19968
19972
19975
19988
19990
20005
20018
20019
20021
20027
20033
20035
20039
20042
20053
20099
20105
20107
20112
20119
20144
20145
20146
20147
20159
20191
20194
20210
20223
20229
20234
20240
20261
20265
20267
20267
20271
20274
20277
20277
20290
20290
20294
20304
20335
20337
20360
20361
20367
20372
20372
20379
20390
20405
20409
20415
20418
20418
20428
20433
20435
20437
20440
20440
20446
20455
20461
20464
20479
20483
20491
20492
20492
20492
20495
20501
20507
20509
20514
20519
20519
20541
20554
20558
20559
20560
20563
20577
20582
20586
20592
20593
20598
20605
20607
20614
20625
20649
20658
20704
20712
20713
20716
20718
20719
20725
20732
20736
20747
20751
20753
20757
20771
20771
20773
20773
20817
20820
20822
20828
20832
20837
20837
20845
20851
20851
20852
20854
20855
20866
20882
20882
20883
20886
20892
20897
20898
20901
20902
20909
20914
20917
20931
20937
20956
20962
20963
20966
20970
20973
20977
20978
20981
20982
21012
21015
21018
21029
21031
21053
21055
21063
21067
21071
21076
21083
21092
21093
21097
21100
21120
21125
21140
21143
21146
21152
21153
21157
21159
21161
21163
21171
21176
21181
21183
21189
21215
21221
21230
21238
21245
21247
21263
21265
21266
21278
21279
21282
21283
21291
21295
21297
21302
21316
21333
21340
21360
21367
21375
21375
21380
21385
21387
21391
21394
21407
21409
21416
21425
21443
21445
21467
21472
21474
21482
21482
21485
21487
21492
21496
21499
21526
21538
21543
21569
21573
21574
21584
21589
21593
21610
21622
21623
21626
21632
21637
21646
21649
21665
21667
21671
21681
21702
21702
21707
21711
21729
21734
21743
21748
21748
21749
21752
21752
21753
21781
21788
21801
21817
21818
21822
21826
21829
21835
21841
21849
21859
21859
21863
21874
21877
21880
21886
21905
21920
21933
21939
21944
21955
21962
21968
21974
21985
21989
21989
21991
21995
22014
22020
22022
22025
22026
22028
22034
22039
22051
22068
22068
22069
22073
22076
22083
22087
22089
22095
22098
22098
22099
22108
22121
22122
22127
22138
22155
22163
22173
22185
22185
22201
22205
22206
22210
22223
22243
22247
22255
22259
22259
22259
22261
22264
22269
22270
22282
22291
22293
22298
22300
22304
22315
22338
22365
22373
22377
22378
22382
22383
22399
22403
22414
22415
22416
22419
22421
22433
22461
22473
22477
22484
22485
22519
22526
22545
22552
22554
22574
22588
22606
22608
22625
22631
22633
22679
22684
22689
22696
22701
22709
22730
22736
22749
22755
22758
22760
22772
22774
22775
22779
22781
22787
22801
22807
22807
22808
22828
22829
22830
22844
22845
22847
22861
22864
22864
22866
22875
22885
22886
22890
22892
22895
22897
22898
22911
22913
22919
22931
22933
22940
22955
22959
22974
22980
22982
22984
22988
22992
22998
23003
23008
23030
23032
23043
23061
23062
23073
23074
23074
23083
23089
23093
23095
23095
23114
23119
23120
23123
23123
23124
23124
23135
23157
23159
23165
23179
23197
23204
23221
23224
23225
23228
23228
23230
23233
23235
23240
23240
23253
23262
23264
23271
23272
23275
23289
23299
23299
23302
23303
23309
23317
23323
23341
23349
23363
23368
23370
23383
23386
23390
23390
23392
23398
23400
23404
23407
23416
23421
23430
23434
23443
23463
23466
23471
23476
23476
23479
23486
23488
23488
23503
23519
23527
23531
23538
23542
23543
23549
23564
23576
23594
23599
23625
23629
23643
23643
23648
23654
23656
23662
23679
23686
23688
23701
23705
23706
23706
23710
23715
23716
23723
23724
23724
23728
23740
23741
23745
23748
23751
23756
23760
23784
23790
23796
23801
23826
23830
23835
23842
23844
23848
23870
23873
23885
23891
23898
23903
23904
23905
23908
23925
23932
23948
23953
23966
23968
23969
23982
23983
23985
23997
24001
24009
24012
24013
24022
24033
24034
24035
24045
24056
24059
24072
24073
24073
24077
24091
24093
24097
24103
24106
24108
24123
24124
24126
24132
24137
24144
24162
24163
24174
24174
24204
24214
24221
24223
24225
24229
24235
24240
24252
24253
24258
24259
24261
24266
24268
24270
24281
24290
24294
24296
24297
24301
24306
24308
24310
24312
24330
24331
24332
24333
24334
24337
24356
24358
24358
24361
24361
24374
24387
24387
24396
24407
24411
24412
24434
24445
24446
24450
24456
24467
24484
24487
24488
24492
24496
24507
24517
24520
24534
24536
24540
24554
24555
24556
24562
24580
24587
24592
24593
24595
24596
24598
24623
24638
24644
24645
24655
24657
24659
24664
24671
24689
24690
24696
24701
24703
24706
24707
24716
24718
24726
24728
24731
24732
24737
24738
24743
24745
24748
24751
24761
24764
24766
24773
24773
24789
24791
24809
24818
24820
24834
24864
24864
24888
24897
24907
24914
24915
24925
24938
24943
24951
24957
24967
24974
24980
24981
24993
24994
25003
25009
25010
25011
25011
25012
25028
25031
25033
25039
25045
25050
25052
25053
25056
25064
25076
25081
25082
25083
25086
25096
25102
25114
25116
25117
25121
25122
25125
25141
25148
25150
25154
25155
25159
25159
25164
25173
25175
25183
25187
25190
25192
25195
25212
25215
25245
25248
25275
25283
25283
25285
25297
25298
25299
25300
25301
25304
25304
25314
25339
25339
25340
25341
25341
25345
25346
25347
25355
25369
25370
25390
25390
25393
25396
25407
25415
25432
25452
25452
25461
25461
25470
25475
25476
25490
25491
25493
25508
25509
25522
25523
25528
25533
25547
25551
25554
25556
25559
25566
25566
25575
25582
25600
25603
25604
25632
25635
25637
25638
25648
25663
25669
25683
25686
25687
25689
25696
25706
25713
25725
25728
25731
25739
25746
25753
25754
25762
25763
25775
25778
25801
25808
25808
25815
25823
25823
25831
25840
25841
25848
25851
25851
25869
25875
25882
25886
25886
25899
25907
25916
25917
25924
25924
25934
25942
25948
25948
25972
25977
25983
25985
26005
26015
26027
26029
26037
26048
26056
26057
26085
26095
26113
26120
26121
26125
26125
26126
26127
26131
26145
26156
26165
26167
26168
26182
26186
26189
26192
26204
26208
26208
26212
26212
26225
26228
26238
26240
26243
26254
26258
26273
26289
26295
26297
26299
26303
26304
26312
26328
26335
26336
26343
26351
26358
26367
26369
26373
26374
26374
26379
26379
26391
26400
26400
26407
26411
26426
26427
26430
26434
26436
26466
26489
26502
26503
26509
26510
26512
26522
26528
26532
26541
26542
26552
26552
26558
26573
26576
26583
26587
26595
26610
26612
26634
26635
26642
26644
26651
26657
26661
26677
26692
26708
26731
26736
26736
26746
26748
26757
26781
26781
26784
26787
26787
26794
26802
26803
26817
26824
26828
26838
26847
26850
26853
26854
26855
26862
26868
26868
26868
26871
26872
26886
26887
26888
26892
26895
26903
26905
26909
26922
26925
26930
26932
26935
26937
26939
26940
26942
26969
26977
26979
26988
26999
27007
27016
27022
27022
27027
27028
27036
27047
27047
27059
27061
27085
27090
27100
27100
27102
27108
27114
27119
27120
27125
27147
27164
27168
27175
27189
27194
27201
27226
27237
27240
27275
27277
27294
27309
27310
27318
27320
27322
27338
27339
27348
27364
27365
27373
27381
27385
27386
27389
27405
27406
27418
27430
27448
27465
27491
27500
27507
27514
27517
27521
27539
27541
27542
27542
27567
27569
27599
27618
27629
27633
27642
27643
27645
27647
27654
27664
27673
27676
27676
27688
27695
27697
27708
27710
27712
27715
27715
27715
27718
27721
27723
27732
27760
27762
27795
27802
27812
27823
27828
27838
27840
27847
27850
27851
27855
27861
27878
27879
27915
27917
27918
27928
27928
27929
27940
27942
27944
27955
27966
27974
27996
27997
27997
27998
28004
28009
28014
28016
28024
28024
28032
28036
28040
28050
28053
28054
28055
28055
28065
28071
28073
28076
28076
28079
28087
28092
28099
28100
28100
28101
28104
28106
28115
28118
28121
28125
28125
28126
28157
28157
28163
28178
28184
28185
28192
28196
28201
28211
28215
28218
28230
28237
28240
28243
28249
28250
28256
28262
28267
28269
28270
28273
28285
28286
28289
28290
28292
28294
28297
28304
28316
28320
28322
28352
28366
28368
28378
28380
28387
28397
28406
28416
28418
28421
28421
28432
28438
28438
28461
28461
28469
28472
28478
28485
28495
28496
28503
28507
28516
28516
28517
28519
28532
28539
28547
28562
28564
28568
28576
28581
28596
28607
28611
28616
28625
28627
28634
28644
28645
28648
28653
28653
28662
28662
28670
28681
28687
28693
28703
28708
28708
28726
28736
28739
28754
28783
28785
28786
28794
28808
28814
28816
28827
28834
28837
28845
28851
28854
28858
28862
28866
28867
28872
28875
28880
28883
28891
28896
28900
28902
28907
28912
28914
28917
28931
28943
28967
28972
28979
28984
28986
28996
29008
29010
29013
29015
29016
29046
29058
29059
29074
29085
29094
29105
29105
29115
29121
29124
29132
29146
29175
29181
29202
29207
29213
29220
29220
29248
29250
29256
29266
29276
29282
29282
29290
29304
29311
29315
29332
29344
29347
29349
29363
29379
29393
29399
29415
29421
29428
29433
29451
29467
29470
29474
29484
29492
29493
29494
29499
29503
29503
29512
29517
29519
29532
29535
29538
29550
29551
29562
29563
29570
29584
29597
29598
29598
29604
29606
29630
29635
29636
29659
29669
29676
29693
29695
29706
29715
29735
29752
29771
29785
29788
29797
29802
29811
29826
29826
29829
29835
29837
29840
29851
29862
29874
29882
29883
29909
29909
29919
29919
29921
29926
29931
29945
29945
29952
29962
29976
29986
30003
30013
30055
30059
30061
30074
30074
30087
30089
30095
30097
30113
30115
30122
30130
30132
30136
30138
30146
30157
30158
30163
30170
30178
30189
30195
30200
30201
30202
30205
30207
30209
30216
30225
30234
30239
30240
30242
30251
30255
30263
30274
30284
30304
30305
30305
30310
30319
30320
30327
30328
30344
30348
30348
30350
30351
30361
30362
30371
30373
30373
30384
30386
30386
30399
30399
30400
30402
30414
30418
30421
30421
30424
30428
30455
30457
30464
30464
30468
30470
30475
30485
30485
30495
30500
30502
30505
30512
30524
30546
30546
30552
30554
30562
30563
30564
30574
30575
30580
30590
30603
30604
30611
30614
30614
30623
30629
30645
30654
30661
30683
30693
30696
30711
30711
30745
30750
30754
30756
30756
30772
30784
30795
30800
30809
30811
30815
30833
30837
30854
30867
30875
30886
30886
30886
30904
30906
30914
30924
30932
30940
30941
30942
30943
30944
30945
30959
30960
30960
30964
30975
30980
30983
30983
30984
30989
30994
31001
31002
31004
31013
31014
31019
31028
31036
31046
31049
31052
31060
31061
31065
31081
31083
31094
31099
31105
31115
31115
31118
31125
31130
31132
31152
31156
31190
31194
31195
31199
31200
31209
31210
31211
31215
31230
31234
31239
31245
31285
31298
31303
31315
31323
31335
31344
31345
31355
31363
31370
31374
31378
31381
31388
31401
31402
31404
31405
31412
31414
31417
31417
31438
31445
31452
31453
31472
31472
31475
31479
31484
31489
31490
31492
31493
31495
31497
31514
31515
31520
31524
31528
31530
31537
31545
31562
31584
31592
31594
31596
31596
31599
31603
31612
31616
31621
31624
31631
31633
31650
31655
31663
31663
31664
31665
31667
31673
31679
31686
31690
31697
31712
31712
31713
31714
31717
31722
31729
31730
31732
31735
31743
31744
31749
31753
31766
31769
31770
31770
31773
31773
31832
31849
31855
31860
31870
31873
31889
31895
31915
31923
31928
31941
31944
31945
31956
31960
31965
31968
31977
31978
31987
31989
32001
32024
32030
32057
32062
32065
32077
32079
32080
32080
32083
32093
32099
32102
32107
32110
32112
32112
32124
32130
32133
32135
32141
32146
32149
32160
32161
32173
32175
32176
32183
32186
32186
32188
32193
32200
32202
32209
32211
32235
32237
32242
32245
32250
32259
32274
32276
32280
32298
32313
32314
32323
32323
32327
32343
32344
32347
32352
32372
32374
32374
32377
32388
32389
32390
32395
32396
32412
32412
32439
32440
32451
32456
32459
32459
32463
32472
32476
32491
32496
32497
32504
32505
32508
32509
32520
32531
32550
32551
32566
32583
32585
32618
32620
32624
32625
32627
32628
32640
32641
32645
32655
32659
32671
32681
32688
32703
32707
32708
32710
32722
32726
32726
32730
32765
32767
