3
6
19
20
20
22
23
33
49
50
52
54
56
60
65
70
74
74
75
81
86
86
90
92
111
112
115
118
119
124
132
133
139
140
149
155
165
165
166
169
170
171
173
180
190
193
201
207
218
219
222
237
238
238
239
242
243
245
257
262
262
267
268
273
275
285
288
291
304
314
315
316
320
331
335
337
338
339
339
342
347
353
354
355
356
362
366
392
392
392
397
400
400
401
406
407
408
415
418
419
421
429
435
436
440
451
452
468
469
482
490
490
492
503
504
508
514
517
519
520
523
523
524
528
530
531
531
531
535
542
543
544
555
556
559
565
565
575
580
583
587
589
594
595
595
597
598
601
601
603
610
610
612
614
625
630
632
634
635
639
652
653
656
658
663
664
665
665
669
674
676
676
678
679
682
683
685
685
688
689
689
691
694
696
697
698
699
702
709
712
713
714
714
717
721
723
730
732
738
740
743
745
747
750
750
761
761
765
770
770
771
774
774
783
787
802
803
803
804
808
819
824
825
828
828
828
829
831
838
841
842
842
842
847
848
851
851
860
873
876
876
879
881
884
885
890
895
898
901
904
909
911
914
919
919
923
926
929
929
934
940
941
942
944
946
949
953
954
955
960
962
966
967
968
968
972
984
987
990
990
991
993
994
995
996
997
1013
1025
1027
1028
1029
1030
1030
1032
1037
1038
1047
1047
1052
1054
1060
1063
1068
1069
1076
1081
1084
1089
1092
1095
1098
1100
1119
1129
1130
1131
1135
1135
1137
1137
1144
1145
1146
1150
1153
1163
1163
1167
1172
1173
1180
1182
1183
1190
1192
1196
1197
1199
1200
1201
1208
1208
1209
1209
1210
1216
1219
1221
1223
1225
1243
1244
1248
1264
1264
1269
1273
1273
1277
1279
1280
1281
1285
1286
1287
1294
1294
1297
1301
1305
1306
1309
1310
1318
1323
1324
1326
1326
1334
1335
1337
1338
1339
1352
1354
1359
1364
1367
1367
1369
1372
1373
1375
1376
1379
1394
1394
1395
1395
1398
1405
1409
1415
1415
1415
1417
1428
1429
1434
1443
1445
1448
1451
1452
1456
1457
1463
1464
1467
1469
1474
1477
1479
1479
1480
1485
1486
1486
1489
1493
1494
1501
1502
1502
1513
1516
1516
1516
1520
1523
1525
1526
1537
1541
1543
1543
1553
1555
1558
1559
1560
1562
1565
1570
1571
1571
1573
1578
1579
1580
1588
1592
1595
1600
1604
1611
1614
1620
1620
1621
1626
1627
1632
1633
1637
1644
1650
1653
1664
1667
1671
1672
1677
1684
1686
1687
1690
1697
1699
1700
1703
1704
1726
1727
1727
1729
1730
1731
1734
1738
1739
1740
1740
1744
1750
1762
1767
1769
1774
1774
1775
1780
1785
1785
1786
1789
1796
1796
1798
1802
1802
1805
1806
1806
1807
1817
1821
1822
1824
1829
1834
1835
1836
1840
1850
1851
1853
1854
1858
1858
1863
1863
1872
1872
1880
1887
1887
1889
1892
1895
1896
1896
1899
1902
1906
1907
1909
1910
1917
1919
1929
1934
1935
1938
1940
1940
1942
1952
1959
1962
1966
1966
1969
1970
1971
1985
1997
1999
2009
2011
2015
2018
2022
2023
2026
2027
2031
2033
2034
2036
2036
2040
2042
2046
2048
2053
2056
2066
2068
2073
2074
2077
2077
2077
2080
2083
2086
2089
2091
2097
2102
2103
2105
2111
2114
2121
2121
2123
2123
2142
2148
2149
2151
2155
2163
2167
2171
2173
2174
2185
2190
2193
2194
2203
2210
2212
2214
2219
2219
2220
2220
2224
2225
2226
2229
2230
2234
2235
2236
2242
2245
2252
2256
2267
2276
2283
2285
2288
2294
2295
2298
2298
2300
2301
2303
2304
2308
2316
2316
2319
2325
2326
2333
2335
2344
2350
2350
2352
2354
2355
2357
2362
2363
2367
2375
2376
2378
2378
2386
2386
2391
2394
2398
2401
2402
2405
2408
2415
2417
2417
2420
2426
2428
2434
2439
2442
2444
2444
2448
2458
2459
2461
2461
2464
2472
2473
2474
2474
2484
2489
2492
2494
2496
2496
2498
2500
2503
2507
2510
2511
2512
2516
2522
2528
2529
2530
2533
2535
2536
2537
2545
2548
2551
2552
2561
2569
2570
2573
2575
2577
2580
2588
2588
2590
2593
2595
2598
2599
2604
2608
2617
2619
2619
2625
2630
2638
2652
2655
2656
2658
2661
2662
2662
2666
2668
2669
2672
2681
2688
2689
2699
2699
2702
2702
2702
2706
2717
2719
2731
2734
2735
2736
2744
2744
2745
2747
2747
2750
2751
2757
2764
2764
2765
2769
2772
2777
2779
2780
2781
2785
2786
2786
2797
2798
2802
2805
2806
2807
2817
2822
2823
2827
2837
2837
2853
2855
2855
2857
2864
2865
2867
2872
2875
2882
2882
2891
2896
2903
2904
2909
2912
2912
2914
2921
2922
2925
2925
2926
2927
2928
2934
2940
2943
2944
2945
2946
2952
2953
2954
2955
2960
2962
2973
2975
2980
2992
3003
3005
3008
3009
3010
3016
3017
3026
3039
3040
3044
3048
3071
3073
3080
3092
3103
3109
3115
3118
3124
3128
3129
3135
3136
3160
3166
3167
3171
3171
3174
3174
3174
3180
3181
3182
3184
3187
3189
3192
3193
3193
3200
3202
3203
3207
3207
3208
3211
3213
3214
3220
3223
3227
3234
3237
3238
3239
3249
3250
3250
3254
3255
3258
3261
3262
3263
3266
3267
3268
3269
3282
3284
3286
3286
3292
3298
3301
3302
3325
3326
3332
3333
3333
3335
3340
3351
3352
3359
3363
3363
3365
3370
3370
3374
3381
3383
3384
3389
3390
3391
3397
3402
3403
3405
3411
3429
3429
3440
3448
3451
3457
3465
3470
3471
3481
3485
3490
3498
3500
3501
3504
3516
3522
3523
3524
3546
3547
3553
3553
3554
3555
3561
3562
3571
3575
3579
3581
3582
3587
3589
3590
3597
3603
3605
3605
3609
3616
3618
3618
3622
3623
3626
3626
3628
3631
3633
3636
3641
3642
3643
3650
3651
3651
3652
3660
3662
3667
3668
3677
3681
3693
3695
3696
3697
3698
3700
3700
3701
3709
3709
3724
3727
3736
3738
3753
3755
3757
3771
3772
3776
3780
3781
3783
3784
3785
3787
3793
3803
3806
3807
3808
3810
3819
3824
3830
3833
3833
3835
3844
3849
3851
3851
3853
3854
3856
3857
3859
3862
3864
3866
3866
3867
3867
3867
3869
3869
3871
3873
3874
3877
3879
3881
3882
3886
3888
3888
3889
3890
3890
3891
3893
3893
3894
3896
3902
3902
3903
3907
3908
3909
3910
3911
3916
3918
3918
3921
3923
3926
3927
3932
3938
3939
3942
3942
3945
3952
3957
3959
3965
3970
3980
3981
3984
3987
3990
3998
3999
4004
4005
4006
4008
4011
4011
4013
4016
4019
4034
4034
4036
4042
4046
4047
4060
4060
4071
4073
4076
4076
4078
4080
4082
4083
4086
4088
4090
4090
4097
4100
4103
4104
4106
4111
4112
4113
4116
4118
4122
4124
4124
4125
4132
4135
4137
4138
4140
4140
4142
4143
4145
4147
4149
4152
4152
4153
4154
4157
4165
4165
4168
4169
4169
4184
4187
4194
4206
4208
4209
4211
4216
4217
4222
4223
4225
4226
4226
4227
4229
4240
4243
4245
4246
4246
4263
4264
4265
4276
4278
4280
4281
4282
4287
4293
4294
4295
4298
4304
4308
4310
4311
4311
4312
4313
4314
4322
4324
4326
4327
4328
4332
4332
4346
4347
4350
4356
4361
4362
4367
4367
4370
4371
4375
4377
4377
4384
4393
4394
4400
4404
4408
4411
4414
4415
4423
4428
4432
4437
4446
4446
4447
4449
4454
4460
4462
4471
4472
4484
4485
4490
4494
4500
4504
4515
4518
4523
4524
4525
4530
4535
4539
4544
4547
4557
4558
4562
4573
4573
4575
4581
4591
4593
4599
4599
4609
4614
4614
4621
4621
4623
4623
4626
4630
4630
4631
4632
4633
4634
4641
4641
4647
4647
4647
4647
4650
4650
4650
4654
4663
4668
4668
4670
4672
4675
4675
4677
4678
4678
4685
4685
4691
4692
4693
4698
4700
4708
4709
4714
4714
4718
4718
4725
4730
4731
4733
4734
4742
4746
4746
4754
4756
4762
4763
4765
4772
4774
4776
4778
4781
4781
4788
4788
4789
4795
4795
4798
4805
4807
4810
4811
4812
4814
4814
4815
4817
4819
4820
4823
4823
4823
4825
4829
4833
4834
4843
4846
4856
4858
4861
4862
4863
4872
4873
4874
4879
4882
4882
4885
4887
4890
4893
4900
4901
4902
4902
4905
4909
4916
4916
4919
4920
4924
4932
4933
4936
4936
4939
4942
4946
4947
4951
4951
4954
4955
4976
4976
4981
4987
4989
4997
4997
4997
5006
5006
5012
5018
5019
5020
5025
5026
5029
5031
5032
5034
5034
5035
5035
5036
5036
5042
5046
5047
5048
5048
5051
5052
5053
5065
5070
5071
5074
5079
5083
5085
5086
5103
5115
5116
5118
5123
5124
5125
5138
5143
5154
5159
5168
5175
5182
5184
5187
5198
5205
5208
5209
5214
5220
5224
5229
5233
5234
5236
5239
5240
5243
5247
5250
5253
5265
5267
5271
5273
5274
5277
5278
5280
5292
5292
5298
5304
5308
5308
5310
5312
5312
5313
5317
5318
5329
5329
5331
5335
5337
5337
5338
5338
5342
5347
5347
5350
5353
5355
5357
5358
5358
5359
5359
5361
5362
5365
5366
5367
5380
5384
5385
5389
5389
5390
5393
5396
5397
5400
5402
5402
5412
5419
5419
5423
5424
5424
5428
5433
5438
5443
5445
5451
5454
5455
5461
5463
5464
5466
5467
5470
5471
5474
5476
5477
5483
5483
5485
5487
5488
5491
5494
5496
5499
5500
5508
5508
5510
5518
5520
5522
5523
5528
5530
5535
5536
5536
5548
5549
5549
5551
5553
5563
5563
5565
5566
5570
5578
5582
5589
5592
5593
5594
5595
5601
5605
5606
5607
5608
5609
5613
5617
5622
5626
5628
5632
5635
5637
5640
5644
5645
5654
5655
5657
5657
5660
5661
5668
5670
5672
5676
5681
5683
5701
5703
5705
5705
5709
5709
5711
5723
5725
5729
5729
5731
5732
5734
5741
5744
5748
5749
5750
5751
5758
5761
5775
5775
5781
5781
5782
5782
5787
5791
5795
5797
5798
5799
5800
5803
5818
5824
5824
5824
5825
5825
5828
5830
5831
5835
5841
5842
5855
5867
5871
5881
5882
5883
5885
5888
5891
5892
5893
5894
5897
5900
5901
5902
5908
5912
5913
5918
5924
5924
5926
5930
5932
5933
5935
5938
5939
5943
5950
5959
5961
5962
5962
5963
5968
5971
5971
5978
5978
5982
5983
5984
5994
5999
6001
6001
6002
6003
6010
6013
6014
6017
6025
6038
6039
6039
6041
6042
6047
6048
6048
6049
6049
6051
6054
6056
6061
6062
6063
6063
6064
6064
6071
6072
6076
6077
6082
6083
6084
6086
6086
6088
6093
6094
6096
6103
6110
6122
6129
6135
6138
6138
6138
6142
6143
6150
6152
6153
6160
6160
6161
6164
6164
6164
6166
6169
6176
6177
6180
6184
6187
6190
6207
6209
6212
6214
6218
6228
6235
6237
6239
6248
6251
6252
6264
6267
6268
6272
6282
6286
6287
6291
6294
6300
6309
6309
6309
6310
6316
6316
6317
6317
6317
6317
6319
6323
6333
6335
6335
6342
6346
6347
6353
6353
6355
6355
6370
6374
6379
6380
6380
6383
6391
6392
6392
6393
6393
6395
6399
6405
6405
6407
6407
6411
6413
6413
6416
6418
6422
6431
6433
6433
6436
6443
6446
6446
6449
6451
6451
6454
6457
6461
6464
6470
6472
6476
6481
6481
6489
6491
6499
6507
6508
6512
6515
6517
6521
6523
6527
6530
6530
6532
6539
6547
6549
6551
6551
6555
6555
6556
6557
6557
6563
6564
6569
6572
6574
6585
6585
6587
6587
6588
6588
6589
6590
6590
6593
6594
6596
6606
6611
6613
6614
6623
6633
6636
6644
6647
6648
6660
6661
6662
6666
6669
6677
6678
6678
6687
6693
6695
6700
6703
6705
6705
6709
6711
6718
6722
6724
6725
6726
6730
6730
6730
6737
6746
6746
6747
6749
6751
6753
6757
6761
6761
6763
6767
6768
6769
6771
6772
6778
6786
6792
6792
6794
6798
6801
6806
6808
6810
6811
6819
6821
6824
6831
6832
6833
6835
6836
6839
6848
6848
6857
6858
6862
6869
6874
6879
6879
6880
6880
6885
6888
6892
6892
6895
6901
6902
6904
6906
6911
6914
6915
6923
6928
6931
6932
6940
6953
6953
6953
6956
6957
6964
6971
6977
6981
6985
6986
6989
6994
6999
7003
7021
7022
7023
7027
7029
7030
7033
7034
7036
7036
7042
7042
7043
7044
7045
7046
7053
7059
7059
7064
7067
7073
7074
7076
7080
7089
7091
7091
7091
7097
7100
7106
7107
7118
7122
7126
7126
7128
7132
7139
7141
7151
7154
7161
7161
7178
7178
7181
7186
7186
7192
7192
7204
7209
7210
7218
7218
7219
7231
7239
7242
7245
7246
7257
7258
7262
7262
7279
7283
7296
7297
7303
7304
7304
7309
7313
7316
7324
7325
7326
7328
7329
7331
7332
7333
7345
7345
7351
7357
7367
7368
7370
7371
7374
7375
7382
7384
7385
7386
7387
7388
7389
7390
7397
7397
7400
7402
7405
7414
7416
7428
7429
7441
7442
7445
7454
7454
7458
7459
7469
7474
7479
7480
7484
7487
7490
7495
7498
7501
7502
7504
7509
7510
7512
7512
7517
7524
7541
7542
7549
7550
7550
7552
7553
7557
7557
7557
7559
7563
7565
7566
7569
7570
7581
7582
7584
7586
7586
7598
7598
7603
7609
7611
7612
7622
7627
7630
7636
7642
7643
7643
7645
7647
7651
7657
7659
7659
7660
7664
7665
7665
7669
7669
7681
7683
7685
7688
7693
7695
7695
7697
7699
7702
7707
7710
7712
7714
7715
7721
7725
7729
7738
7738
7744
7746
7757
7757
7762
7771
7771
7789
7794
7800
7800
7802
7806
7809
7810
7822
7824
7827
7831
7832
7833
7851
7852
7853
7856
7870
7870
7874
7877
7878
7879
7879
7889
7899
7900
7902
7906
7907
7910
7917
7919
7937
7938
7938
7946
7947
7956
7956
7960
7960
7962
7962
7970
7975
7976
7977
7979
7984
7985
7991
7994
7995
7996
7998
7998
8005
8008
8009
8009
8012
8013
8014
8018
8021
8025
8042
8044
8050
8051
8052
8060
8060
8060
8062
8071
8071
8076
8080
8080
8081
8083
8090
8091
8095
8096
8099
8100
8102
8102
8110
8111
8113
8116
8117
8119
8119
8119
8123
8123
8131
8137
8139
8141
8145
8146
8149
8150
8151
8153
8159
8160
8162
8162
8164
8171
8172
8176
8179
8180
8180
8183
8195
8197
8198
8198
8199
8209
8214
8218
8219
8219
8220
8221
8222
8225
8233
8233
8234
8234
8235
8235
8238
8241
8241
8241
8246
8251
8253
8255
8257
8259
8265
8266
8267
8267
8267
8274
8277
8278
8282
8284
8287
8299
8301
8302
8302
8305
8314
8317
8324
8324
8327
8334
8336
8340
8340
8341
8341
8342
8345
8345
8346
8346
8347
8347
8356
8361
8365
8369
8371
8372
8373
8376
8377
8378
8378
8380
8388
8394
8407
8408
8410
8411
8413
8419
8420
8420
8424
8426
8430
8432
8432
8435
8439
8446
8453
8457
8464
8468
8474
8475
8477
8480
8482
8486
8490
8491
8493
8493
8495
8500
8501
8501
8510
8512
8515
8517
8518
8518
8519
8521
8521
8523
8533
8535
8540
8542
8548
8551
8562
8565
8567
8567
8570
8571
8572
8574
8579
8582
8585
8585
8589
8589
8592
8594
8601
8601
8601
8607
8608
8610
8611
8617
8618
8622
8627
8629
8632
8633
8636
8643
8645
8645
8646
8652
8659
8667
8683
8684
8684
8685
8685
8686
8699
8701
8702
8705
8708
8710
8712
8720
8725
8726
8726
8736
8749
8754
8759
8762
8772
8775
8785
8786
8795
8797
8802
8806
8814
8818
8819
8825
8827
8831
8831
8836
8844
8845
8850
8855
8859
8863
8866
8867
8870
8884
8885
8888
8888
8890
8891
8891
8893
8896
8899
8903
8905
8906
8911
8914
8916
8923
8928
8930
8931
8936
8937
8939
8940
8945
8946
8950
8952
8957
8958
8960
8960
8967
8968
8969
8969
8970
8970
8972
8976
8978
8980
8981
8986
8989
8993
8998
9001
9002
9005
9007
9007
9008
9009
9011
9017
9022
9022
9023
9027
9028
9033
9036
9038
9046
9048
9051
9057
9061
9064
9069
9070
9071
9078
9079
9081
9082
9083
9085
9089
9094
9103
9111
9118
9119
9125
9126
9127
9129
9133
9134
9138
9142
9143
9146
9148
9152
9158
9159
9163
9164
9166
9176
9177
9177
9182
9187
9196
9196
9199
9200
9200
9201
9203
9209
9216
9217
9229
9229
9233
9234
9239
9244
9247
9253
9253
9253
9255
9261
9262
9270
9276
9277
9279
9293
9296
9301
9302
9304
9306
9307
9308
9309
9310
9310
9312
9320
9324
9325
9329
9331
9341
9354
9354
9355
9360
9361
9369
9371
9372
9375
9378
9379
9381
9382
9382
9382
9385
9388
9388
9397
9400
9403
9404
9405
9412
9415
9416
9419
9420
9422
9422
9439
9444
9445
9446
9449
9451
9451
9456
9459
9465
9468
9469
9469
9472
9473
9478
9483
9483
9485
9487
9489
9492
9494
9495
9496
9497
9501
9502
9504
9505
9506
9509
9509
9510
9516
9518
9519
9522
9523
9525
9537
9538
9546
9547
9549
9550
9559
9564
9564
9565
9575
9579
9579
9583
9584
9585
9587
9588
9590
9590
9591
9599
9605
9605
9606
9609
9615
9617
9618
9620
9622
9634
9639
9640
9640
9643
9643
9648
9653
9668
9671
9672
9676
9677
9679
9680
9688
9691
9692
9694
9696
9700
9703
9705
9708
9709
9715
9721
9723
9725
9730
9731
9735
9737
9741
9747
9747
9749
9751
9755
9757
9765
9767
9773
9781
9783
9788
9796
9799
9801
9804
9806
9810
9812
9815
9816
9821
9828
9829
9830
9831
9836
9840
9847
9847
9851
9854
9855
9861
9863
9864
9871
9874
9887
9887
9892
9892
9892
9894
9907
9911
9912
9915
9918
9919
9928
9934
9942
9945
9946
9948
9953
9958
9963
9968
9973
9978
9983
9986
9987
9993
9995
9995
10001
10002
10006
10010
10011
10013
10015
10017
10018
10018
10025
10027
10029
10035
10038
10039
10049
10053
10055
10055
10062
10063
10070
10072
10073
10073
10075
10075
10079
10088
10091
10092
10095
10098
10100
10100
10105
10106
10106
10122
10133
10133
10136
10138
10140
10140
10142
10143
10146
10147
10149
10150
10158
10162
10164
10172
10186
10188
10191
10201
10207
10216
10220
10222
10222
10223
10224
10226
10226
10241
10243
10244
10250
10253
10258
10261
10261
10274
10276
10278
10288
10291
10294
10294
10295
10298
10300
10304
10304
10305
10308
10308
10313
10314
10314
10319
10323
10324
10334
10353
10354
10355
10357
10360
10368
10369
10370
10372
10376
10377
10380
10383
10387
10391
10401
10407
10413
10414
10417
10421
10423
10428
10434
10435
10437
10441
10446
10446
10447
10448
10448
10454
10455
10457
10460
10462
10465
10466
10474
10476
10480
10485
10486
10488
10490
10491
10493
10496
10501
10502
10505
10509
10510
10512
10514
10515
10517
10518
10518
10526
10527
10528
10532
10532
10542
10544
10548
10548
10553
10564
10570
10570
10572
10577
10579
10583
10584
10584
10587
10587
10590
10600
10604
10605
10613
10613
10613
10620
10624
10629
10634
10635
10635
10637
10639
10639
10641
10642
10643
10646
10646
10649
10657
10660
10660
10664
10669
10673
10675
10677
10680
10680
10682
10683
10685
10685
10687
10690
10692
10692
10697
10701
10705
10707
10707
10710
10714
10728
10731
10732
10732
10735
10758
10760
10760
10763
10767
10774
10774
10778
10784
10786
10786
10787
10789
10793
10797
10797
10806
10814
10827
10828
10831
10832
10834
10835
10843
10845
10846
10847
10856
10859
10861
10881
10881
10888
10891
10892
10897
10901
10902
10916
10921
10929
10931
10932
10932
10941
10943
10948
10950
10951
10951
10953
10956
10958
10960
10962
10967
10969
10973
10975
10976
10977
10986
10987
10995
11000
11000
11002
11003
11009
11012
11014
11016
11018
11019
11022
11024
11028
11031
11039
11042
11043
11046
11050
11057
11058
11060
11063
11065
11066
11067
11068
11071
11073
11073
11074
11075
11077
11082
11085
11092
11096
11098
11098
11101
11106
11106
11110
11111
11114
11115
11117
11118
11126
11128
11131
11134
11138
11139
11147
11151
11151
11153
11155
11159
11160
11164
11167
11167
11170
11171
11171
11177
11184
11186
11187
11188
11188
11190
11190
11196
11197
11199
11201
11202
11206
11213
11214
11214
11216
11216
11218
11218
11224
11227
11228
11232
11236
11240
11246
11254
11257
11259
11261
11262
11263
11272
11275
11275
11276
11293
11294
11307
11310
11310
11312
11312
11312
11318
11319
11323
11330
11331
11332
11343
11346
11349
11353
11357
11358
11361
11362
11366
11371
11383
11384
11388
11389
11402
11403
11406
11407
11415
11418
11421
11422
11425
11429
11431
11437
11439
11440
11440
11441
11444
11447
11459
11459
11461
11461
11465
11469
11469
11473
11475
11478
11478
11483
11484
11486
11490
11490
11493
11500
11504
11505
11508
11509
11523
11526
11529
11531
11531
11535
11538
11538
11546
11549
11551
11560
11561
11562
11563
11566
11568
11580
11583
11585
11588
11591
11595
11595
11595
11597
11600
11604
11607
11610
11611
11616
11621
11625
11626
11631
11632
11635
11639
11639
11639
11640
11642
11646
11651
11657
11663
11669
11670
11674
11675
11686
11691
11696
11705
11709
11710
11711
11711
11712
11716
11717
11721
11725
11733
11736
11736
11745
11745
11745
11746
11748
11753
11761
11765
11766
11769
11773
11778
11779
11785
11787
11787
11791
11793
11794
11796
11797
11799
11812
11812
11816
11816
11820
11821
11822
11833
11834
11837
11839
11841
11842
11846
11847
11848
11852
11853
11857
11859
11861
11864
11871
11874
11877
11877
11877
11880
11881
11883
11887
11889
11900
11914
11916
11921
11925
11929
11930
11930
11932
11934
11936
11944
11944
11945
11946
11948
11957
11958
11961
11963
11966
11970
11974
11979
11979
11987
11989
11990
11993
11993
11993
11996
12001
12005
12006
12008
12012
12013
12017
12017
12023
12027
12027
12028
12028
12028
12028
12029
12035
12045
12047
12049
12050
12054
12054
12057
12062
12062
12065
12065
12066
12071
12071
12072
12076
12084
12085
12086
12106
12106
12115
12115
12117
12120
12121
12123
12124
12130
12130
12133
12135
12138
12142
12146
12148
12153
12158
12160
12160
12178
12180
12183
12183
12183
12184
12192
12196
12196
12200
12205
12208
12214
12226
12228
12229
12232
12238
12240
12241
12247
12253
12253
12258
12266
12268
12268
12268
12272
12273
12274
12280
12287
12290
12292
12292
12299
12299
12303
12303
12307
12309
12316
12320
12330
12331
12332
12333
12333
12342
12346
12356
12356
12357
12362
12364
12366
12369
12370
12374
12375
12379
12382
12386
12388
12390
12400
12403
12405
12405
12412
12418
12425
12428
12430
12431
12438
12446
12450
12459
12461
12475
12478
12480
12488
12493
12493
12495
12499
12499
12505
12505
12507
12508
12513
12515
12517
12519
12522
12542
12542
12544
12551
12552
12555
12556
12558
12560
12562
12565
12567
12567
12567
12568
12570
12571
12574
12574
12575
12581
12587
12590
12590
12590
12591
12593
12598
12602
12604
12610
12612
12613
12615
12622
12622
12634
12635
12638
12641
12651
12654
12656
12659
12659
12662
12664
12668
12671
12672
12674
12674
12683
12686
12687
12690
12690
12691
12691
12696
12697
12699
12699
12699
12703
12708
12711
12712
12713
12716
12716
12722
12722
12722
12725
12725
12733
12743
12746
12752
12754
12755
12756
12756
12761
12765
12765
12770
12770
12772
12778
12779
12785
12787
12797
12797
12798
12808
12810
12811
12822
12825
12828
12828
12835
12843
12844
12844
12847
12848
12853
12854
12855
12861
12861
12863
12867
12868
12871
12876
12879
12882
12882
12890
12892
12892
12893
12894
12900
12903
12907
12908
12909
12911
12913
12918
12930
12930
12933
12933
12934
12945
12946
12947
12956
12957
12963
12968
12969
12969
12974
12975
12976
12982
12983
12988
12989
12997
12998
13008
13009
13010
13014
13015
13017
13018
13021
13023
13032
13034
13036
13037
13041
13052
13059
13059
13064
13069
13075
13083
13085
13087
13094
13095
13106
13109
13115
13121
13130
13130
13141
13141
13142
13142
13144
13148
13150
13151
13152
13162
13165
13167
13167
13172
13173
13175
13176
13177
13177
13178
13179
13187
13188
13205
13220
13226
13227
13233
13239
13242
13242
13251
13251
13256
13257
13257
13258
13262
13263
13264
13265
13267
13268
13271
13283
13286
13289
13290
13291
13291
13297
13301
13303
13307
13308
13314
13316
13325
13330
13330
13338
13338
13348
13349
13351
13359
13360
13363
13364
13370
13375
13375
13377
13381
13387
13395
13402
13403
13404
13405
13406
13407
13410
13411
13411
13415
13421
13423
13425
13430
13433
13433
13434
13435
13436
13441
13441
13445
13449
13449
13454
13455
13464
13464
13465
13472
13479
13492
13498
13502
13504
13506
13507
13507
13508
13509
13513
13514
13517
13517
13520
13520
13526
13531
13532
13537
13539
13547
13551
13553
13554
13555
13555
13556
13559
13565
13565
13568
13570
13576
13582
13586
13588
13588
13595
13599
13600
13601
13603
13604
13609
13616
13617
13617
13620
13621
13628
13630
13634
13634
13640
13642
13642
13654
13661
13666
13670
13672
13674
13676
13682
13689
13692
13693
13695
13700
13701
13701
13704
13707
13714
13717
13723
13726
13727
13730
13731
13734
13739
13743
13744
13746
13750
13754
13755
13755
13758
13761
13763
13765
13767
13771
13774
13776
13785
13795
13795
13797
13798
13812
13815
13818
13822
13829
13837
13837
13843
13847
13852
13859
13864
13865
13867
13868
13880
13890
13893
13895
13898
13901
13901
13902
13906
13906
13920
13921
13922
13925
13927
13932
13937
13937
13938
13939
13939
13939
13946
13946
13947
13955
13957
13957
13958
13965
13966
13967
13968
13970
13972
13973
13975
13976
13981
13986
13989
13989
13991
14000
14003
14004
14006
14008
14008
14010
14011
14014
14016
14016
14020
14022
14026
14030
14030
14034
14042
14042
14044
14048
14051
14051
14055
14056
14059
14063
14064
14071
14076
14088
14090
14095
14098
14098
14105
14115
14119
14120
14135
14141
14142
14152
14157
14157
14158
14160
14161
14168
14170
14176
14176
14178
14180
14182
14184
14186
14188
14192
14196
14197
14200
14203
14204
14204
14207
14210
14211
14213
14218
14221
14225
14229
14230
14232
14233
14234
14235
14236
14246
14248
14254
14256
14260
14261
14261
14265
14267
14271
14272
14274
14276
14278
14280
14281
14287
14290
14294
14296
14298
14301
14301
14304
14308
14311
14315
14320
14321
14323
14325
14326
14329
14330
14335
14338
14339
14342
14343
14352
14354
14357
14361
14362
14369
14370
14375
14376
14380
14381
14382
14382
14388
14392
14393
14395
14398
14405
14405
14405
14414
14421
14432
14434
14445
14453
14453
14456
14457
14457
14460
14478
14482
14482
14485
14489
14508
14509
14516
14517
14519
14521
14525
14528
14529
14530
14532
14535
14537
14541
14542
14542
14547
14547
14554
14557
14557
14558
14559
14562
14562
14563
14563
14563
14564
14567
14568
14571
14571
14575
14579
14581
14588
14588
14590
14596
14601
14602
14606
14606
14617
14621
14626
14630
14630
14631
14633
14634
14636
14650
14659
14660
14660
14662
14662
14663
14663
14665
14665
14666
14666
14667
14668
14676
14679
14681
14684
14685
14687
14689
14691
14691
14697
14704
14705
14715
14716
14718
14719
14723
14730
14731
14732
14735
14736
14741
14742
14749
14750
14753
14755
14755
14755
14756
14771
14776
14776
14780
14786
14789
14791
14792
14793
14793
14798
14799
14799
14803
14805
14806
14817
14821
14824
14825
14834
14834
14834
14837
14841
14843
14844
14850
14854
14854
14857
14860
14862
14864
14868
14870
14882
14885
14888
14892
14900
14907
14909
14912
14914
14914
14917
14920
14922
14922
14922
14923
14925
14925
14934
14935
14938
14940
14940
14940
14941
14942
14949
14949
14953
14954
14955
14958
14960
14962
14964
14964
14966
14968
14969
14969
14979
14984
14986
14987
14988
15002
15004
15004
15008
15009
15015
15019
15021
15026
15033
15034
15036
15039
15040
15040
15043
15044
15045
15045
15046
15049
15050
15051
15054
15054
15062
15066
15066
15071
15072
15075
15078
15081
15085
15094
15097
15098
15098
15103
15107
15111
15113
15116
15119
15120
15121
15134
15135
15136
15139
15143
15145
15148
15150
15151
15154
15157
15159
15160
15161
15164
15165
15165
15191
15201
15203
15211
15213
15213
15213
15214
15215
15218
15218
15225
15233
15235
15238
15244
15254
15254
15259
15259
15259
15259
15261
15265
15266
15271
15274
15279
15281
15283
15298
15308
15309
15314
15314
15318
15322
15325
15330
15331
15333
15336
15338
15341
15341
15344
15354
15362
15363
15369
15375
15390
15390
15393
15393
15401
15401
15402
15403
15406
15406
15409
15411
15411
15414
15418
15419
15423
15428
15429
15434
15437
15442
15447
15451
15452
15462
15465
15468
15469
15472
15474
15476
15479
15480
15484
15489
15490
15491
15491
15494
15509
15519
15524
15526
15528
15529
15533
15534
15535
15536
15540
15540
15541
15541
15542
15554
15554
15555
15557
15557
15559
15559
15568
15572
15576
15578
15583
15587
15589
15592
15595
15596
15604
15607
15611
15612
15620
15621
15627
15627
15630
15641
15649
15650
15654
15662
15665
15670
15670
15671
15676
15679
15680
15682
15699
15704
15709
15709
15710
15711
15714
15717
15717
15720
15721
15730
15732
15735
15744
15746
15746
15752
15753
15754
15758
15764
15766
15767
15767
15771
15774
15780
15793
15797
15799
15799
15802
15803
15807
15808
15809
15810
15811
15817
15817
15818
15819
15821
15823
15827
15828
15840
15840
15850
15851
15858
15861
15861
15865
15867
15869
15872
15874
15876
15878
15878
15879
15880
15881
15892
15901
15903
15904
15907
15919
15924
15929
15931
15931
15946
15947
15953
15955
15955
15956
15963
15963
15966
15967
15968
15968
15970
15971
15974
15975
15978
15979
15981
15986
15991
15992
15996
16006
16010
16010
16010
16012
16016
16019
16020
16021
16021
16022
16027
16031
16043
16048
16050
16050
16050
16053
16054
16057
16060
16066
16070
16071
16074
16078
16086
16088
16089
16089
16089
16091
16101
16105
16110
16111
16112
16112
16116
16119
16119
16121
16124
16125
16126
16134
16134
16137
16137
16152
16152
16154
16160
16165
16165
16168
16169
16169
16183
16188
16191
16193
16194
16197
16200
16200
16206
16210
16211
16218
16222
16222
16222
16224
16225
16231
16243
16245
16249
16251
16255
16255
16258
16260
16262
16263
16269
16274
16277
16278
16280
16284
16286
16288
16291
16293
16300
16310
16312
16315
16316
16332
16338
16338
16340
16346
16347
16353
16354
16356
16360
16364
16370
16370
16373
16381
16386
16399
16399
16405
16405
16405
16409
16414
16415
16415
16420
16421
16422
16422
16424
16425
16426
16426
16428
16428
16435
16440
16445
16447
16450
16450
16458
16458
16464
16466
16467
16469
16470
16473
16473
16476
16478
16482
16482
16483
16484
16484
16485
16486
16486
16488
16489
16489
16495
16496
16499
16501
16515
16524
16525
16525
16527
16530
16533
16542
16543
16548
16548
16551
16553
16555
16557
16558
16564
16568
16569
16577
16580
16583
16583
16592
16592
16596
16596
16600
16607
16608
16609
16613
16613
16614
16615
16618
16620
16621
16630
16631
16634
16635
16636
16638
16641
16646
16656
16658
16664
16665
16667
16670
16671
16675
16676
16679
16681
16686
16689
16691
16691
16697
16708
16709
16721
16724
16727
16728
16733
16738
16738
16740
16747
16750
16752
16754
16755
16759
16761
16763
16764
16766
16768
16771
16772
16773
16775
16779
16779
16782
16786
16787
16788
16790
16790
16796
16799
16801
16802
16804
16807
16809
16820
16824
16826
16837
16837
16840
16847
16848
16852
16862
16865
16883
16883
16885
16890
16905
16909
16910
16918
16919
16921
16922
16928
16938
16941
16948
16950
16952
16961
16961
16961
16962
16971
16978
16980
16982
16984
16986
16986
16987
16996
16998
17004
17004
17008
17008
17013
17013
17016
17027
17031
17034
17037
17041
17043
17043
17044
17044
17045
17045
17048
17051
17057
17071
17078
17081
17084
17085
17086
17089
17090
17095
17099
17100
17103
17103
17113
17124
17124
17125
17127
17127
17127
17129
17133
17134
17140
17142
17146
17148
17151
17153
17156
17159
17163
17166
17171
17173
17185
17188
17198
17199
17201
17206
17209
17209
17211
17213
17214
17220
17222
17225
17228
17228
17235
17239
17243
17249
17252
17258
17260
17261
17264
17266
17269
17270
17273
17274
17276
17288
17290
17291
17292
17293
17294
17298
17299
17300
17301
17304
17305
17311
17313
17319
17321
17330
17332
17335
17339
17340
17340
17341
17347
17349
17350
17361
17366
17373
17375
17375
17377
17378
17381
17383
17391
17393
17394
17396
17403
17406
17408
17414
17414
17417
17420
17424
17426
17427
17428
17428
17434
17445
17453
17457
17470
17470
17471
17476
17481
17485
17492
17497
17501
17503
17511
17513
17517
17526
17528
17531
17535
17537
17538
17540
17542
17544
17549
17552
17554
17561
17568
17568
17570
17571
17572
17574
17582
17583
17586
17591
17594
17604
17604
17610
17614
17614
17616
17617
17622
17627
17627
17629
17631
17632
17632
17633
17635
17636
17638
17643
17644
17649
17651
17655
17657
17659
17661
17674
17674
17675
17683
17685
17689
17691
17692
17696
17697
17697
17697
17701
17708
17712
17724
17725
17726
17728
17732
17735
17741
17748
17748
17754
17764
17771
17777
17779
17780
17781
17782
17784
17785
17788
17802
17805
17808
17814
17827
17828
17830
17838
17838
17842
17842
17843
17846
17848
17848
17849
17850
17853
17854
17856
17866
17867
17869
17871
17874
17876
17879
17879
17879
17881
17881
17882
17882
17884
17886
17897
17903
17904
17906
17907
17909
17909
17909
17912
17914
17917
17919
17925
17928
17933
17937
17939
17942
17946
17950
17950
17951
17953
17962
17965
17965
17965
17973
17976
17981
17983
17983
17993
17993
17995
17997
18002
18002
18004
18008
18012
18014
18014
18017
18017
18021
18027
18032
18033
18036
18039
18042
18047
18048
18052
18055
18057
18063
18071
18075
18079
18080
18080
18082
18082
18090
18091
18096
18097
18099
18102
18105
18109
18109
18110
18111
18118
18118
18119
18121
18128
18129
18135
18144
18152
18154
18154
18154
18155
18156
18157
18158
18161
18162
18168
18169
18177
18177
18178
18186
18188
18191
18192
18195
18196
18202
18203
18206
18207
18208
18212
18214
18215
18215
18216
18218
18220
18221
18224
18231
18232
18236
18237
18241
18242
18245
18249
18256
18258
18258
18264
18268
18272
18280
18281
18282
18283
18290
18291
18301
18310
18313
18314
18318
18324
18333
18335
18337
18342
18343
18346
18352
18352
18359
18363
18366
18367
18374
18375
18375
18375
18375
18377
18378
18378
18381
18386
18390
18404
18406
18409
18412
18416
18417
18418
18421
18423
18426
18434
18435
18435
18441
18445
18445
18455
18455
18456
18458
18459
18465
18466
18469
18476
18485
18492
18494
18498
18500
18502
18507
18512
18512
18514
18514
18523
18525
18527
18529
18538
18546
18547
18550
18552
18554
18565
18577
18579
18581
18587
18594
18595
18602
18604
18605
18612
18617
18622
18624
18625
18632
18633
18635
18635
18637
18649
18660
18660
18663
18664
18671
18676
18677
18680
18686
18686
18690
18692
18697
18704
18705
18709
18714
18714
18715
18720
18728
18732
18734
18735
18738
18744
18745
18746
18753
18753
18759
18761
18767
18769
18776
18777
18783
18783
18786
18791
18798
18801
18806
18806
18810
18812
18819
18819
18820
18820
18822
18822
18827
18831
18835
18836
18838
18842
18843
18843
18843
18845
18846
18856
18856
18856
18861
18868
18869
18869
18871
18875
18876
18879
18887
18889
18894
18895
18897
18898
18902
18902
18912
18912
18914
18916
18923
18929
18941
18944
18947
18954
18956
18957
18959
18960
18961
18966
18968
18973
18976
18979
18984
18987
18994
18994
19000
19002
19010
19013
19015
19031
19036
19040
19041
19043
19045
19046
19048
19054
19055
19064
19067
19069
19072
19075
19076
19079
19081
19088
19091
19095
19095
19097
19105
19108
19109
19115
19117
19120
19122
19123
19126
19127
19127
19129
19135
19136
19138
19146
19147
19148
19150
19151
19155
19155
19159
19160
19167
19168
19172
19187
19192
19194
19205
19217
19222
19224
19224
19226
19228
19229
19236
19237
19238
19243
19244
19246
19246
19254
19257
19265
19271
19272
19273
19273
19274
19282
19288
19289
19301
19301
19301
19303
19308
19309
19314
19320
19322
19323
19324
19327
19329
19330
19330
19331
19334
19336
19336
19337
19337
19340
19341
19344
19353
19355
19356
19357
19359
19360
19363
19365
19365
19365
19366
19372
19376
19381
19383
19385
19387
19392
19392
19397
19398
19400
19411
19411
19411
19414
19416
19417
19418
19419
19422
19423
19423
19425
19427
19429
19434
19441
19443
19444
19446
19446
19448
19458
19472
19472
19482
19488
19491
19492
19496
19498
19502
19502
19508
19508
19508
19510
19510
19513
19517
19522
19523
19528
19533
19534
19535
19544
19549
19552
19552
19557
19557
19561
19567
19573
19579
19582
19583
19585
19588
19591
19591
19595
19599
19600
19606
19612
19612
19615
19615
19615
19618
19624
19625
19625
19626
19626
19633
19637
19639
19640
19641
19645
19646
19649
19658
19661
19663
19664
19675
19679
19681
19682
19683
19686
19695
19695
19697
19700
19709
19709
19710
19715
19715
19715
19722
19729
19733
19737
19738
19738
19743
19743
19747
19749
19756
19763
19768
19769
19772
19775
19779
19788
19794
19795
19800
19807
19809
19811
19820
19827
19829
19833
19833
19835
19845
19848
19862
19879
19881
19881
19882
19887
19892
19893
19894
19895
19895
19895
19896
19902
19906
19911
19914
19921
19926
19927
19927
19927
19936
19939
19942
19942
19945
19951
19952
19957
19958
19975
19976
19977
19980
19981
19991
19992
19993
19996
20000
20010
20013
20014
20015
20018
20018
20028
20028
20031
20032
20033
20042
20048
20052
20056
20057
20073
20082
20086
20088
20090
20093
20097
20097
20115
20117
20121
20128
20130
20130
20131
20131
20132
20134
20140
20141
20141
20151
20156
20160
20160
20165
20168
20169
20170
20177
20177
20180
20185
20185
20190
20193
20193
20197
20201
20203
20203
20204
20208
20209
20210
20214
20215
20216
20219
20219
20221
20221
20226
20227
20229
20230
20234
20246
20247
20251
20257
20257
20261
20261
20261
20264
20274
20285
20287
20289
20292
20293
20300
20309
20309
20313
20314
20314
20319
20320
20322
20322
20326
20333
20338
20341
20342
20342
20345
20346
20352
20356
20360
20362
20364
20366
20374
20375
20375
20378
20380
20385
20395
20397
20405
20406
20407
20408
20411
20413
20418
20420
20421
20425
20428
20430
20431
20432
20434
20441
20442
20456
20465
20468
20471
20476
20476
20479
20486
20486
20487
20488
20490
20499
20500
20502
20504
20513
20516
20518
20524
20531
20535
20540
20542
20549
20555
20555
20557
20559
20561
20562
20564
20565
20566
20568
20568
20573
20573
20578
20580
20580
20581
20584
20584
20585
20590
20591
20596
20602
20604
20613
20616
20618
20620
20620
20624
20644
20649
20658
20659
20661
20662
20670
20673
20673
20676
20676
20677
20679
20683
20683
20684
20688
20690
20701
20704
20705
20706
20707
20709
20716
20716
20720
20725
20727
20728
20730
20733
20748
20751
20753
20753
20764
20765
20766
20766
20768
20769
20775
20782
20786
20789
20790
20795
20795
20803
20807
20808
20808
20809
20810
20810
20812
20830
20830
20831
20834
20834
20838
20840
20850
20852
20854
20856
20856
20857
20859
20867
20868
20872
20873
20873
20883
20887
20889
20896
20901
20904
20909
20913
20914
20915
20919
20924
20927
20929
20930
20940
20941
20950
20951
20954
20954
20959
20959
20959
20964
20967
20971
20972
20977
20978
20980
20980
20984
20989
21000
21002
21002
21003
21005
21007
21011
21012
21012
21012
21016
21026
21027
21029
21034
21035
21040
21043
21044
21053
21057
21068
21070
21074
21075
21076
21077
21078
21083
21085
21091
21092
21100
21105
21107
21110
21113
21120
21122
21124
21124
21126
21128
21134
21136
21138
21140
21142
21142
21144
21146
21148
21151
21156
21156
21160
21165
21172
21172
21173
21175
21178
21178
21182
21190
21190
21191
21192
21194
21195
21210
21221
21224
21226
21227
21231
21234
21236
21237
21238
21242
21248
21253
21254
21255
21267
21271
21273
21274
21276
21279
21284
21286
21286
21287
21288
21292
21292
21295
21297
21298
21301
21304
21306
21308
21313
21317
21318
21323
21324
21328
21329
21333
21336
21336
21338
21345
21346
21348
21351
21352
21354
21360
21361
21361
21370
21370
21371
21372
21372
21377
21388
21397
21399
21403
21404
21407
21419
21429
21444
21448
21451
21460
21461
21466
21469
21476
21478
21478
21481
21484
21486
21492
21497
21498
21498
21507
21511
21513
21513
21516
21522
21525
21526
21532
21532
21533
21534
21535
21539
21545
21545
21546
21548
21550
21552
21553
21553
21558
21558
21564
21567
21570
21570
21572
21572
21583
21591
21592
21596
21598
21601
21601
21603
21614
21614
21615
21619
21620
21622
21625
21626
21634
21635
21637
21639
21640
21643
21643
21644
21648
21652
21656
21661
21666
21667
21669
21672
21676
21685
21685
21685
21688
21691
21694
21696
21697
21700
21708
21713
21717
21719
21727
21727
21727
21728
21730
21731
21732
21732
21734
21736
21737
21737
21741
21741
21745
21748
21749
21754
21758
21760
21762
21768
21771
21771
21773
21777
21777
21784
21784
21786
21787
21788
21801
21804
21806
21808
21809
21810
21813
21813
21813
21813
21814
21815
21817
21820
21820
21823
21824
21824
21825
21825
21826
21829
21833
21835
21841
21843
21847
21849
21850
21851
21855
21860
21860
21870
21872
21875
21876
21886
21886
21888
21890
21890
21894
21896
21898
21903
21908
21910
21912
21914
21920
21922
21929
21932
21945
21949
21955
21961
21962
21973
21974
21978
21979
21981
21982
21983
21993
21994
21994
21994
21999
22000
22005
22005
22007
22007
22011
22015
22019
22023
22025
22027
22030
22033
22033
22034
22039
22045
22053
22054
22056
22059
22063
22066
22070
22076
22076
22081
22083
22084
22086
22099
22101
22107
22112
22112
22114
22123
22123
22132
22139
22142
22148
22151
22152
22152
22157
22159
22161
22162
22162
22164
22164
22169
22172
22173
22178
22180
22181
22183
22187
22198
22199
22199
22200
22201
22207
22208
22209
22213
22214
22218
22221
22222
22223
22233
22233
22235
22243
22245
22246
22256
22256
22263
22264
22266
22284
22285
22285
22285
22287
22289
22291
22295
22295
22299
22300
22308
22313
22317
22322
22324
22326
22328
22328
22332
22333
22342
22348
22350
22355
22360
22363
22364
22365
22385
22387
22388
22390
22394
22395
22400
22402
22410
22423
22424
22433
22437
22445
22445
22446
22447
22452
22454
22460
22460
22461
22466
22469
22473
22474
22484
22484
22486
22489
22495
22495
22497
22499
22502
22509
22509
22516
22519
22525
22526
22534
22534
22539
22539
22541
22546
22548
22550
22552
22554
22559
22562
22562
22564
22565
22572
22575
22577
22581
22582
22584
22585
22588
22589
22591
22591
22593
22598
22600
22605
22606
22608
22608
22609
22611
22614
22616
22619
22619
22621
22625
22632
22637
22638
22641
22642
22642
22644
22646
22646
22650
22650
22658
22660
22662
22665
22669
22677
22678
22683
22686
22686
22688
22695
22705
22706
22715
22716
22719
22719
22722
22722
22728
22729
22733
22737
22740
22740
22740
22742
22748
22748
22750
22750
22751
22761
22761
22765
22775
22781
22783
22785
22785
22787
22788
22789
22791
22793
22803
22805
22806
22809
22811
22816
22828
22833
22835
22836
22836
22839
22839
22842
22844
22860
22863
22864
22867
22868
22871
22872
22875
22882
22883
22886
22886
22888
22892
22892
22893
22902
22912
22914
22914
22916
22917
22920
22924
22927
22929
22929
22930
22941
22946
22950
22952
22957
22958
22964
22968
22969
22969
22970
22974
22976
22979
22981
22983
22983
22983
22987
22992
22996
23001
23003
23007
23010
23011
23011
23011
23019
23028
23029
23030
23037
23046
23047
23049
23053
23054
23063
23065
23068
23069
23084
23086
23090
23093
23099
23101
23105
23107
23108
23118
23119
23127
23131
23131
23134
23142
23142
23152
23153
23159
23161
23167
23168
23171
23175
23177
23177
23181
23184
23185
23185
23188
23192
23200
23201
23206
23213
23216
23216
23226
23228
23230
23231
23231
23233
23234
23236
23238
23240
23244
23247
23248
23253
23253
23261
23263
23263
23267
23273
23276
23277
23277
23282
23285
23285
23285
23285
23295
23297
23299
23311
23317
23317
23323
23331
23333
23335
23336
23338
23338
23342
23342
23345
23347
23349
23350
23351
23355
23358
23361
23365
23367
23368
23369
23380
23382
23382
23385
23386
23387
23402
23409
23410
23411
23414
23421
23424
23430
23434
23440
23445
23448
23455
23458
23458
23461
23461
23464
23465
23466
23466
23468
23473
23475
23483
23484
23486
23491
23492
23493
23494
23497
23499
23508
23509
23510
23511
23511
23513
23521
23526
23533
23536
23541
23542
23544
23550
23551
23554
23557
23558
23574
23576
23581
23585
23586
23587
23588
23596
23600
23601
23602
23603
23604
23605
23617
23623
23624
23626
23628
23628
23634
23639
23640
23641
23643
23644
23645
23647
23649
23649
23649
23649
23649
23652
23653
23658
23660
23663
23664
23666
23666
23671
23671
23674
23680
23682
23683
23686
23699
23710
23712
23717
23719
23726
23728
23730
23731
23731
23732
23748
23748
23749
23755
23757
23758
23763
23763
23766
23768
23772
23772
23772
23774
23775
23786
23787
23790
23797
23799
23800
23801
23803
23805
23807
23811
23813
23816
23817
23818
23819
23820
23822
23822
23824
23828
23830
23834
23837
23846
23851
23853
23856
23858
23863
23863
23864
23870
23871
23872
23873
23880
23881
23883
23886
23893
23894
23899
23901
23906
23907
23907
23921
23923
23924
23928
23931
23932
23933
23936
23940
23952
23970
23978
23979
23981
23983
23984
23993
23994
23996
24003
24003
24004
24008
24009
24015
24016
24020
24020
24025
24025
24029
24033
24034
24036
24038
24044
24046
24059
24059
24064
24067
24067
24070
24070
24070
24071
24077
24089
24090
24095
24096
24098
24100
24103
24105
24107
24109
24110
24116
24120
24122
24124
24129
24133
24139
24141
24148
24148
24149
24157
24158
24161
24163
24168
24168
24169
24171
24174
24175
24186
24188
24190
24198
24203
24211
24211
24213
24216
24217
24225
24226
24226
24227
24229
24237
24239
24241
24242
24258
24271
24271
24271
24273
24280
24280
24282
24283
24285
24289
24294
24297
24299
24301
24309
24313
24314
24315
24319
24319
24322
24324
24329
24333
24334
24334
24335
24342
24347
24348
24357
24357
24359
24361
24361
24362
24362
24367
24375
24378
24379
24381
24381
24389
24394
24400
24402
24402
24403
24405
24405
24406
24408
24410
24411
24416
24416
24418
24420
24422
24433
24435
24438
24442
24442
24447
24447
24448
24449
24451
24452
24459
24461
24469
24469
24473
24476
24478
24480
24481
24481
24483
24489
24495
24499
24505
24506
24516
24519
24519
24532
24532
24537
24540
24544
24544
24547
24547
24550
24555
24557
24560
24560
24564
24570
24572
24572
24574
24575
24579
24580
24582
24583
24587
24590
24590
24594
24596
24598
24602
24603
24605
24613
24614
24620
24621
24629
24636
24639
24655
24658
24659
24663
24664
24669
24671
24676
24686
24687
24688
24688
24689
24689
24690
24694
24698
24710
24711
24713
24713
24714
24722
24722
24730
24730
24733
24736
24739
24741
24747
24752
24754
24756
24757
24757
24760
24766
24774
24788
24790
24795
24798
24802
24803
24806
24807
24808
24813
24815
24819
24824
24827
24828
24833
24833
24848
24861
24870
24871
24871
24876
24886
24892
24895
24895
24898
24903
24907
24911
24912
24915
24920
24921
24922
24923
24930
24932
24933
24938
24941
24951
24953
24954
24960
24963
24965
24972
24983
24999
24999
25007
25010
25013
25014
25016
25021
25023
25029
25029
25031
25033
25038
25038
25040
25044
25048
25050
25051
25066
25068
25069
25074
25076
25078
25079
25079
25080
25085
25089
25092
25093
25096
25100
25101
25108
25108
25110
25113
25115
25122
25124
25126
25132
25133
25136
25140
25146
25148
25152
25158
25165
25168
25168
25173
25175
25176
25179
25181
25182
25182
25188
25188
25190
25193
25194
25197
25199
25200
25203
25205
25211
25223
25224
25231
25234
25236
25236
25242
25243
25244
25247
25249
25256
25260
25262
25267
25271
25274
25281
25284
25285
25285
25285
25293
25293
25294
25307
25313
25320
25328
25330
25333
25338
25338
25338
25354
25356
25369
25370
25371
25388
25405
25406
25417
25418
25418
25425
25425
25432
25435
25437
25443
25445
25448
25454
25457
25459
25465
25466
25467
25467
25468
25468
25468
25469
25470
25471
25480
25484
25496
25498
25500
25503
25504
25506
25509
25513
25517
25522
25525
25526
25531
25534
25537
25548
25550
25554
25556
25558
25563
25563
25569
25570
25571
25576
25579
25588
25594
25597
25598
25606
25609
25623
25626
25627
25630
25632
25636
25638
25651
25656
25657
25664
25671
25673
25676
25680
25685
25688
25688
25689
25699
25700
25700
25701
25702
25705
25706
25712
25717
25718
25719
25721
25733
25736
25739
25741
25741
25744
25745
25745
25753
25759
25770
25772
25777
25779
25790
25790
25793
25798
25801
25804
25806
25808
25809
25812
25815
25816
25817
25822
25832
25832
25834
25842
25851
25855
25859
25861
25863
25864
25865
25871
25875
25889
25890
25896
25905
25906
25906
25907
25912
25913
25917
25918
25920
25927
25927
25930
25939
25939
25946
25958
25958
25962
25963
25971
25972
25972
25974
25985
25988
25991
26000
26000
26001
26003
26005
26007
26008
26014
26030
26036
26040
26049
26062
26062
26064
26069
26073
26077
26080
26087
26092
26094
26095
26097
26097
26100
26101
26103
26107
26109
26111
26112
26112
26113
26116
26126
26127
26130
26130
26138
26141
26141
26142
26146
26146
26147
26155
26156
26160
26161
26163
26168
26169
26170
26180
26182
26183
26184
26189
26198
26204
26205
26206
26208
26216
26223
26225
26225
26232
26233
26237
26239
26239
26241
26241
26242
26245
26254
26254
26257
26266
26266
26267
26268
26269
26270
26273
26283
26292
26298
26304
26306
26308
26309
26311
26317
26318
26324
26324
26326
26328
26328
26332
26333
26334
26344
26345
26352
26355
26357
26358
26363
26371
26373
26375
26379
26385
26387
26389
26396
26396
26400
26400
26400
26409
26418
26419
26428
26431
26434
26435
26437
26441
26442
26447
26448
26454
26460
26466
26467
26470
26471
26472
26473
26475
26480
26481
26481
26481
26485
26487
26490
26491
26494
26498
26500
26501
26510
26514
26517
26519
26526
26529
26538
26545
26553
26553
26555
26556
26556
26558
26564
26566
26566
26568
26575
26578
26582
26584
26588
26591
26591
26593
26595
26602
26603
26606
26606
26609
26612
26614
26615
26627
26629
26632
26633
26635
26636
26636
26638
26640
26648
26649
26650
26651
26652
26652
26655
26658
26658
26662
26666
26670
26671
26675
26676
26676
26681
26682
26685
26688
26693
26707
26716
26717
26718
26720
26721
26724
26725
26729
26731
26735
26739
26739
26739
26744
26744
26749
26753
26753
26759
26759
26763
26764
26767
26769
26771
26772
26772
26774
26774
26776
26780
26780
26781
26782
26785
26786
26787
26788
26788
26790
26795
26798
26798
26798
26799
26802
26806
26812
26817
26818
26823
26824
26825
26837
26839
26843
26846
26849
26856
26858
26861
26864
26867
26870
26872
26880
26884
26887
26893
26894
26894
26896
26896
26899
26900
26902
26915
26917
26922
26924
26935
26940
26942
26943
26948
26961
26965
26971
26983
26984
26985
26986
26997
26997
27000
27002
27003
27007
27008
27008
27013
27026
27026
27028
27028
27030
27035
27045
27047
27048
27054
27055
27056
27057
27060
27070
27076
27077
27077
27080
27086
27087
27087
27091
27091
27094
27095
27096
27099
27109
27113
27118
27120
27126
27129
27129
27130
27131
27138
27140
27141
27141
27145
27146
27149
27152
27152
27156
27158
27164
27164
27165
27167
27169
27169
27170
27174
27179
27188
27190
27190
27192
27194
27196
27200
27204
27208
27210
27210
27211
27214
27220
27223
27224
27226
27230
27232
27234
27236
27238
27238
27241
27241
27245
27246
27249
27251
27254
27255
27260
27262
27262
27264
27264
27267
27270
27273
27273
27278
27283
27287
27290
27290
27294
27296
27296
27297
27298
27304
27312
27313
27313
27315
27319
27319
27320
27323
27325
27330
27337
27351
27351
27352
27354
27355
27357
27361
27362
27364
27365
27372
27376
27381
27384
27384
27389
27399
27402
27402
27403
27404
27409
27412
27416
27416
27434
27436
27446
27450
27454
27454
27459
27467
27470
27473
27487
27487
27493
27503
27505
27507
27516
27520
27527
27530
27530
27533
27535
27536
27539
27540
27547
27547
27547
27548
27551
27554
27566
27572
27577
27586
27590
27591
27595
27605
27606
27606
27615
27615
27618
27623
27639
27640
27641
27641
27649
27658
27662
27663
27664
27664
27671
27674
27675
27677
27678
27678
27679
27679
27680
27681
27683
27684
27692
27699
27700
27702
27707
27708
27713
27714
27720
27724
27729
27730
27737
27742
27742
27750
27751
27751
27754
27759
27767
27776
27776
27778
27782
27790
27792
27794
27801
27803
27806
27808
27812
27816
27827
27828
27834
27835
27837
27839
27843
27849
27849
27864
27869
27873
27875
27877
27885
27886
27889
27890
27895
27901
27907
27907
27913
27914
27917
27922
27927
27928
27932
27937
27940
27944
27948
27950
27951
27955
27955
27965
27966
27971
27976
27981
27983
27988
28000
28003
28011
28013
28016
28020
28031
28035
28038
28038
28038
28038
28040
28043
28046
28048
28048
28053
28053
28054
28068
28072
28073
28074
28074
28077
28078
28084
28086
28088
28090
28093
28096
28098
28099
28100
28108
28109
28115
28118
28122
28124
28125
28125
28125
28126
28131
28131
28133
28153
28157
28159
28159
28161
28161
28165
28168
28172
28176
28179
28180
28184
28186
28187
28190
28191
28192
28199
28203
28206
28220
28221
28226
28228
28229
28239
28240
28241
28245
28247
28249
28258
28258
28260
28261
28263
28265
28265
28266
28268
28269
28276
28277
28280
28282
28282
28283
28285
28290
28305
28313
28313
28316
28322
28324
28325
28328
28330
28331
28332
28333
28339
28344
28347
28349
28354
28355
28357
28373
28374
28377
28382
28390
28393
28394
28394
28398
28403
28403
28405
28410
28410
28416
28416
28420
28422
28423
28429
28433
28433
28435
28443
28445
28450
28458
28458
28462
28464
28467
28472
28473
28475
28475
28479
28488
28498
28508
28510
28511
28511
28512
28515
28519
28522
28523
28527
28533
28536
28538
28550
28550
28550
28555
28555
28557
28559
28560
28561
28565
28569
28584
28592
28599
28599
28605
28605
28609
28610
28611
28613
28614
28618
28619
28620
28622
28622
28623
28623
28624
28628
28628
28629
28632
28637
28638
28638
28643
28656
28661
28662
28662
28663
28664
28665
28667
28670
28673
28678
28685
28704
28708
28710
28718
28723
28725
28725
28726
28726
28727
28732
28738
28740
28743
28743
28746
28746
28747
28748
28749
28757
28760
28762
28762
28767
28770
28778
28780
28784
28790
28802
28802
28809
28809
28810
28814
28814
28815
28815
28818
28820
28821
28828
28829
28830
28831
28831
28833
28834
28838
28838
28838
28839
28844
28844
28847
28848
28855
28857
28864
28868
28869
28869
28880
28880
28881
28884
28894
28897
28906
28907
28913
28920
28926
28926
28926
28929
28930
28932
28933
28933
28933
28934
28935
28938
28940
28943
28946
28956
28958
28959
28959
28965
28966
28966
28967
28968
28969
28971
28972
28972
28976
28984
28987
28991
28996
28996
28999
29003
29004
29008
29016
29016
29023
29024
29038
29038
29044
29059
29062
29064
29068
29069
29081
29082
29083
29090
29091
29105
29106
29116
29118
29119
29119
29121
29128
29136
29143
29149
29149
29152
29154
29157
29174
29176
29179
29179
29186
29188
29189
29189
29190
29191
29192
29198
29211
29215
29217
29219
29232
29240
29240
29241
29243
29250
29251
29257
29257
29260
29262
29263
29266
29266
29271
29276
29277
29277
29279
29279
29280
29282
29290
29290
29298
29301
29301
29302
29307
29307
29308
29313
29314
29318
29324
29324
29324
29327
29328
29330
29333
29335
29340
29348
29352
29357
29362
29365
29365
29366
29373
29373
29376
29379
29380
29381
29383
29383
29391
29391
29399
29399
29404
29408
29424
29442
29449
29450
29454
29456
29457
29461
29462
29463
29466
29467
29478
29479
29479
29480
29484
29486
29489
29490
29492
29501
29502
29504
29505
29506
29506
29513
29515
29518
29518
29522
29522
29524
29528
29531
29532
29535
29537
29538
29547
29550
29555
29557
29557
29560
29572
29573
29576
29579
29583
29587
29592
29594
29594
29595
29600
29600
29602
29607
29611
29613
29614
29614
29614
29615
29619
29620
29621
29630
29630
29632
29634
29634
29636
29636
29639
29643
29648
29654
29656
29659
29659
29664
29667
29672
29673
29673
29678
29679
29679
29684
29689
29696
29697
29704
29706
29706
29711
29711
29712
29713
29719
29721
29721
29726
29727
29731
29731
29737
29744
29747
29750
29752
29753
29756
29757
29760
29765
29778
29779
29779
29783
29783
29785
29785
29787
29795
29798
29798
29799
29806
29814
29814
29818
29820
29827
29835
29837
29842
29846
29848
29853
29858
29861
29862
29866
29868
29868
29871
29873
29880
29897
29898
29899
29901
29902
29902
29911
29912
29912
29916
29918
29924
29925
29930
29939
29939
29942
29942
29944
29948
29949
29955
29958
29959
29961
29965
29966
29966
29969
29971
29971
29972
29972
29979
29983
29990
29996
29998
29998
29998
30001
30007
30011
30014
30016
30017
30018
30021
30021
30026
30027
30031
30033
30034
30034
30035
30036
30038
30040
30041
30047
30049
30050
30052
30053
30054
30055
30056
30058
30059
30063
30065
30067
30067
30078
30078
30082
30082
30083
30083
30086
30087
30088
30092
30095
30095
30105
30107
30109
30109
30110
30110
30112
30121
30122
30124
30127
30139
30139
30141
30144
30146
30147
30149
30150
30151
30155
30163
30166
30169
30171
30172
30178
30181
30185
30185
30186
30187
30195
30208
30209
30218
30218
30218
30220
30221
30223
30224
30225
30230
30233
30233
30233
30234
30234
30242
30244
30245
30248
30253
30253
30256
30258
30260
30263
30268
30268
30269
30270
30281
30287
30289
30295
30301
30304
30305
30307
30312
30321
30324
30327
30330
30333
30333
30339
30339
30342
30343
30348
30348
30349
30356
30357
30358
30358
30359
30361
30376
30377
30379
30380
30382
30383
30389
30389
30396
30397
30403
30404
30407
30409
30410
30410
30410
30415
30418
30419
30419
30425
30428
30430
30430
30431
30433
30436
30440
30443
30444
30444
30446
30450
30452
30453
30463
30463
30463
30468
30473
30474
30476
30478
30480
30482
30482
30494
30497
30501
30511
30520
30526
30528
30531
30535
30536
30538
30548
30556
30558
30561
30562
30563
30564
30566
30571
30572
30586
30590
30600
30607
30607
30615
30617
30618
30619
30627
30628
30628
30628
30630
30634
30641
30646
30655
30658
30659
30659
30673
30680
30682
30685
30685
30685
30694
30697
30706
30706
30713
30716
30719
30726
30726
30726
30732
30733
30737
30743
30744
30746
30752
30757
30761
30764
30764
30767
30769
30771
30782
30784
30796
30798
30815
30816
30818
30819
30823
30824
30831
30832
30835
30841
30841
30842
30852
30853
30854
30874
30874
30879
30880
30880
30881
30882
30885
30889
30892
30896
30901
30904
30905
30911
30917
30919
30924
30924
30925
30931
30938
30945
30948
30960
30961
30968
30969
30969
30972
30977
30981
30989
30989
30994
30998
30999
31005
31006
31006
31008
31011
31012
31015
31016
31020
31020
31020
31024
31025
31031
31035
31038
31040
31041
31044
31045
31052
31056
31067
31067
31070
31070
31072
31072
31082
31084
31086
31087
31089
31090
31092
31095
31096
31099
31099
31104
31107
31108
31110
31111
31114
31115
31116
31120
31124
31124
31127
31130
31133
31134
31135
31135
31138
31140
31145
31149
31150
31155
31155
31159
31165
31170
31171
31172
31173
31177
31180
31181
31188
31190
31192
31193
31194
31203
31205
31207
31216
31217
31219
31221
31221
31224
31228
31238
31246
31249
31252
31252
31254
31258
31258
31260
31268
31268
31272
31274
31275
31277
31280
31282
31285
31290
31295
31295
31304
31306
31308
31313
31314
31323
31325
31325
31331
31358
31359
31368
31368
31374
31374
31374
31376
31377
31380
31383
31402
31414
31416
31418
31427
31434
31435
31435
31445
31447
31448
31449
31452
31454
31478
31481
31481
31483
31491
31498
31508
31508
31521
31526
31531
31534
31537
31552
31560
31563
31572
31576
31576
31581
31588
31595
31598
31603
31608
31618
31619
31621
31625
31632
31639
31642
31643
31644
31646
31647
31649
31655
31655
31657
31658
31658
31658
31660
31661
31662
31662
31664
31670
31670
31676
31684
31685
31687
31705
31705
31706
31708
31709
31716
31718
31719
31722
31724
31726
31727
31729
31729
31731
31734
31734
31738
31740
31745
31750
31751
31757
31757
31761
31764
31767
31772
31772
31774
31775
31777
31778
31779
31780
31785
31789
31795
31807
31810
31812
31819
31823
31825
31826
31828
31830
31831
31833
31854
31863
31864
31866
31871
31877
31879
31885
31886
31890
31890
31891
31892
31896
31896
31898
31899
31907
31910
31919
31922
31939
31941
31942
31942
31948
31960
31962
31969
31974
31984
31986
31987
31992
31992
31992
31996
31999
31999
32002
32006
32008
32014
32014
32016
32038
32048
32051
32054
32057
32062
32068
32069
32070
32073
32076
32078
32078
32081
32084
32091
32092
32094
32095
32100
32108
32109
32111
32112
32119
32119
32119
32120
32122
32123
32125
32125
32128
32129
32131
32141
32143
32148
32150
32158
32162
32163
32167
32172
32175
32178
32178
32180
32184
32184
32191
32192
32195
32199
32200
32201
32205
32207
32211
32218
32219
32221
32223
32225
32227
32230
32234
32243
32255
32258
32262
32267
32269
32272
32274
32274
32275
32276
32280
32285
32299
32300
32304
32306
32315
32317
32324
32326
32330
32336
32336
32336
32339
32340
32341
32348
32350
32352
32352
32353
32357
32358
32359
32373
32374
32381
32382
32388
32389
32389
32393
32394
32396
32398
32400
32403
32413
32416
32424
32426
32430
32436
32437
32444
32445
32448
32456
32458
32460
32468
32468
32469
32472
32488
32489
32492
32492
32497
32501
32502
32505
32506
32506
32520
32524
32526
32531
32532
32537
32540
32541
32542
32548
32558
32567
32569
32574
32582
32587
32590
32590
32594
32599
32602
32606
32606
32612
32612
32613
32620
32622
32622
32623
32624
32628
32629
32639
32643
32645
32646
32646
32650
32656
32659
32666
32667
32672
32672
32677
32679
32681
32687
32689
32692
32694
32694
32695
32699
32701
32701
32703
32704
32706
32713
32713
32716
32719
32722
32722
32727
32728
32734
32734
32735
32735
32737
32739
32741
32742
32743
32753
32754
