25716
24470
28500
20315
2418
29912
11539
32455
7537
15701
1133
11144
12031
12404
26107
16227
3618
30256
20889
4945
26174
10605
24429
25717
12088
5260
23077
5456
14812
7229
20095
3896
23420
19604
13327
22534
31962
15456
4925
12304
4169
15032
19597
19543
13070
31446
25891
257
32268
12841
31878
28681
18849
23717
20388
4149
26827
7006
27926
8264
8079
24917
32422
23161
22683
25233
19470
31781
24106
31090
23299
30145
6696
30275
20594
22290
8598
3342
30474
19360
3889
21940
3834
15208
29006
4668
19196
25553
20233
12140
7826
31969
2206
13206
16783
16049
5911
4021
3290
23326
28456
1721
5231
16322
2903
7966
8870
13347
24927
21187
30904
10281
18135
28922
30847
18134
2319
26331
7037
8497
15419
25055
23328
1411
1491
170
28228
22214
26169
1575
32762
30811
17821
17114
17288
8699
18462
10354
2481
12272
11569
15262
15158
17285
15943
22562
23708
18363
4266
31530
32560
11837
7848
2014
17225
30870
31732
14902
20429
24994
10569
15376
25334
15170
19280
4224
24662
21588
18628
18791
25
31459
5076
15175
907
28314
8905
9045
4826
22399
23528
29648
10268
5342
30874
14994
11155
30850
9162
21989
9520
16939
22415
27543
10071
28477
15883
22097
22242
12982
6547
32036
13416
10594
30735
18789
2751
7762
13732
11963
9919
29578
4753
31094
15433
762
24663
22306
7304
2992
2589
19804
8567
32587
31826
4837
29348
17331
12180
32501
1843
15623
23249
722
2341
13271
4268
24992
32219
27540
19490
6779
22485
32068
12397
14531
21952
19066
40
32439
21168
7302
4021
7750
27562
17385
14044
29729
7781
19468
1460
30997
17745
5937
16583
23960
5337
30377
26737
930
32229
4935
20361
19134
6564
14870
1347
25184
648
24903
5717
5753
16018
31085
26969
19017
7887
24301
14963
5492
14371
32687
31283
14169
22853
2330
5053
21663
8715
12864
24103
13072
8168
30293
15650
26539
5043
21350
13533
10996
17577
24903
29990
18319
1206
21710
8147
22285
18928
17214
20064
16646
356
14854
6873
12392
32534
32428
12282
29454
12099
2820
9366
30613
27881
6565
9781
23915
8586
22173
14081
19240
4652
2148
739
32546
32164
17679
4073
20027
28692
1990
19947
1278
28595
14968
18798
24299
26316
1997
1480
2062
28426
2397
17029
23767
25074
9759
12298
23589
21169
13604
22392
32676
21784
14469
14803
28249
13797
17562
27236
15739
2116
26476
10331
13189
11413
9325
15289
16777
13424
22631
6509
9927
18406
6579
4797
29310
28682
26795
5096
22530
27313
17505
13834
2319
27509
30610
10303
2653
28160
12757
13323
13940
32135
16664
24826
25282
5524
32589
31619
23275
9
18529
818
9824
21602
3182
17415
19507
31802
21041
7961
2346
24848
15806
18046
11282
10060
28530
28783
3157
6781
20266
17832
20175
12005
6066
3854
27870
15415
13953
26260
12728
21919
21411
28511
8706
25347
5622
22825
414
24457
30617
13027
27588
24921
16034
20638
12628
20132
28175
18603
29034
25573
17152
19457
8243
28518
4643
24032
28672
26118
6511
11956
20633
13627
6677
7740
30932
30291
20147
10475
11878
26367
4555
17551
16376
19217
18549
28720
25982
7045
25936
31547
31428
9918
6078
18400
18505
1555
31569
3256
20049
3210
23424
22955
17974
4835
24479
25617
19967
17625
13070
24087
29235
21412
32176
23908
2544
12738
16542
5373
6455
15351
27421
26214
11658
29587
15310
3595
26809
11763
16933
28382
11769
23882
5148
16704
9526
22178
3113
10533
2218
14621
9069
30579
28847
23169
15406
6828
4561
23795
28807
717
8488
20995
14686
31862
21221
3817
407
18250
10026
5646
31111
27545
31007
14799
16044
4925
1090
23677
11163
27073
21502
29096
25657
18377
20864
9373
29230
11693
25542
18477
1431
20840
22008
29616
11771
17329
30716
29002
8065
28775
11589
24941
22624
32306
24043
14239
14998
20840
32257
29822
28125
13869
7971
16641
7643
30175
16462
20224
26777
23473
20468
8951
4406
27797
5200
11015
19165
22112
28152
18237
12276
23080
10417
10007
14742
13809
20102
8260
19268
20873
12572
25260
9943
12977
7488
11696
23737
31869
27842
27315
3157
32254
27270
20697
2252
5150
15576
30222
13802
25290
18944
29003
12632
10583
19222
29204
7187
13854
280
28998
6172
15722
16442
24335
20082
6037
17789
29246
4413
10861
2691
31933
28236
476
2978
26971
17857
23497
13367
18127
14603
11065
25917
1018
1557
22202
18974
16749
8893
13825
28616
23595
11400
4818
20996
5552
148
12576
21251
32050
4046
8822
20794
32294
17252
26773
20337
14342
1406
11103
25366
850
16937
1523
23766
18389
29843
12058
24431
2089
5246
226
22719
18045
30703
9096
4385
9878
32038
24475
17658
28948
4307
23391
31887
23543
25735
18288
5658
15457
26985
16039
13852
1437
25386
23873
4596
14689
10043
21310
18609
11600
23613
30216
15909
18883
19897
5461
11322
9673
10257
5966
24202
9325
12470
8177
19497
30519
20124
18356
965
10741
30443
9579
7666
7098
20984
12139
10687
2344
11379
14320
18317
3051
2274
2236
26145
13190
25933
25089
22007
6994
2363
24705
9945
8643
28638
3828
945
9454
8843
9898
156
26696
5997
17265
3903
1969
26745
3769
3422
7089
30372
9718
8618
29441
19796
16454
23259
1357
23061
22356
17663
824
19598
22396
26898
10145
12979
6960
27342
11812
9532
13722
14532
4836
6229
20610
684
32648
9367
8563
27130
2436
23607
14873
8370
9626
125
14318
27260
29856
11128
5910
13307
19843
16881
11398
13403
10380
16797
2924
19753
20450
16278
22987
7272
31057
11020
22630
29921
11593
10296
8672
12474
7978
6034
25889
4682
23230
7492
7932
10028
27399
15582
5902
24978
24124
23883
9193
23516
19214
18692
31346
31338
15151
32387
3207
24494
7957
25851
15077
26245
12028
14662
24137
5831
23850
18207
27606
18460
15734
17041
14519
26386
1547
21935
8453
4205
3434
13958
5611
30399
27054
22864
22280
17976
5396
4843
23316
31422
15290
16265
11207
23616
5799
16808
14582
5448
30732
27973
26368
6096
27849
13132
23656
17495
5939
8532
21187
1844
10005
2441
28373
24617
4853
26345
25591
2107
30360
20916
26299
10689
15048
6173
13011
24252
27220
20294
10287
26982
22617
28779
17254
23310
31680
22110
30039
7458
9224
12083
7696
4238
27461
13884
