5901
3059
29887
6802
9318
305
30568
15533
19474
15220
8972
24506
20794
16465
14777
1315
6382
25764
28847
12729
26383
9696
13411
12709
25196
11683
28106
22689
9259
13198
11475
4712
22123
12627
23606
22378
9767
7439
25196
22981
3165
7643
21502
32369
12912
28317
6915
30394
30156
25381
14308
3572
20168
17269
32611
32618
7888
29023
31196
26775
10691
3158
18378
11161
16026
1918
12172
21986
21323
26117
14442
24369
6124
4534
30419
21696
17692
32715
28136
17599
10655
6147
10815
32258
15176
4597
31200
30711
12060
15524
26004
30426
23732
25683
20320
16428
28899
19099
23116
29537
13209
25786
32616
23257
25863
21550
29713
18705
30212
19843
17777
22043
8112
24937
19781
4427
7767
23561
25571
31540
5016
11929
29563
23506
21446
5934
20637
18697
8846
31442
31739
29006
8922
9687
12657
32421
32246
26219
26690
9675
1521
13676
10405
13748
22343
24957
23168
15160
15804
28761
29043
3337
24715
10855
6680
21480
31168
1167
19593
25368
7395
23629
26659
29971
20694
14851
15498
8317
256
3476
9197
6486
2476
6446
4748
4723
25515
32359
16247
21295
13121
8588
19096
21854
15935
22325
1011
32642
3436
4125
14381
20290
15657
30513
9803
2071
16725
13799
701
14921
8303
21201
11163
13850
27130
24178
29230
16192
27686
25168
7602
5273
27820
17994
2906
8219
26874
8236
3989
25354
8592
8577
31888
29293
29866
6057
29180
6082
19487
12843
23057
27121
8841
844
14291
29311
25510
28384
10900
13060
11262
31584
19130
7903
11206
14653
17346
23848
12549
13428
20357
26342
7413
9315
30394
21890
18604
19930
15037
30076
7419
19318
3215
29021
24983
12330
13597
10477
1910
14367
4805
2213
29308
31678
20502
30055
1623
22795
30679
8301
31400
1844
2635
22400
14947
2153
30644
9578
21112
28143
9238
22189
13235
8816
22589
13941
19424
11926
17409
6092
14900
11224
30153
32525
8936
22931
27470
32667
26151
2140
8098
8658
15914
20373
14960
25918
2210
16702
17541
13067
16214
4110
1423
21693
25613
23490
28453
17186
25518
6070
14600
24964
13478
16306
4777
31010
13450
20230
3563
2274
2301
11737
10025
15680
2005
2238
3707
9354
27257
18056
5685
29519
20621
4192
27313
27925
21970
8212
30543
17738
16199
18610
7353
3197
917
27990
7276
32206
12969
23104
23924
16547
163
13353
28278
29341
30703
29143
26868
3531
5809
5104
6605
32541
23399
3852
4867
283
1226
7181
2753
3798
2292
25267
11165
799
1992
12907
14874
14328
15503
15720
13169
14920
13023
2549
18833
26067
17089
3594
24676
32104
6162
10525
28756
4956
18730
28730
29198
22072
16572
86
14213
5551
32509
19169
22074
5075
30217
4250
1724
30344
1410
32423
7530
27960
22906
8677
128
24264
12435
9341
16210
13259
19812
2488
11986
4342
5919
23572
12120
5588
11633
407
32675
29627
29610
10851
16667
28927
22302
3467
4440
11365
21707
26661
23784
13531
572
29344
20301
18790
7597
16472
1094
21851
26991
15720
24144
31954
22158
16063
9835
19800
17074
22647
22817
26340
19779
28258
17605
12557
2000
13029
23801
28793
1458
2057
26482
20633
3820
30415
26112
13715
31318
12484
25032
27264
29435
20438
31700
32728
11455
18534
26319
28202
19525
16798
11785
20753
1551
18437
28098
20067
14567
3664
24740
32171
1918
12412
26257
25562
13652
11545
26783
22329
19159
2281
15969
24482
17615
20649
30825
26352
21241
27951
13322
19892
27122
32181
23651
14378
11351
11381
31896
10091
28459
12662
1891
13027
23929
30629
14284
30214
32570
6183
28468
1599
10104
8174
13464
1321
3508
21386
14612
8962
5766
25922
1446
9565
3971
20836
13877
17942
25187
21721
26066
32395
868
12796
12349
4873
7913
14253
27819
29317
19047
16032
1478
16013
15489
4347
4854
3966
20594
28705
5855
18678
22700
11464
1835
4748
1214
1362
393
18623
24187
15962
20981
31277
8793
10637
11835
17670
30487
3771
19126
10431
18595
11053
11358
8203
19002
15162
23554
5895
25553
16917
24273
4532
3764
1001
6175
5803
25965
26152
30822
12812
27367
10784
7563
9400
19667
13775
18531
5056
9547
24312
19318
19485
32693
27766
22275
28321
9451
16849
17988
6189
29337
26895
20978
23077
16870
28364
19468
5921
8534
17549
18645
6117
26094
7506
22812
27796
22426
30826
14783
28192
31949
20107
7282
29701
18791
5410
28093
4663
13531
3048
15428
29528
31633
2230
9547
9007
3977
13722
27257
23894
31810
29994
5340
13362
16858
24856
18734
9256
27510
5895
12631
26382
25828
18333
7986
7136
21375
15322
19604
5813
30291
17576
23691
27889
20866
18611
483
4539
10471
25722
28399
5810
3576
20647
29318
25819
1265
667
26187
478
1327
15182
21041
13683
22745
30806
26943
8983
8134
31557
17297
11267
31131
23352
31136
11614
6964
21677
1219
28338
21318
19349
2293
21661
16962
13227
27608
11209
18812
21251
23802
8221
30092
4838
13143
13365
26612
21213
17440
19728
1028
29196
5819
9737
25339
705
6667
16649
21359
23629
16113
9978
26607
32531
7187
3199
22758
32478
32476
12002
15810
26488
3524
32078
24918
20344
24529
25150
13693
3419
11613
16693
10753
17110
32283
31920
27323
12907
30805
6232
18683
4923
13687
19325
21546
22299
16337
6080
26029
5865
7577
14351
9229
6433
3375
31703
16725
9899
22181
25204
30908
8695
22143
2797
3972
5196
9655
19422
23842
9565
773
1973
7839
12574
24925
4385
6462
28629
16312
13256
20575
25716
11799
13625
21155
1318
9157
25121
25169
21032
2781
31681
31993
20186
9485
6559
1623
4374
11673
21372
6777
23232
23715
18311
19236
29086
12201
20688
19573
10602
6991
511
21700
21542
2655
14406
13261
3248
19982
23188
25874
3990
25473
6412
8571
5675
12943
16565
13376
26587
10697
30579
5896
5563
23479
29750
6483
5220
357
1905
5909
10242
1566
1998
675
22184
120
30496
17875
21735
15505
29592
15967
8350
15255
18749
22923
15891
19598
14230
4872
19267
8781
16297
23319
23927
2762
3626
10226
23832
11160
21996
13927
21444
26542
11931
15814
24737
21098
19373
6909
18162
21462
8086
14082
19176
25129
16187
11377
20666
29841
6570
28791
29176
4911
22536
750
32028
10339
31178
27081
4962
30539
297
31667
22745
23430
17359
15859
27322
13886
13271
22931
4089
11365
13556
27585
22555
6718
20976
13685
7239
24608
26201
28244
5791
27767
4215
16085
977
9995
32640
9634
744
8581
29199
19521
10089
12591
30931
3827
29083
22011
20868
15324
8486
4807
28188
19813
5599
6879
31811
9183
13027
30915
267
617
30691
4651
23773
21267
17598
11593
19380
30275
31573
23374
13704
8536
29595
27695
25358
4238
30187
20393
27294
4129
12191
1923
26996
8374
21982
3859
23836
15094
27317
23555
12584
30332
22633
23637
21796
6129
22284
5541
28364
19061
20559
18862
31868
2113
13719
17424
31719
30347
31827
13649
26892
14506
13452
16161
10598
32379
28093
5602
14179
20995
24038
23399
8728
26710
32476
5884
13619
31159
5603
28327
23857
25856
22910
1454
7121
8773
10630
9305
8392
18612
3450
3321
23222
11199
27926
8745
5209
21374
14119
16980
29184
21582
27293
31864
25411
18879
13794
553
23794
30893
8298
31448
28491
23724
29324
7253
3184
9386
20368
11411
4888
25295
13833
20652
29060
29608
23141
19748
29877
24709
4034
7026
6108
16671
13059
30908
26642
24702
19491
20963
20553
10522
22986
12479
24962
7233
31518
3756
27457
22712
27612
12357
30782
29861
1703
28271
862
11948
16800
4250
30945
14937
22838
7235
22493
11198
7488
15805
2027
18013
5193
11826
14112
13128
26922
15077
21567
25222
22239
20921
31020
7097
1683
14071
22948
510
5117
18508
2604
3861
11247
28945
13127
18882
31020
13263
1260
15218
21371
27907
32311
26914
25849
13086
23903
21373
14771
30672
19432
16964
28020
20102
6938
24307
27612
31794
9393
25250
30386
13386
9174
23337
26235
10003
6734
19335
22860
17695
5618
11141
17372
23572
27231
2710
6365
28848
13038
23042
31373
31242
12519
8771
10888
25115
23025
10159
11232
28540
10957
16984
19311
31857
4676
27953
620
7975
2142
20594
26429
10042
9685
19261
8332
5242
20425
16513
3741
27375
19381
11039
7903
2075
20386
15691
32193
23934
25243
3893
6854
13408
8544
8425
13020
24266
15199
13172
21738
31190
15327
15689
5288
9512
29567
32227
24499
21437
5599
29867
10465
6628
24477
16155
24017
7305
22659
8740
23239
1465
1534
17101
20663
8803
8658
21022
20896
3420
10509
12348
30492
2982
22329
19157
22324
32242
25046
15038
15224
2915
2056
25819
20048
27029
19084
8768
12941
26078
24560
13205
14659
5076
14596
959
10715
17679
10636
32189
20580
11824
2359
31183
17962
23841
24789
1502
10378
25759
30660
3352
12804
24822
21931
8923
27026
14860
3179
29908
23608
18081
24147
10344
5341
13525
5268
10066
18009
23531
6644
8078
23503
23372
11718
14966
25405
10959
17177
20268
1617
55
24624
5175
1407
11774
4658
5233
26960
24401
18723
27424
24061
21851
12307
2915
27964
2502
21909
5840
2650
23167
14451
1883
9354
8890
3232
12409
13181
25911
19566
23430
29234
27587
27137
868
15376
1
13572
29542
16434
8554
18586
19820
32514
23699
5528
15183
17929
10158
23793
20351
7685
26708
11890
22762
24380
1666
16303
11808
24593
12513
12093
13237
29141
13898
2081
8679
8159
6281
6537
19841
25823
15457
30394
30720
19055
23249
13130
27379
9963
6038
12175
25256
28035
24817
2391
3076
17550
31914
1241
6579
22049
26197
492
13442
3809
25300
20855
19208
16149
27933
32553
1164
20992
24638
25450
23331
3949
670
4497
8473
7051
22149
30295
30098
10491
21470
14987
27761
4392
28476
15880
28025
18135
4636
16101
3762
22271
26730
235
28175
27610
10054
2380
20045
1596
12551
17041
31518
24868
14976
7381
14471
13200
21891
32305
16775
17558
1188
6007
6649
1457
15423
28963
14267
10073
29885
17550
18192
23510
12818
30053
3651
15445
9354
16218
13454
1084
18118
27673
28729
5819
7425
9598
24582
675
31129
14341
5069
30844
27338
22914
2148
26322
13756
18450
6849
12495
704
21841
13923
13071
7894
12749
17134
2735
30324
3259
5397
21159
11650
23529
26300
19290
30889
24564
6750
8300
7117
14523
19885
16596
12760
7699
32633
32050
8634
4285
19667
24674
25774
6037
2418
30289
446
23819
14166
29967
25225
16599
8618
31782
25924
12777
7919
24107
20479
25759
15959
10386
2345
14651
25711
24006
14679
26260
6913
5498
14913
15628
6201
30521
30477
5569
16646
17221
8657
16904
10947
23966
25171
3863
24599
3937
25107
12801
27930
29267
22923
12264
30393
15038
693
5741
24923
21372
5326
6252
19141
81
11610
25319
23354
31358
19048
15935
12775
15250
14871
20394
28799
27268
9049
3809
10787
7935
3063
17433
14724
28413
32725
8757
16971
31383
15736
20794
25017
27163
3013
32003
21130
4704
7435
15414
2080
13142
9028
25462
1245
1249
31128
6362
28625
1512
1827
15262
11669
16809
16120
29721
118
32591
24934
32751
29654
4038
25210
3720
5840
11726
6596
16833
18971
9294
8030
9953
9521
12011
31275
15310
14000
18650
861
21633
9216
24050
9018
29879
27702
4614
19231
29161
21048
4721
20677
29055
12834
9714
3779
5953
17897
28347
28244
30734
7487
4804
15963
9424
19638
15973
31652
25007
6183
13604
28269
23941
7253
25804
16677
32146
15310
11967
29811
4466
21266
23436
21626
843
30711
27844
21340
22603
18508
16650
27900
5458
3005
15978
30729
23531
11510
30444
2104
21377
19980
31592
17872
13008
31768
20635
24172
32153
17957
14971
29436
19098
15180
20936
9998
9661
5149
6116
13644
25232
2881
31972
11589
29429
10590
3047
15984
5659
2107
12710
13421
29612
20773
20813
2191
30536
31377
7050
11416
51
2306
23523
29379
14666
22317
12364
14088
11580
10587
24313
11675
27382
4112
15985
31414
20063
24042
25572
30616
16710
13515
3006
18638
2200
28219
28796
10673
29143
25351
958
4400
29895
22062
15774
5071
7531
1790
30273
9968
21039
11899
32171
10577
19047
27648
26072
21719
18680
25897
13064
32138
28501
7407
26202
16864
15534
17941
5788
4158
3428
5316
2914
9660
11967
21362
3669
27177
23267
16136
26318
19791
12544
28227
13220
2423
32202
18522
5954
28464
26665
20194
27132
7757
22065
16111
26275
20525
7764
19837
1366
5951
22742
782
30876
14276
25986
31380
176
32215
31132
1936
2332
13483
18966
1916
17545
8981
9734
25191
15062
12618
5464
32479
32103
7145
20416
11539
30144
22588
8179
19769
594
3515
1815
13614
21908
18641
13432
6492
19286
19171
9596
31969
10323
7055
473
27886
30725
16177
2053
2924
31933
13996
7663
11494
26098
11367
23020
3491
16601
29333
6132
25106
22327
14010
28430
18028
28788
3690
6921
20884
10480
16724
11885
20290
21402
29824
8369
25952
6590
6869
3246
10420
19742
20190
13140
25792
8261
31182
5788
6886
14616
27585
16573
31952
20910
18756
2979
26127
23393
29208
31901
6402
22565
17715
2134
17146
24089
26120
21254
2971
31068
26376
16617
13190
24610
32105
27377
1589
11527
8742
19384
8997
5027
17479
14520
25147
17246
28770
31678
22369
27781
4450
8348
14704
7070
11911
19230
12370
24313
19118
10560
20072
27272
18643
21918
14633
11760
31188
15916
17676
4320
14199
25383
2216
18850
12463
588
11034
496
19227
583
29096
15880
15824
12910
20644
14851
18776
12975
914
12642
12538
6087
28813
17642
22844
8117
23270
29362
12199
2671
10511
21626
16330
27347
16823
6206
6530
992
17463
26379
27768
1574
8237
11794
31978
16763
20582
32251
21935
7920
15618
29819
23413
30468
2258
25641
9550
6167
19973
11917
15979
4385
3588
1146
13606
5283
22682
158
6982
2014
28248
20568
23423
4676
25144
24265
2105
16684
32384
13870
1939
5065
28905
2925
16550
861
513
10221
11790
23466
23502
9643
31143
30633
9140
12683
1428
13951
27544
18412
1670
15533
15942
8062
4922
21895
19216
13912
19780
2279
29880
13637
1804
14626
18321
7519
2838
23867
6880
29664
26758
11095
24968
24628
26851
18289
28135
28755
4891
19023
11515
30541
24519
13493
7369
14886
689
8920
511
24293
28051
21525
8408
20968
28706
23267
32064
5498
6475
2311
26169
12200
15805
27655
20605
10832
18343
28128
17508
22906
13251
28155
25353
23531
24467
26206
18088
2552
3307
28960
16971
18073
16047
16927
17574
26302
21214
26869
25151
8934
32207
28455
19154
18157
2747
9888
11763
5157
1404
15454
21237
2473
12692
25452
26635
1774
29297
11280
19629
31899
2288
23365
23357
8091
18975
22123
30187
21104
13127
30526
23254
14538
32554
23557
883
10584
8329
2059
4915
29150
17897
26707
6496
8584
19095
4232
10824
19838
14570
17459
5022
952
16840
8241
12317
24596
19819
30819
7790
30629
2405
15783
24396
3662
6114
7
7910
19088
17454
24881
11653
23457
24695
2855
27502
17854
12499
32568
11274
18625
1925
20783
21572
5366
30332
8906
14387
16939
14876
29550
31737
15622
16705
6168
31723
7836
30337
28567
32754
8766
11954
9977
15920
11670
24748
8771
28903
7924
2640
23909
919
21986
26314
22892
7015
10750
23058
27130
32454
17417
13753
30451
8274
3387
15074
1658
20729
10457
32143
8988
23902
11274
3358
29258
6782
2023
1555
3853
9619
22993
28951
31989
23353
5639
4929
18259
18895
16503
5013
8359
8992
10197
6602
5724
28994
22251
19025
11443
4799
12336
17298
30462
16883
26523
121
14
11189
20153
17457
5870
22842
9982
29487
21458
28981
28249
32115
26954
5187
23050
15882
5563
22663
29624
29656
18704
10385
3262
14228
21165
2437
31687
4884
11172
3193
22682
7627
12588
28446
10807
17040
25423
12195
15138
4768
31714
6102
2047
18919
29114
909
31839
26747
15389
26180
29146
1386
27255
21511
9566
16053
25678
4499
5830
27292
25976
28600
1710
28188
2700
30209
1670
23735
406
8343
20198
17779
13071
13667
20513
20773
30476
29811
12573
5615
10933
10143
12386
17416
14841
21868
7024
4027
29056
6960
20566
31923
11489
29303
32128
28277
13590
26022
5073
8750
25389
30686
7922
30127
23359
17443
30697
8118
29606
6078
1517
15727
7275
3039
376
22842
23294
25223
28063
20143
11818
10917
15263
12255
28231
28544
19640
4061
32178
30548
17982
22142
23930
21824
27629
348
31324
21087
29821
30241
17906
29238
3190
18946
28711
5710
31558
8841
21742
1313
7824
5016
29236
22587
12232
7851
31250
5529
2045
14173
21832
30805
22005
28974
10727
11397
31359
14979
14925
608
32517
18670
12374
23714
23137
6832
10449
24114
30705
12668
4913
6914
13550
27262
14725
20535
18425
6044
1195
26507
18167
15868
20672
18927
16159
7622
26074
17780
4945
26411
26874
2667
5290
16550
22844
971
2389
641
27985
3796
5540
19356
25903
22002
15199
21354
9223
21220
25436
7484
9848
15389
9551
28866
10498
24939
16868
15310
4797
15318
779
16732
30795
13515
30355
14800
19211
26746
14075
18558
2191
26492
13957
27247
32337
15289
16523
16994
30113
13449
9494
26130
23522
15897
17069
4279
15094
18449
25195
24271
5623
32627
6741
30494
32296
24518
10730
17652
29739
24437
1275
10158
26996
15218
188
15231
30205
9758
22300
8049
5691
23917
29778
23718
1362
27717
17080
21220
1925
6952
26845
20049
14576
21523
11733
10874
13433
32166
30676
9882
9988
4484
6396
20250
8934
29181
24178
8276
18332
17131
5559
18076
4542
18905
31798
8065
26414
6507
19737
24656
13205
3066
24929
1498
10512
20862
5686
29047
31014
5297
28027
22347
6654
31601
7334
25032
27598
1638
32207
11892
21143
5094
5894
2029
6160
2581
11242
298
10719
27729
3448
22019
2063
24525
7200
13556
30655
25467
12318
22046
19991
16176
23559
910
26497
28163
15778
30402
7957
2038
20730
12137
23124
28376
31153
10091
32026
17001
13975
2089
22990
24512
13179
17670
29148
28650
11586
16166
6757
18900
23606
22134
22837
11114
22688
3052
3573
3585
11672
6416
15265
6642
3612
8379
1597
32136
24672
23838
14532
11037
4965
28423
26466
17023
29389
12896
482
10649
27886
15352
27242
6223
32549
25735
25702
7081
15468
1260
28610
21556
8751
18360
25692
29605
12124
13296
25017
15808
29114
21775
26359
4216
32123
9291
9986
14168
788
5913
27915
3617
30540
30451
9526
14005
403
26201
23955
26163
9366
14102
21328
3428
21776
30148
24621
24662
29411
20114
23599
326
22631
12101
18329
21187
29698
19069
20760
13585
8185
24634
3134
13004
11397
28574
27697
24781
20522
13813
22181
30034
29252
7922
25351
23128
995
2619
6651
16204
23256
2601
18697
28131
17168
32712
16019
26183
14881
14374
523
1651
2339
28362
23651
16608
12481
22914
17604
9825
23439
8546
1410
18251
19103
27913
11600
12250
28751
24614
8368
976
11620
13371
24494
32095
25693
20129
21454
21321
22273
30669
14915
19014
571
6097
32353
30118
27687
7205
6229
27447
6253
27304
17428
28265
5838
1506
9361
22192
24572
18060
10035
13610
29871
20050
15238
32130
29429
6103
13105
13844
5577
18426
24104
29522
21224
9304
14114
8806
2784
21265
13390
26393
32618
18384
4161
4339
1017
517
7987
27555
7315
117
1132
28322
32480
3573
23545
4116
10625
19314
11427
16111
1442
6965
13858
18526
18131
20837
28557
11368
32019
19918
18965
9677
3374
25312
3059
26928
842
11771
22431
24443
29628
17642
13123
24448
24096
23725
9327
10972
18088
19835
13326
12833
31156
6151
28313
25652
11683
20483
13450
3315
30441
4066
28436
1819
16994
23011
32017
17769
18919
2635
27708
30464
14110
16113
21152
19211
26774
22528
23632
6051
3347
30201
24921
26611
2342
6391
6133
13722
23297
17719
14081
20816
28810
20695
7345
16077
9134
16094
19843
2023
20728
19325
24433
19194
15458
3477
9579
2188
14443
20856
12036
29745
17257
4340
28780
19629
3873
11406
9886
32601
9877
18955
19418
6856
9757
31797
12374
21673
14777
6107
2865
9967
21926
23066
6056
18480
23855
17371
4748
843
11206
20125
11251
12878
13395
24181
16687
24727
10956
5458
29436
22585
27654
27526
27645
7841
6091
12674
27498
9337
4396
24289
26627
11468
22808
21161
24392
12139
30510
26829
9451
14992
25808
2294
18054
6082
11897
4738
22410
14328
16208
18893
14711
11009
2813
10928
13395
9763
2491
17480
29525
24067
15022
505
14817
14276
8312
1458
25785
5491
27655
30578
2929
16803
18864
28171
22051
15956
1154
21798
23397
31514
29652
29831
6776
13947
26401
31890
26050
3736
1046
15374
20862
1296
19176
25386
31411
31265
13547
30653
14946
25360
8545
24274
6404
16331
1167
8036
5684
5070
3351
16998
6312
26179
13185
29703
6757
3437
26651
18995
25907
18758
21251
21597
29519
29031
23170
22652
18529
14889
25499
24915
22189
21770
228
502
17549
28754
917
29322
9759
23030
8927
27212
32571
18876
11647
23253
8616
5792
31122
28828
15247
23414
1707
31932
10799
20178
1571
11255
25811
21029
15792
12027
5121
31784
30777
14309
10485
8830
30953
28932
2382
9877
9347
20703
8966
2509
21749
28537
31911
3292
2863
16595
5564
24177
29493
22707
11142
7447
28275
7076
13809
12380
6226
318
12486
15667
30984
19367
1314
14744
23220
22618
10023
25458
29866
28199
15345
7869
24843
11387
23500
32488
4250
32738
17572
32636
12490
16330
4285
12287
14364
22922
17828
22296
3239
11427
20325
20724
30968
31813
15358
11495
25373
6677
19220
20055
31229
11821
9701
5334
19691
16484
21374
20366
378
26320
15661
32738
7058
15754
22330
12114
3011
2993
16850
23711
30682
14770
30276
17456
29106
31942
21616
1973
4173
23484
9339
30986
7971
28920
24776
3166
22458
3516
23588
13716
22903
8870
6209
13545
21428
4474
24678
5848
5651
19490
31844
27451
31505
25843
4044
30642
24798
29746
31071
26952
9324
30423
18118
18772
21189
2704
4228
14750
1187
11017
21032
15299
6202
21611
4807
2011
15705
12067
29097
13912
1969
10468
27459
16689
31604
7919
27237
8257
18467
32146
31157
1258
9633
30958
10588
30973
1931
17150
31999
25822
6860
25301
30193
16611
16747
4391
3495
30206
168
15883
13420
12700
5448
9215
10325
12492
8749
3117
14456
18084
11561
10221
18521
8672
24084
9098
10149
5581
13340
22089
4643
27238
9565
13223
27623
30652
23730
25059
3529
4251
2506
6588
13845
106
30590
13180
29060
8275
23649
1333
4203
18340
6553
30283
31795
7029
23534
27698
265
396
21281
29817
24534
14973
29567
20488
15474
26389
30133
17318
15381
31993
2278
20926
26638
28299
27387
16738
10423
2573
23355
5776
27816
21513
6939
24500
20523
24816
29015
31855
22768
29185
25409
16791
6658
22892
6233
7807
21498
27064
7199
10104
25971
29794
29221
10647
8125
7111
12392
11193
21462
31811
5088
197
11157
28827
17238
20273
9001
30104
13430
12744
14018
28917
26405
21930
6286
24444
27413
14740
743
11883
25494
29281
31435
17436
32175
6353
5772
31717
3181
17546
7368
6462
16251
14428
3996
30241
10227
9161
30741
28855
32628
7621
1511
23600
25973
15546
22370
30962
1752
28623
32161
14327
25538
32106
4357
19824
10155
19187
27106
22191
18353
20956
20855
5955
23346
26078
16164
4453
25241
12421
30167
32147
28792
1518
5576
25978
26840
30416
30310
26137
19149
17337
23696
23844
14413
5530
24841
1446
12353
8070
6950
18411
11997
3511
25546
16541
10285
26066
17556
17197
4337
15467
26455
23412
27051
25548
6603
4763
32758
30706
14722
31544
23065
27609
7197
18617
220
31738
18367
30214
7067
10769
4034
16226
4760
9763
27049
29586
11157
18624
3670
24642
21667
646
15230
23972
4405
25830
10585
15706
15736
10283
2206
8342
7143
21175
7342
31104
24858
26000
17935
15320
12766
12828
4381
220
18315
15657
7420
8812
11922
21296
28369
4460
21334
12763
1330
27498
20797
27332
16347
4992
14342
25472
28578
21116
15197
5852
8877
16959
172
31590
226
2147
32565
13104
19615
9249
9822
26832
23467
21361
15947
32171
7277
21362
14002
28020
31580
13
22507
2799
15543
5845
2631
31227
7798
8498
10147
2767
22144
18879
2877
23172
16670
8432
21446
23764
21424
5368
3000
13089
10143
8426
11241
29880
12690
30494
11361
19544
30949
10966
5992
3822
25431
7457
21220
12195
26882
12544
5090
13592
17553
2760
12403
5104
29613
24263
17337
4752
7096
4906
22593
6690
9918
14622
3219
6368
11432
8502
26120
22927
31923
3853
17884
29769
23329
20524
13444
15488
18223
14894
30530
20544
23878
21538
9206
11444
10613
12080
10039
27628
32287
12928
28834
4061
8945
24151
14706
32426
28695
19075
6482
5154
10672
25594
23919
27785
12159
11710
21968
19611
21731
2307
3306
19150
29961
18580
7535
7640
5984
4979
6760
13425
14413
23231
15747
31322
2593
26331
20398
28318
16968
16333
32740
28440
18114
29924
7239
23861
20440
1950
24944
32763
20999
32200
21507
18250
17473
24295
22662
21602
5717
8407
32115
27558
27563
18354
11147
13216
28212
15604
12398
25924
19873
8668
22377
20857
16083
8469
1167
24533
3987
917
1547
27304
8836
3270
4020
7229
26453
25059
5346
12636
9019
165
29824
17683
7583
2336
11107
2487
1300
24295
218
4901
8331
25975
24967
5709
8394
23507
23661
16882
9754
7019
30281
5291
20032
15938
18214
21550
24239
28752
5676
2509
24316
28710
26553
10305
14226
720
12723
16039
10407
24319
10780
23752
11631
21352
25574
3229
8079
11367
11785
1299
11988
7400
26836
31243
293
11911
17792
11685
3766
31990
9227
9918
3711
16543
836
12471
1773
27787
14114
2168
22231
25475
22873
23221
19123
2165
10287
30576
4618
11801
18316
24256
10537
10707
6225
2768
2842
3548
6635
6954
16338
20125
2600
17718
6828
22363
14153
11773
15638
21017
14424
4403
12682
9914
32700
22901
12993
30055
31754
3535
29475
4144
15134
14465
30849
14326
17259
11011
24582
8328
6031
17222
7787
12
6186
5693
4203
11681
14321
9116
28535
4930
13822
30432
32426
30445
21098
22927
1023
24325
12574
31425
25026
5622
24294
12255
25668
4375
11464
12971
6099
16084
21907
128
15081
12
8634
16091
8356
20664
32099
18715
6006
25550
13500
19333
10270
13925
19086
3979
16599
24089
7444
23886
8399
5809
19725
5729
6106
21247
6928
28112
28264
21768
12064
24929
2485
4453
32384
22553
8255
25065
17352
2562
4733
19332
15673
5420
15310
23399
9550
25586
20400
24425
6547
18558
5938
32170
25530
29072
8876
28534
22764
7290
17325
25452
17245
10352
25397
19167
2595
28414
2084
5756
2888
1498
8691
9773
23582
19932
27554
28734
25554
29515
31473
9151
1092
17242
20435
18985
17686
31474
30752
11332
13572
29362
7050
32327
30067
19509
978
5953
9292
1171
30012
14265
6154
4138
27456
9105
8722
25502
3458
4913
19267
3614
28932
16353
16079
18665
31130
3957
22345
8209
28575
9008
511
6271
7655
19939
27785
30520
3060
13653
12450
3551
10349
8935
29239
12410
30667
18296
9150
14457
6998
30343
25801
14580
17488
7319
11995
18484
26480
29912
17530
629
17554
16899
5765
10730
5804
3718
5064
2050
4
14305
5838
29674
1696
18768
26102
8787
13566
27050
31177
8821
13062
24713
32139
11347
27453
30379
15888
9281
4155
13720
31442
30628
5727
19077
19776
14074
30145
4217
6744
4378
18536
1454
17015
5052
6334
12346
880
21819
29760
13806
16604
27546
5754
11135
9906
21702
16435
24291
23064
13338
3813
8446
11384
2344
26736
21118
1237
17335
20238
14340
29536
22792
12682
22916
9030
15966
2989
28910
7885
27836
27386
11278
6559
20977
11163
17841
13669
21202
410
14857
29848
17095
8788
6738
20372
29833
8747
17334
8175
18473
23164
32110
22024
23125
27601
16939
11491
14551
12375
14516
20532
16478
12946
8144
10425
1921
31823
12646
17101
31489
20954
16611
827
3918
11634
6364
7760
11085
3834
23541
1332
12377
29681
27905
15738
17288
2980
8810
22261
15407
31650
18643
29645
23464
18545
14589
5843
12882
13951
1255
11282
21978
14171
58
32678
19641
14117
10211
5842
21246
24132
11522
8012
23630
6998
9987
26843
30505
2413
12554
7460
30062
1656
30357
10689
32290
3583
29533
4244
27757
11284
27261
4699
8165
7302
22741
26500
8720
27223
26289
31554
17699
9072
7334
23776
8208
29844
24509
23382
3008
16787
30932
32538
1437
3520
11072
22072
6996
18596
7863
18085
17369
21236
8302
23248
18859
20417
32638
15483
10841
5615
2188
20937
3909
21992
25769
12440
17320
18321
24439
23568
19414
29822
22669
124
452
29282
25629
8537
23239
8649
24276
28077
15006
17673
30978
11931
30643
885
31995
1075
29854
11477
21693
25743
29419
20755
4819
4379
797
55
633
30260
13810
18069
768
10485
29417
14661
12916
30541
6146
9940
11133
15957
18117
16441
23171
31457
645
19979
11797
18518
998
17905
9868
16827
26013
21593
2283
30994
3703
11885
14602
30952
31901
16450
32500
1067
22038
2899
15245
2108
25229
18735
20600
30021
21077
9838
16183
28877
30378
10729
17300
5769
20282
7211
27968
15221
4324
802
31931
26404
2495
1562
1907
30548
1630
19949
10032
8646
7250
13683
14511
18509
32241
24128
28045
21284
15190
32143
13672
1412
5289
30073
16960
118
16801
3691
11299
26599
21062
25814
30729
24058
3324
24360
1533
18594
28093
16380
10877
5487
10918
10381
30500
28584
25013
8049
30342
7323
21457
28548
24412
29233
20746
29474
737
7109
14883
8089
31355
8502
15181
25821
22686
25659
9270
13694
24813
2039
322
19160
2979
30414
23064
31114
22578
31350
14689
10793
13098
6737
25036
18997
29531
13306
21590
18763
12862
542
3016
30365
913
1421
4481
21152
20546
1168
20341
10500
22670
5246
17270
1769
8554
24970
30643
24912
20770
10463
25726
32719
16192
6383
8018
32650
15279
3079
31508
606
20768
20775
32153
24159
1709
30482
20073
24965
25788
19873
706
32162
16679
4444
27360
28823
5786
30027
17532
15560
27452
32522
30355
1485
2705
26908
14952
9579
5791
32641
21964
3266
13391
10891
19101
17863
22295
7149
8077
10485
28630
21013
9764
6976
767
26044
25097
26699
27130
21947
30077
3290
17351
17696
14120
1418
22757
24449
21784
30144
30322
22416
10503
15071
1171
13296
8668
16318
23574
24135
26229
9305
8022
10389
5540
3526
6751
15556
18295
12907
28243
10880
13245
30319
3085
1864
8645
11374
16899
21701
1385
20081
24945
8539
27979
17181
16052
5887
9823
810
4339
27720
14506
13079
29957
27592
8521
1308
6031
1436
28084
30561
19053
8002
7236
17005
2388
5547
26099
3041
12725
9617
21860
12646
29156
11787
20259
16356
13177
351
28461
27381
1271
14359
24499
6297
18091
14935
3355
21803
7895
29549
23368
17299
30992
25514
16411
23998
5349
1136
26425
6475
26561
12941
17167
17543
22035
4807
12052
12188
1963
9400
1870
30213
23399
30685
22808
31813
15888
14057
4386
30169
26751
32095
19129
1899
18692
11103
9289
22856
7176
11200
15648
11796
30704
24672
16500
20925
20549
10424
8616
29869
13330
14004
28107
18244
19342
9665
22114
27013
22779
2087
22887
783
16590
24217
10897
5967
23824
11786
16854
27125
8196
10179
13103
1956
18954
6067
13211
18158
14019
3334
28518
21887
1398
28921
5547
9624
8371
32748
15640
20416
26934
22712
1521
15542
2061
5700
7511
11177
11262
10067
1483
26795
13859
22688
18670
18276
6615
17709
30346
13827
29654
8408
5334
31866
7327
4399
26102
31723
14877
2181
9922
605
5255
22342
10952
1716
12933
26503
31124
24800
148
22241
20783
21076
1963
25216
12773
29370
30495
22903
22347
21733
1476
2390
17025
30727
28245
22783
14773
22820
2837
1461
24808
14534
21687
13942
20469
26867
18555
22923
18895
14172
31131
93
30986
18391
20965
11658
21917
29455
17833
18744
6118
32122
32469
12202
23790
14988
17247
3601
24559
28715
6883
420
27923
3682
30606
11506
29055
3929
26170
14199
19600
4997
2522
27502
18020
3612
26137
26087
20381
5580
15678
3353
28257
11692
1363
16633
31909
6771
14470
31244
7084
6120
1231
19065
202
665
7891
30050
32622
18896
15369
4212
29792
15811
30747
25533
30278
3595
10639
31678
28525
3159
27046
8642
1222
1890
21380
11886
28207
21026
16018
27288
9204
19267
30753
29277
1430
30931
16464
20077
24011
3135
3631
14250
26565
25214
24356
14578
14775
21644
5518
9016
14486
27674
10921
2010
31005
20612
14258
11566
12819
3
6731
12638
9168
10532
14368
20343
6398
14456
9675
31420
25757
28301
13557
17472
329
4638
11710
16052
13760
4743
14175
21629
25247
11899
13326
17418
23916
29433
5155
13924
31961
9852
25720
9222
14919
29811
7189
31728
3210
27888
27917
16631
24556
11428
7331
4447
20340
16651
9905
19627
872
7396
12363
19380
22800
12516
3487
24313
14269
31915
24351
1846
14090
11255
2531
7224
31330
5144
3912
21999
26050
9636
2014
27589
4032
9835
17793
15918
5325
18349
24773
16000
12215
27787
13720
2310
15218
13500
4898
25935
535
8065
8944
8396
32045
23259
19282
30619
27432
4859
4353
32669
24111
22010
15365
18894
10274
24522
17366
11734
18396
25197
18114
29659
15285
7780
4238
20634
23883
24427
29792
26550
10883
12643
32221
18511
8138
24976
15758
6103
1953
8196
13448
24353
25432
21851
9036
11707
20761
169
16364
1918
4905
12721
5999
20579
7275
29528
7799
10905
17958
14937
13601
31444
4871
11321
8749
1767
9066
21118
18783
25237
16085
3612
8484
7844
5829
24368
11129
28212
9902
21744
30217
13903
21821
14818
26005
15297
15072
20557
20633
25386
12680
13038
11565
14161
4526
11755
22057
10683
16532
9229
11148
16765
29645
21545
4639
11342
19967
4831
5717
26080
14568
19591
13942
26993
8351
25449
6140
8605
29724
15916
11326
2678
3835
6802
2123
14806
28797
30818
29721
16884
25552
12453
29919
8758
32144
3348
22207
14918
4749
29650
31144
29544
3023
31575
25979
5131
15319
31404
26988
29085
6440
27102
19116
29860
518
9901
17989
8971
28030
29060
27205
9401
11686
13998
2590
30313
10022
30662
21069
16053
8695
26991
16186
31091
5995
6470
31583
27973
8558
12309
26797
8044
28427
9290
22827
14813
25138
28839
15073
6039
15032
9018
15092
27443
29343
22672
9234
13245
12184
30502
31760
29634
28102
16160
9426
24234
18373
573
1132
28744
32747
6155
30854
8880
11981
25175
6405
13897
15109
30184
3560
16419
32307
15213
31855
29322
15170
7347
20355
21467
18925
4635
24402
22422
7041
9292
15418
3509
31972
13861
8424
23612
14806
10997
20417
30482
1399
15599
24448
2575
19465
6104
15137
18774
20984
3075
22783
23525
17431
28031
27961
21610
7469
29583
7001
11352
1200
11354
27448
30011
2768
22756
1308
13385
26040
17725
31012
7225
5136
28921
5606
6488
2246
7135
4694
25561
17422
2790
3818
3180
32167
6493
12795
14099
17504
27241
25455
30769
14044
20148
27541
2020
14738
12900
31056
16277
19991
10058
21368
5582
28576
24412
14717
3147
6339
11110
14157
17491
22141
20988
28792
11593
3193
21171
9874
382
20111
27025
32474
1353
29580
26305
19224
15450
17713
11915
22988
2379
29054
30084
4484
27512
8496
3330
23438
20241
22408
21459
8655
9069
32590
7983
25587
11169
18710
12266
10183
15698
16066
2030
18658
25031
12360
13289
27531
3394
23989
23875
5847
24721
626
14419
14866
10464
9670
8914
8544
4561
21661
1680
7588
15823
10376
21605
25505
14495
16388
11115
26208
30775
3071
106
12497
24532
5784
22932
692
31047
10023
29299
13498
22671
26493
23583
10216
23981
28269
28084
17469
18612
21387
6403
19092
21536
12339
30600
32204
18792
12749
9117
26405
17367
8528
12780
14829
5527
1029
24362
6749
783
14734
17923
19390
18543
15142
12624
2511
7560
24618
24208
4459
11234
19417
17558
7271
11016
26712
12927
21690
5927
4856
23271
736
13783
23996
8029
31616
23865
2582
12307
4172
12610
8434
21466
2088
19286
19445
27726
25231
25
21511
2638
27187
14210
26895
9904
23268
2865
5885
21298
7859
7938
3086
30643
26199
26594
5195
28579
8400
21729
28244
7096
5706
3721
23899
15330
10819
16494
7283
9602
2288
8455
5899
10711
17373
11196
2741
16568
8661
16704
30253
19337
9729
8737
31126
1128
4691
30622
3078
28071
26918
24248
10821
21887
12830
10636
25298
16898
1622
19167
25383
22866
10170
8187
27198
6673
10161
3258
17492
30744
24832
7648
13293
12652
18667
9645
27672
28525
23452
1715
32756
2129
10185
8422
27507
29905
15762
5362
6494
20002
1192
20945
2714
26663
15796
8348
681
23525
13047
8865
23923
5687
23597
30135
29255
16067
31160
29390
10269
2860
27386
15050
7966
21130
17411
1426
4966
29975
26220
26467
23816
27690
8578
107
12626
5738
7592
19091
2387
5179
5878
31132
20891
18557
11046
8557
18242
20854
16049
5803
9772
3596
15669
15755
3210
824
14618
15076
14244
13751
11893
15241
32215
19459
27948
17877
10713
3201
28252
18823
6981
3068
6391
25040
20563
8274
14770
32171
15590
27501
12830
25197
4813
4725
8980
15517
24386
30020
5719
13061
8631
31259
27509
12297
16339
16787
3054
21816
31415
22230
10904
19745
18821
12302
4674
28520
15651
4894
18328
27417
20796
12945
583
27451
20104
5839
16737
27049
8782
10135
32514
9245
20263
27049
18228
26510
23300
17603
13840
9660
24178
26063
8486
2313
6429
4443
28703
31370
12179
31305
26785
20062
30283
28872
29043
2622
28134
32131
4322
31318
21684
15640
10851
2131
29050
4043
16249
2238
31603
29052
14297
29320
17300
3542
29901
13542
788
25802
13270
8031
29484
4923
1173
4130
4636
5115
21995
23710
14702
3319
24160
10317
27006
31918
25537
7632
28218
23528
9741
15937
16679
1956
29075
15045
19621
1874
7252
3168
29811
834
29358
15886
1909
32605
22332
7439
32437
11795
6648
17282
11689
28564
19106
12597
18356
20803
2662
26300
24302
8551
8377
14016
16424
27428
22404
16794
20523
28331
25220
20256
20033
27053
22000
31423
8183
17429
28765
26059
2592
29942
15328
25618
31517
13250
19058
22199
19036
18878
4504
10558
4383
6066
10563
9443
127
9189
29172
3632
22704
17480
26149
16590
25990
14578
6885
15772
9272
19148
13250
24318
30309
17038
19947
10104
1620
19434
9878
24187
16512
6406
160
28542
1620
23088
3443
16209
32307
24014
23853
27566
9403
27795
6655
10514
843
13817
4818
13002
12226
24811
22833
337
31114
5313
30307
15065
26582
3698
31703
4648
27943
5637
29382
1957
29717
26697
28435
16563
10572
26822
18806
26941
9941
12275
17625
21394
25751
18858
8962
19060
4637
14296
27763
18795
15769
3449
28558
3936
27689
13764
15101
16230
1882
15266
5969
987
17387
9573
17385
26544
26067
14519
31510
23045
1412
15056
380
4089
14962
237
17596
14528
20175
25853
19792
14326
24729
29341
1974
23090
5079
24646
10448
14303
14880
10437
12683
14919
4956
22764
21951
30449
3023
25992
19030
21805
6995
7571
16049
12781
10724
3242
1351
30166
7522
25025
12175
20887
29843
11797
8481
5242
4968
4194
24088
20792
9345
8278
6330
17682
13298
11846
16987
13597
26440
11041
9086
13790
30407
19618
16190
4374
19446
16841
1516
15839
26974
2955
6906
7928
32654
19913
12823
31582
21346
11391
18332
25884
22917
2366
14375
611
11061
13532
31621
27869
14406
26986
1750
6975
23146
8294
6635
2334
11695
6450
31731
4355
21065
9157
27479
11457
31634
929
17634
4102
28751
32516
9765
20785
24629
28259
3866
5219
12972
24596
18183
27865
13010
9291
2213
26745
15555
21831
14722
31146
20504
12237
12452
13161
11181
20438
20591
2970
22184
9605
30665
6043
15030
13915
3707
30495
13208
32430
12506
24890
14303
1879
16040
1976
32499
940
20789
17587
18522
2990
23753
18021
10295
18051
326
11578
32017
6438
19978
20521
29398
11613
32019
6981
14112
25835
26982
15503
17078
3335
17585
4879
23638
26126
20527
5155
14514
21365
7372
6934
23480
18433
5770
22260
7958
16954
24355
19101
510
27933
15344
4889
9766
14609
6921
26667
7700
284
29614
2857
28824
4183
1509
6154
30106
7071
15717
27841
28693
910
15283
6858
2404
29353
19851
5890
4541
11227
20353
7099
10747
7459
17896
28944
15008
2697
11251
3958
23578
25942
15898
20628
5189
9092
17343
8789
3378
11124
7186
28731
10535
10207
4658
14070
6118
22543
15509
30261
20786
12367
27561
29884
6288
24224
27579
2742
28235
1965
7705
26189
4538
20481
11635
32377
30917
1400
24967
10261
24742
31987
22014
312
23533
30800
6288
9922
455
10394
29295
26677
8831
8316
24803
28103
9541
19196
305
1205
29487
14950
29634
1497
4989
25477
31361
2687
23841
6425
22149
25461
24959
23430
10480
1633
29809
20682
23319
25943
30094
30897
20963
25771
16044
29004
28791
25348
23459
24479
11794
1970
28500
20634
17207
19266
27114
9803
12812
28239
29792
25937
11777
21147
13636
30356
9905
27230
21178
12595
31245
12765
21955
16574
4535
26431
21183
15270
28588
29852
31537
32241
28198
16472
31939
7218
14017
22447
20874
697
13532
10128
25994
5383
1858
14255
13693
24965
13578
7126
19152
15733
10683
3963
14575
23848
15540
28568
32706
15473
18379
1719
30583
27483
4405
24396
10627
4887
3238
4168
15075
18232
14264
14315
19368
30499
5521
6362
28594
5056
3520
3441
9404
15734
12905
17754
27033
3671
12706
351
23228
21655
30236
16764
30718
20803
15110
6457
30620
20271
5934
7735
19071
9777
17258
9480
13761
32396
8246
16451
9580
26799
16030
13784
7301
7456
28767
24226
26185
30899
9033
9275
27830
2303
3047
4372
22605
15634
25442
9925
23831
3684
15523
28321
22758
13834
13496
30862
9949
16940
633
15380
19506
8121
10603
4019
25139
27737
21476
10874
24967
9380
6256
25557
12983
657
11892
9639
10221
8241
22033
17560
17403
12957
30539
12977
29342
28973
15467
16422
5636
31978
11169
24178
3469
23622
1006
6569
6607
24331
24897
15370
16860
32402
27617
20436
7623
3637
5898
29532
10852
20486
13019
13147
2640
16834
21872
24460
22577
13824
24395
3447
28223
3502
7928
15751
18180
9662
22512
22115
23391
19741
12479
27259
8655
22245
19554
31713
4846
7379
4851
12891
22332
1531
28040
14262
542
26042
31064
11869
32295
18157
30239
30250
3733
30560
29636
13179
2591
26506
825
19593
13038
12919
28324
20725
20457
25093
15548
32676
27445
17235
885
24269
23036
24439
19935
6736
29038
27759
6475
7242
3334
19034
11697
5094
18959
24809
21838
24182
7270
28944
14225
1730
8321
12033
23352
20127
20144
14426
5047
30404
29603
15005
24025
14554
4653
24034
28585
10194
4679
18376
32659
27259
24920
19121
1735
1108
26548
5423
734
8351
30562
30137
31424
5046
6178
1699
19141
1698
21678
22093
31770
234
27969
24474
11111
17577
4950
26275
17070
12515
4786
3501
2679
7705
2980
13913
22058
26907
8844
795
20412
8222
18586
3309
9869
1550
472
8517
9617
24614
19563
7236
29871
16829
3350
13104
2406
19043
9471
17188
2742
2604
5302
30726
11326
76
20595
24506
17570
26596
10655
15765
9007
18204
29078
12821
26818
29810
14764
2767
26597
1618
21614
20136
20540
24806
31786
23112
10528
22063
17073
8396
24457
3157
11867
25787
27441
7739
10316
32060
20214
10839
8182
31622
30848
17345
2015
17559
17189
31113
4004
29481
8713
26702
16191
5602
13706
2572
22405
7627
20443
14390
7154
4355
11502
5125
27049
21941
24984
18703
16311
10567
17904
24091
7320
6100
24312
2100
21756
2013
2943
13308
18379
11835
30789
14659
4966
32344
8033
27864
12336
27295
22240
1183
5197
2353
12975
484
17577
28890
15803
5615
30524
25155
20054
13529
10893
4457
31197
19102
22133
9037
27543
18034
6694
13294
8929
28761
2923
30836
23688
15602
2866
20910
11127
5011
17223
25278
1170
15003
12642
19
16865
24068
25444
2712
24817
25656
18654
2859
119
1318
15827
8785
24887
22420
12991
8232
28196
18615
5591
22685
4041
12801
24979
2014
20199
314
29802
23315
2656
9938
5596
29001
17491
15990
19638
26798
19081
9697
27282
19460
15888
30197
28829
29776
15909
4618
12701
13010
14936
16774
21810
22330
12266
1965
8283
26137
22138
11707
10045
5014
32736
13104
19488
22114
12122
6252
12219
9966
11238
14203
30385
16091
4590
7986
2139
27826
10282
9339
10952
20437
31683
7661
8194
4277
1972
32160
10387
26950
27510
15679
3912
4528
29916
20574
8757
25928
316
4366
15609
21438
31183
23215
18500
29335
28506
18182
21142
17118
6414
16784
9801
32535
15021
25877
209
1397
13807
22399
20291
12877
19236
6125
5140
16073
19738
29444
23075
30689
19521
4485
22778
24967
32013
21797
11857
6690
23964
30617
20692
4670
24217
8176
8231
27778
4960
25125
13862
6626
11619
23797
23921
1558
18124
27118
20776
26698
16484
5065
10739
3095
14003
18169
7238
9906
21097
28804
27619
3171
30716
32530
14496
23097
6803
31299
2154
26621
13859
9286
12938
5732
13527
22952
4135
19848
17334
9065
5644
16281
23168
12117
15276
17360
31448
8849
21347
23973
27304
31349
14335
17474
28098
28569
29567
32311
17091
3891
17179
25967
26429
32416
7300
10083
26389
7488
6252
5517
15145
30855
26185
23072
31542
18001
11606
25846
26362
22902
32475
9418
2709
17567
15791
24743
565
8024
7931
17824
8434
8550
10304
31938
32503
2138
20124
23879
13027
31590
6985
3852
14959
24944
31078
12614
22096
23909
4346
22896
23903
25808
21302
32392
19191
9387
7162
9338
3230
10356
3227
23517
21224
30596
996
27101
27033
7325
22362
11384
23306
19394
12740
3822
25294
6731
15083
8818
29588
32056
27807
12070
21583
454
14586
20806
6293
29760
26089
30371
30789
26904
16871
20564
19053
23606
5644
3240
10091
23184
31047
27999
30290
27131
26856
3609
27023
9024
19041
28430
11980
12915
14925
6144
22036
12672
19633
26478
13368
4359
8834
25099
17522
874
30824
5742
19785
7716
4802
26891
19636
9564
10986
23650
28546
13753
16826
10614
6137
16505
31567
15489
14270
3517
26636
27110
245
14631
24290
28519
12968
23719
19663
5528
1133
23954
7589
1427
30019
4085
8717
9966
446
9256
5835
6634
1380
4774
12612
8685
19286
31259
21821
5171
4659
9151
22501
7872
1849
8675
29718
31641
31917
15561
21464
25651
24445
8633
21287
22828
12325
2129
24566
4665
719
16925
7027
10848
19134
26728
8333
23655
29932
7249
5043
25484
5618
3361
24543
21622
12073
14555
17620
620
20239
6933
6820
17605
4332
15879
28276
12447
16309
25058
23683
6868
8240
11875
19305
30250
9817
8871
27805
25034
6661
14145
9786
31732
28357
26250
18947
19696
21261
3896
15780
24136
14997
25906
30779
21044
26624
25763
30998
3926
14780
31565
7102
21671
15913
23585
27957
18866
21245
12556
26237
24320
21479
7955
12377
4819
7282
20642
21592
28183
24877
31265
32526
19861
9225
3273
14245
19306
18434
2998
12437
23735
2049
14141
5551
30619
21761
639
31584
21854
24433
1854
21300
9455
20442
27632
2457
16785
29378
28690
12518
16849
23504
4799
23963
29371
17457
1921
6122
4941
10297
28007
1655
25644
26702
31832
13917
24470
28930
7334
9329
11672
11903
7398
27594
10369
20264
31232
15745
1430
6525
28034
1461
30215
22847
13882
25042
21538
10197
20227
19475
12487
5103
2015
8262
21788
27753
13638
24016
3201
12914
27070
19184
19143
30445
28076
23880
668
10007
26986
2969
16458
3179
30105
27854
23714
963
1465
18492
23602
12223
24823
31528
20159
10858
7493
22409
17135
31259
20656
24592
8773
19866
27886
1382
2386
17284
31031
18613
28714
16625
7767
26473
14102
6995
14592
29752
27528
6562
26212
351
22868
4278
16131
16431
15388
7924
13250
14793
9484
19244
16702
1318
26824
2754
27999
7770
10659
29452
17200
17177
21010
6652
16622
30842
4960
27135
27743
7675
15523
27940
356
12741
32238
21377
28370
10802
27592
14547
5502
2189
22237
28004
32151
2329
19444
17970
30265
5204
20513
14413
21310
21884
11580
17281
15704
6739
25233
28725
18525
24608
3545
25747
17377
12790
24682
21737
31242
15416
29866
21327
20640
14685
6089
17035
100
7153
23472
28721
22179
6620
1332
6671
13578
31975
10896
25287
17340
23676
5650
31166
2466
9389
16660
31285
24322
3705
31534
17846
28244
27978
4522
23986
14161
30145
2872
104
18508
25014
19427
3336
8645
5499
13636
29465
30780
10849
5878
12568
18499
638
842
9826
28887
18861
23611
15444
18416
2005
11428
10928
23895
10351
8624
23362
24504
6978
14482
12484
22520
29297
29815
13568
11976
8632
12473
29236
12411
17139
25430
31674
788
992
25504
27112
17060
8485
2358
19766
14291
4757
14130
23710
23740
19631
10148
25417
9214
15207
2880
12647
13839
23082
20819
5215
6356
3356
11260
6696
30063
8100
9368
9206
28761
3114
21630
3098
18352
28959
5613
25379
11218
22334
16706
2122
1578
11538
19054
8461
8778
7097
21160
13337
27962
6375
607
27501
16144
23086
16243
16829
25281
3452
5028
7956
20535
31461
22347
10430
19620
29602
29768
18533
25877
12890
21819
11898
30538
4257
21751
21463
15557
13759
16947
16034
3105
8882
19331
3700
17573
16246
26503
5050
6169
19843
3426
30300
9944
25496
20846
12189
8743
22199
14895
23363
26821
13424
24965
9207
20932
12899
13861
20206
6550
14081
29001
10953
9579
24466
5287
26042
4283
10108
1184
3817
14622
5314
4795
18198
15460
3531
3153
25727
7394
15461
8586
3588
10
8713
14472
4489
15167
16737
225
31132
8935
263
23379
9815
20417
11152
27059
28040
20088
12489
23335
1552
28025
3136
18581
17033
7426
29958
13659
24364
5500
15028
2113
26353
14347
29612
4267
29687
23907
24737
27668
20263
1757
10586
24503
13077
9674
22194
31375
13862
27911
11748
4994
8184
24786
20741
30682
11774
6363
18642
24052
2923
26782
23468
28732
82
25073
21985
1113
7179
26073
10029
21156
24280
14242
31105
16863
9928
17967
9474
6948
25564
8078
9557
14875
22377
17103
29722
3440
25277
17431
27830
31620
10501
30448
7510
32611
2159
4835
10545
4599
11915
1609
8205
13179
19447
27486
28420
10545
11067
21399
20104
17240
12018
23862
20901
16217
31531
18203
31366
6721
19982
30429
30779
26483
19395
9497
29113
32671
16783
9226
546
7150
9280
29786
19015
12671
19916
7224
15212
8471
15925
29867
32587
3860
25519
24870
8539
30627
11781
9564
23889
21299
28985
19797
14055
24362
23403
23490
16093
24278
507
12942
10558
26790
18930
27061
6373
5018
12190
2137
17471
6392
12669
21523
22355
15937
25181
10887
14079
7011
26304
6459
2436
4400
24965
10153
10309
1039
5061
1938
24267
12017
13308
8086
6925
8839
16489
9218
29422
17587
20663
12777
8968
25660
10972
8310
27304
13509
8002
31872
26905
18176
28708
25183
24614
20767
18492
10750
32730
23435
1179
6450
8074
9689
21976
4170
2070
22522
31852
25832
13163
21425
9309
24335
9548
14922
9242
3196
16723
31370
8870
24122
16946
31458
26873
17521
13887
13287
25252
15487
9520
20231
4531
1353
17186
7540
31191
28115
21729
31589
18117
29199
10595
29566
12761
6643
19605
13964
27391
20174
22363
15222
2259
6876
209
7025
17415
1816
21720
32370
517
2897
13262
11241
29398
17536
32668
5036
17987
25945
6646
25393
15418
5408
6110
31489
5235
12478
20074
22633
8530
8724
7368
18291
528
16783
6015
28949
18454
30205
30967
6567
2985
1695
31548
9114
13260
21375
32511
10856
30050
26627
9182
18887
19860
7107
13797
25890
31602
13720
5204
841
15581
17653
30114
4712
21156
9595
11459
10294
4077
24775
21415
4718
30935
25231
32515
19331
13405
13037
24403
10128
21886
11002
29472
19853
16282
22431
11902
20681
10784
32424
15322
32404
1894
31258
14834
13372
21208
24007
6949
20796
2645
6943
2541
6575
22230
5961
30378
7435
10321
26483
12961
29963
18653
10086
15428
28909
11030
7773
8372
222
30659
9751
5764
30131
7862
2091
13760
26841
28404
17820
28973
24719
31254
31917
13523
1106
18159
24822
19897
30105
5999
31160
32496
8387
17863
6766
26578
6734
31950
18852
8076
23625
20388
2572
10714
30732
29845
14799
10514
4134
10048
31777
29028
11927
30200
24856
24928
19264
32362
16318
9144
5783
23936
30309
15944
23711
22150
1338
4691
5144
30092
14109
12816
28146
12555
19632
12133
30984
20171
23982
18418
11787
4099
25727
4689
30652
26819
10249
4252
2911
18063
30664
19504
9580
10828
28193
24241
32391
6497
11507
3151
3250
10774
18544
21319
25794
12095
21547
5292
20495
18207
18033
14951
27248
20871
9693
32381
23655
4414
13607
14224
1432
31909
4413
20137
11136
411
30101
16948
99
16543
6849
23116
5766
820
25412
29241
5023
29066
19108
31543
14474
19290
19136
7289
4413
10258
11108
5230
24830
562
28699
16195
7892
4598
22596
26281
5691
15157
9576
16088
27
4745
7115
13524
10235
15792
28993
29167
29042
13106
7747
14479
20959
7492
17730
32305
4698
25581
9275
26286
28139
8807
17548
1213
24569
3016
23814
954
14085
738
6723
7846
16280
26983
16698
2158
7033
27217
24592
10608
6436
17280
306
22075
8056
21157
5280
25494
432
26976
908
15301
20372
11429
8739
22791
30192
868
29611
18787
17222
22633
29902
8100
9408
13185
24629
30115
12136
28126
8537
25540
18843
1468
27030
4547
2235
21829
7042
17585
5925
12466
124
3641
13923
12212
31880
296
12706
9746
13402
3885
21606
3987
22960
29660
14716
29470
4581
20729
1585
288
10947
24564
26049
28974
4506
23728
22802
25324
16526
3464
11938
17965
5685
3220
14014
3675
19298
13864
2038
13594
31547
24734
26573
20520
29074
16726
11189
16007
13170
8954
9786
12511
30199
20743
29821
4382
30563
23689
16356
3425
28271
7718
18448
18967
991
6493
18703
32611
2649
9488
4563
1475
26743
32064
24291
5616
26907
8729
19793
16389
26115
10286
31212
24034
157
24069
8374
1235
23836
27350
20633
14957
5067
19088
1877
28857
19617
19229
18877
3477
14614
28391
3107
342
24630
22683
32529
12466
28916
9261
5178
13790
3776
20764
20399
15603
19548
8695
14678
32662
18667
5408
665
9176
9035
23248
13403
603
14244
27739
31024
6071
23361
10421
22477
9499
2719
6709
29117
17464
15812
18842
6742
29274
22226
16972
23020
22232
24284
11236
12612
18607
1272
7405
12619
22378
5014
2796
15112
23365
20496
31647
31696
20625
30850
23427
31161
602
21467
7576
17489
18504
2100
2152
7567
23491
11105
21574
12041
2138
16838
32468
8040
15206
8044
30664
7193
14058
24405
2799
11078
27582
25868
11122
23045
16109
7295
1112
6863
15963
27665
29260
26675
2219
3308
19104
32715
27743
15764
5011
18800
577
706
4559
16042
18178
27247
20278
26218
30754
1327
32478
14588
14351
2496
25178
55
15761
22243
5180
2039
4709
18282
23511
13005
9513
3219
28234
18164
12920
660
16570
1927
18773
13175
20446
28146
28365
31784
193
6055
9432
1997
32451
15378
22657
5461
15073
16078
31558
15188
28727
12825
19394
7694
20931
23941
4489
19409
17772
7409
20564
13193
20547
11192
13918
27022
6152
12328
18957
11968
7664
6966
6869
28118
5797
12399
31066
8947
911
18994
31444
24954
29010
11805
19384
27684
32664
1477
5525
4944
5648
20394
31803
19866
27319
23658
30243
16046
15702
11316
1035
8287
27723
16512
3041
16883
18061
13821
23266
4545
16107
15051
4867
25855
25748
13547
1936
29141
17628
11508
19731
12213
6717
20743
119
4591
27804
9220
2413
20608
1742
11518
23567
13099
25947
15085
32195
4812
642
4259
20835
1256
9085
3330
28315
25992
2822
9067
2194
13128
13593
14457
10188
29099
32764
14064
15183
1457
26237
28912
17668
16556
12155
8559
9569
3407
13991
8678
19013
29448
12940
10313
17699
25488
7117
8509
3171
1728
6574
31366
27653
30886
6102
29118
27016
11736
26964
15181
7946
29192
7391
5525
20912
13529
26210
7277
18248
6385
16824
28881
7981
31055
12979
2263
12907
22751
18020
15333
16164
28748
14742
24354
25395
19990
26780
1578
10766
15588
27725
15366
12785
25627
2124
18523
11321
22191
20109
21729
15630
1082
7188
1815
32324
16459
21248
25142
10627
21504
30153
1379
11686
19927
1990
6696
13154
961
22258
1829
21800
31608
4847
15107
3660
11539
21835
9130
9574
21464
32515
9652
5625
16721
3909
10273
15698
26274
22394
2124
20147
2073
12420
2589
21169
20231
5444
6273
13787
11726
18016
27159
10908
19004
23363
24109
25187
25111
25701
9706
25088
24057
716
3532
30034
1630
6355
31574
1567
3836
30762
29442
23107
27731
12574
14973
32013
10116
26394
27411
22502
9318
20078
2152
15923
3543
14160
28522
28797
23632
18976
12675
23247
10941
22769
12307
4704
19851
27204
3101
22130
24578
24854
15937
6266
15317
26142
27370
20353
3831
30288
18120
6858
945
15013
8065
30645
12018
3358
23715
3811
14566
20231
3294
23707
29641
29817
21360
14445
21758
26914
18912
21
1115
12872
10735
27042
30152
29196
21452
16599
16648
12268
1159
5073
11222
2700
20680
4842
6708
14006
14273
10206
22784
28575
25185
2092
30408
15468
25290
18111
7903
12020
2054
10446
10928
32712
6645
16897
23891
11121
4490
7125
32094
29944
8503
27713
16638
29100
8614
8090
16454
543
13994
14772
25030
23666
16501
21066
30048
3026
27915
12447
29015
2371
32247
19046
1449
20892
5692
10719
31135
7379
9358
32580
1954
6779
15810
24931
11088
22411
31620
396
5583
12641
13128
22189
15457
31239
6531
956
13625
12724
9498
32085
22158
31126
18202
12965
19437
9166
19115
15750
5587
1213
28991
24043
10107
27006
7951
17535
5877
22451
11208
28809
4984
31365
11137
9491
5625
24806
17393
14667
32764
28953
25055
18473
7339
13685
25305
850
14373
26214
1833
11581
16664
21940
16389
32404
10386
7944
11782
31453
29716
16812
25564
30809
13801
1938
16703
24364
24501
23960
31272
25535
9041
266
7746
16483
21974
9832
13467
12855
2296
32106
16288
15691
20118
13890
15688
31749
23182
27681
30607
32196
30422
6396
14630
30916
32201
30352
14953
21314
20158
28836
23185
18400
28895
3214
31019
10570
22585
27128
969
2330
271
16612
3063
17913
21876
238
31088
17671
4377
30161
11410
23166
5987
5421
9488
9618
28608
22920
231
25499
23612
20114
26515
32373
15951
12973
13698
23079
15865
20908
31689
9668
26385
31963
10262
13199
12507
17472
26853
7266
9176
21793
8695
12881
4578
8647
1280
1674
5240
13953
8865
1663
17750
24555
1941
29768
25928
1647
14895
15938
25921
25357
11268
31229
1447
29016
29669
1621
32754
17089
25616
6366
28277
5912
20646
14982
26235
24144
6752
30581
30870
1923
20862
17976
2868
16693
1281
27167
17267
3805
4634
21731
28727
22434
2018
19340
11129
21090
29515
21138
9698
29432
10071
9539
20632
15551
21896
15460
22872
7762
2711
10267
11461
14998
25449
16653
29439
17147
3646
29891
14968
18174
27692
12626
17667
7411
26316
13371
11054
18433
20019
16528
18898
32622
21283
88
11752
15132
29059
5429
29342
26964
24333
7236
17835
12739
21063
10565
1503
27074
13748
31996
12286
7643
6987
31446
3534
21640
1064
8656
23407
28221
20610
3221
22251
18089
27613
15590
28174
31546
2432
13887
32376
31455
1322
11192
23536
17169
15361
17705
4347
28180
29131
16273
3501
30330
5728
27833
14528
21482
32607
22036
5859
21791
27169
1770
31828
23347
23019
16821
31921
23070
9832
9420
3340
17018
20054
574
3133
14473
25215
28417
9596
15480
7403
19788
16687
10213
30804
22081
30720
9376
23514
26319
15411
174
12024
5079
11574
916
27063
18829
18810
10450
29985
31266
29314
25517
28665
8096
30522
20529
11177
5397
6281
30071
30076
2803
15401
32036
13
6839
16823
1074
256
15817
11782
26867
22255
11171
8377
14930
19367
25398
18449
11357
18069
25481
18179
13824
891
22436
16782
15379
8551
14764
843
28056
7654
12623
29766
13629
4213
12643
20492
25641
14904
6345
21253
31220
15855
23192
20996
11767
5157
29047
28701
7623
4010
8779
26295
17660
1604
21011
5089
8759
29090
29455
17130
11619
7313
19752
25387
826
12403
9612
8488
27147
14060
2457
5592
5051
25566
16636
64
16651
15256
11034
15687
10776
26954
2991
29125
20520
22972
2740
6877
7331
28224
27527
30861
29024
23526
16198
1667
3618
2798
5755
30514
28515
2691
30207
25894
2640
27814
4888
11924
2580
7784
6885
12086
29273
4188
2300
19541
19212
17228
20817
1832
14689
3371
24922
2396
10776
10827
15472
24564
28926
28368
14201
22611
438
11365
6084
13207
9657
8237
6452
9257
21404
31996
8097
18834
2962
26056
6011
7825
23857
27738
18864
3434
31353
26697
9936
7808
31762
14889
19824
29990
15061
20224
20428
3763
25230
30713
31920
30676
8704
27229
12184
27687
7210
31678
27670
5125
32457
28278
18548
21663
25118
25168
27546
26188
22001
15748
8755
9505
16342
8681
20236
20419
28335
16998
15036
10361
1906
11433
1674
11397
12077
23324
18059
21941
5703
8981
1803
6709
18696
21326
16686
7847
26971
5780
727
20085
13779
28355
19913
20070
493
23537
29197
32112
917
1002
26515
30670
6635
28125
27420
20562
28998
9812
25174
29691
10361
24425
19273
27594
23382
24887
15091
28882
13937
24208
12079
1679
30759
494
14300
3960
734
18091
15162
4055
25741
29300
22935
4825
30592
17147
13356
26081
85
9196
6978
7714
27979
291
26521
7277
6844
2332
777
839
16615
29610
25706
21311
28403
8428
690
8575
14129
9341
861
7328
28834
4332
10258
21443
12729
5996
16259
29661
26721
20428
7573
28498
13122
15529
24257
17350
24640
24546
31417
21039
13381
29516
27215
32047
24641
6567
25747
418
18287
7121
30524
15731
31449
1594
32330
22707
3614
15000
16105
1260
10611
18908
10647
18098
31976
10852
1929
32124
30957
7794
5963
7602
28692
24285
23720
20743
1560
24070
10185
28937
4127
14094
6049
4086
19004
7494
7048
978
1592
24551
14373
10166
14226
22020
5010
18283
196
18108
3259
26936
9672
8628
25095
27127
2011
7109
11067
8046
3713
1009
10907
29917
8649
25756
14674
13780
6610
17656
21267
31559
18318
7874
1281
28388
31430
23596
17356
22692
10590
29210
27933
10913
7131
27280
30773
32551
17186
29547
6609
15629
7042
17744
24400
22086
16629
30435
1303
21683
6307
4153
3125
10555
13224
29327
21315
28958
20247
26684
13966
9606
5439
28900
31609
26976
1069
7663
2844
26985
7538
4921
16433
652
17190
11
19505
8811
26156
9291
30650
5692
27064
13807
16948
15318
24591
15031
9396
18699
1166
10780
31776
7481
5870
27524
24213
20764
31686
1207
24581
30950
18001
3222
2597
19602
3954
13835
2950
10869
15861
1852
25089
10262
9240
4356
