12015
14148
2409
19000
14342
7196
27843
13255
25796
27871
15301
12321
11218
31390
9226
5128
13884
5193
6808
6907
16849
28541
29026
13997
716
5020
26129
29365
18612
31523
3587
16519
27264
24376
17300
16291
15871
24963
30877
22028
7799
2111
4667
11516
18061
16529
12754
26070
356
23320
3921
7004
30473
14021
18615
802
6159
3565
19158
17218
27766
6556
14166
20562
18898
32557
27646
26515
13480
15383
3887
31083
28956
1034
17841
6166
1737
17723
30131
16024
15345
18172
15116
1014
19414
5775
28871
3749
23655
13884
29663
23619
30495
17057
839
12677
2347
586
24877
18033
11979
4993
6528
717
19962
11367
4528
24279
17489
8516
17845
15414
11305
9500
22098
19249
32000
30851
19611
20511
2846
31409
14005
23838
10871
20697
477
21512
30932
6071
13739
17571
4910
21353
29848
31512
14938
4479
26047
21159
10988
29013
27616
8344
11349
1697
19882
19317
6990
19016
13114
25206
29562
3446
7391
18749
7238
8941
14112
19395
32021
12957
12288
11923
7322
27509
29056
3894
20356
1914
25958
10478
14945
22038
9789
20903
10940
16562
16797
17194
2953
32135
28588
1172
30916
25776
25573
2054
13908
7044
6936
20639
3637
2596
19122
13479
22998
20304
21823
4109
15040
9855
26669
31508
18041
29742
9939
22857
10664
27768
1714
21688
1657
2023
16634
6495
4675
14986
32080
25827
13929
8519
6606
16002
14462
6515
13387
27465
11692
30368
22749
29319
15702
19126
31133
18049
30460
29766
5034
25959
16223
26394
9585
1671
6374
25361
23083
10177
19265
3370
3750
3899
11852
7902
4937
5462
7222
8115
20307
19168
20194
23822
10595
20363
11405
5192
22845
27805
18354
773
1739
18410
5674
20929
23138
17151
9112
3244
25159
23201
17156
7864
29042
6774
966
752
23441
30977
28070
8203
12880
12244
18497
577
26584
25600
29103
26461
31381
13009
2146
20756
3645
30392
27729
4501
5646
22665
23382
1633
29783
230
11477
30045
13113
32251
28831
16421
15023
12653
29974
24996
10188
23180
30865
27106
10564
4304
2562
27676
1326
17027
23766
4890
11272
3003
5148
20413
31996
31115
18666
21976
8033
3450
20476
23360
5509
5428
671
19751
27818
10880
3789
28581
11854
28530
4762
7064
30384
23266
1743
3758
21647
10525
15572
448
22069
17625
29651
31074
26548
15471
18714
1208
26224
5956
1985
24203
3549
8072
7053
9371
8586
29732
11029
6455
30815
30445
7459
8972
19747
27422
3421
32571
30784
22533
29733
22958
30411
1020
1469
16299
25279
7067
3247
8361
16521
22828
17260
20835
17866
16479
28979
17708
32088
16960
20020
29058
27782
23909
29430
4069
7589
3692
22262
12778
13258
9381
8849
23435
27602
20235
22563
6081
11940
30073
6257
15189
6326
12826
1604
18930
6867
32546
3415
12672
6171
27835
4211
20397
9547
29506
17113
30156
19774
13748
12512
24291
32436
18531
15327
19455
1875
20462
3405
15051
16363
3183
17703
27233
19966
9462
26514
8800
7808
18231
19906
28735
32219
28543
7706
20193
28982
27885
3989
27753
13559
30174
31844
591
1158
24745
2009
29620
3924
21645
23427
9714
16157
1767
16283
18296
13162
22696
4766
30933
5721
26631
25660
3090
11936
27251
14193
20037
21200
25292
12274
3939
8663
2002
11978
23638
9417
28382
8773
8015
15840
20176
3341
6750
2241
28488
2195
28736
4096
6169
18096
12152
31719
5370
22157
5025
7795
8575
12480
28930
160
20808
20151
32355
21734
18553
20826
28959
29444
22633
31468
8059
16636
21663
50
7478
11615
13306
29912
1633
7882
21039
22288
27761
31921
25977
32380
6547
13659
31883
29262
7743
25902
6346
27310
23824
813
14521
348
2259
14015
26292
21910
18654
15026
8162
10044
30627
29055
10085
11570
12164
3792
6611
11014
6633
31295
21738
2514
13456
20321
1919
30820
293
7939
32184
22173
21267
21939
32123
28695
12185
27523
18214
18954
29728
16649
3713
2161
14028
19882
32753
11880
5457
793
9710
15833
26120
2586
17078
31319
32578
15500
29251
21322
2268
166
10363
14669
3091
27009
24488
25300
13722
16598
2855
17426
32234
24074
8804
15898
11226
28263
22534
18756
25967
4781
20838
7890
17141
30153
29254
9683
6222
16612
4288
10056
26763
4255
9596
3462
14265
20381
19494
13019
12029
6723
10271
884
18148
4027
371
30334
27636
13375
11788
8844
20871
18580
6949
28985
26329
15060
2817
13838
8799
5233
23260
11430
5978
2423
25890
8719
2477
3345
21471
19828
29675
3919
30582
7161
13237
18470
30103
29671
20547
13241
25707
13065
3904
9174
9745
27734
19419
2756
6222
10447
17435
25404
27776
12203
20594
22965
15316
6578
14742
6885
11193
13287
8332
27524
13973
30057
11525
27987
27830
3227
30190
13661
16779
18307
22595
6012
14612
23408
12324
19232
2455
20448
10282
19788
1429
4256
4859
9185
25084
27445
796
26143
11422
31611
5383
11881
1762
19340
8062
22856
30905
10979
15902
13747
28628
194
27191
2702
16149
7632
5595
5488
12867
20743
32053
26281
2561
17357
8732
16004
29697
24929
9704
20425
21365
19833
30085
2950
28102
11818
31686
23055
20361
19719
19963
25924
32175
21389
1733
22546
18171
9919
17193
14141
18874
9741
30180
14172
430
20858
1278
13349
29259
6910
26018
11498
16678
26409
10797
27236
21674
266
13957
12720
19212
1359
3756
10391
23938
2221
29589
20242
944
32131
16950
12813
27491
7354
18654
15212
6274
21999
1737
17228
16706
2772
2546
18059
15000
6611
24360
26250
2292
31733
18532
5681
26924
31235
11610
6196
26038
15595
31310
12949
19483
15716
24873
15211
5800
22229
12492
25313
7783
371
13988
24193
10574
30634
24190
22963
10421
19135
1181
20352
15374
10931
11786
12700
19408
25962
6956
164
20660
24845
26776
14756
6948
5548
12842
15580
12016
18984
27733
4548
1860
6224
26551
11341
22231
31818
13041
5994
6244
29493
20149
10447
862
27916
26657
8696
14560
5581
3403
25198
15587
14811
4125
3910
4019
18849
2915
21482
31652
16505
15906
8220
27392
29388
12587
1847
23109
1914
23281
9400
14989
8316
13720
10750
22606
30408
31566
31054
6723
28020
31966
29210
11434
24607
18050
21123
27824
12429
1785
21020
10282
22417
27866
23025
1413
32048
28200
32200
10240
23555
11814
6822
25624
29661
30061
16021
6212
20398
28731
15781
32227
25255
9998
6193
1651
16543
25970
5731
6403
13750
791
15610
17387
312
17190
32587
14010
14276
15829
21126
6256
4269
2106
1595
3566
8864
3676
1565
1194
21383
21392
26885
5543
32686
3331
28986
5285
7204
19091
25071
8085
22629
8675
19981
16975
821
4014
17459
647
14031
859
31739
26621
4159
18642
26752
21749
30221
17551
21533
17127
12827
13812
26999
14199
25296
29668
19901
1447
1910
22413
12334
12108
11233
18821
29404
31423
30546
9497
20656
4308
8859
26082
9391
14096
6531
21401
13947
31254
19307
8235
12317
23651
28466
11280
8449
23867
15959
25817
12866
27619
27485
29193
28713
6929
22388
9254
19696
10401
19285
23056
16587
11657
14190
20625
11049
2575
16191
4148
22838
25146
5124
27995
21925
16006
25236
20108
26030
9435
22665
11532
22354
15808
1185
943
1254
22989
5732
8174
12751
27486
16647
2362
9355
18575
17809
29328
8689
18788
26684
27214
11705
5703
21790
15429
13374
15032
14344
14863
387
20544
2991
23970
10612
21926
25609
31270
17775
1638
14330
28420
11011
18015
28208
4416
32760
30156
12620
16136
20367
16757
20290
20877
1290
17191
10242
24849
28527
1633
28504
3905
12938
17744
17936
19398
18737
29181
28255
18199
31948
24518
8062
1937
30228
8459
15512
21705
19226
27945
29414
27937
11915
8876
793
14745
9267
14784
14840
29672
24257
15081
23626
29388
10954
3572
2550
4254
2832
13614
23657
24617
27139
18643
17464
9148
1160
18121
27142
14974
29178
2702
5801
30722
28014
368
26248
6683
17468
28412
19527
20722
3515
21944
9895
3413
4171
22549
28071
2386
30617
9631
15088
16133
16414
18551
12655
16814
31721
26371
2116
11526
21663
19940
15579
7892
28352
22056
12376
28347
4651
31681
13369
6230
15333
14390
18998
2951
32022
30105
7020
22283
19284
11705
27323
24914
9764
2456
1645
9102
13758
5408
32024
6923
18193
23313
6597
25790
18695
32062
27473
14112
12042
7417
23316
11837
23751
10188
5825
7687
32562
23658
20877
24305
30410
7140
8340
18617
14110
23328
30328
20357
16272
18568
587
30514
4441
31231
30127
4329
18125
14105
30267
30451
12256
13195
15905
15054
6122
19936
12302
31104
6311
9838
25170
18987
7810
8841
25921
31458
531
12278
18649
4027
23270
23714
9637
14373
28542
5780
11488
11900
26265
10273
990
13787
7606
17503
28328
10802
18645
14300
3559
22168
16254
4495
13315
1506
6916
22542
5515
372
2571
7938
22744
29271
32072
4312
18669
22668
4488
16570
12194
3232
23284
22718
6914
32641
30099
30813
4593
11408
32528
22310
31762
29175
23998
32691
16615
17213
30937
14045
25146
27160
17935
25388
5564
18818
20542
2193
8685
22286
7040
11352
571
15997
2661
13656
5742
25484
10367
7277
24899
13841
32292
296
6743
3142
20847
30404
5959
30565
30856
7516
20502
18037
8485
23388
719
11107
12625
19254
14955
13908
9581
12630
15604
6970
3956
3671
9451
30117
7043
8567
10728
32477
15768
28488
23680
27181
27801
8361
22891
23425
3737
19957
14310
11316
31320
2682
14167
29219
12808
17453
28720
32006
15191
19355
3093
15872
14505
6179
18753
19828
10149
7267
19750
795
26868
16112
2643
21587
30021
19274
15771
27834
25493
28431
18036
13564
9389
5998
24221
15337
6124
17119
29956
13771
23878
6929
12262
1526
2189
27428
23096
1696
6639
17945
16454
755
24513
29063
16282
5985
9595
26767
3615
27704
21507
2833
31878
32374
26414
19744
14313
27358
23684
31412
20142
28491
32579
25503
31919
5701
13735
963
663
16594
13161
31617
3215
654
13701
27765
27675
1022
11073
3680
10558
24354
28779
4197
12005
10825
31970
6777
5763
9513
11608
789
22264
15407
2389
3373
23223
22036
10879
16998
16680
8113
10522
15748
20299
18964
12747
31009
21407
28371
10401
30373
322
3744
32085
20850
1625
24094
5329
4703
25010
21748
27632
22376
15272
13087
22405
9124
17991
28812
1438
27511
26801
19174
9226
12552
14784
26029
20504
17653
3565
12424
13218
32582
7281
2012
29514
1184
32682
17309
20996
27579
5311
10340
11733
22294
32391
28354
14810
22250
20391
21717
6539
10076
8187
28184
16705
7926
4408
9599
16374
24920
1743
9668
22092
10795
5396
7163
32465
17495
27551
2157
19330
374
16114
4515
15502
17800
30045
3521
29788
31464
6943
13846
27854
639
25038
14576
4552
29751
12025
7605
25836
17330
32267
12079
3752
7485
6514
24616
115
3839
28417
24119
3155
21110
915
18137
5539
18981
18930
12995
16147
1926
24823
2935
14832
27974
31986
24342
6822
16817
75
9845
22147
17772
1898
12658
20157
8802
27605
11657
3255
18176
664
31394
4992
421
6634
16941
27292
28756
31245
1137
17928
6317
28022
4129
28536
15387
5166
6193
21731
15438
1656
23527
24641
9196
2740
5429
31892
10115
25219
8518
27685
12995
29484
5975
21520
21994
19775
16840
8450
10111
22392
11635
10562
28227
8421
17212
12270
10085
7755
8169
11656
15605
22215
7733
433
155
17329
18207
29235
16009
26565
7304
6981
31918
24965
29181
13579
14892
31961
18386
21085
17165
2041
23664
31945
27697
28556
26607
20955
19339
26130
13800
1435
16526
6783
4484
28248
24801
16936
14297
32164
7514
31203
17527
19104
13098
17002
19517
4474
15701
7169
6770
19507
31334
1369
17425
18598
6752
25011
1379
24518
10487
2632
7635
12839
26624
3817
7679
3520
11815
27107
23563
24815
7648
11045
570
24253
18592
24229
27583
14436
4684
12799
17360
4110
26866
7519
6909
2272
9399
5026
26304
6199
9232
32184
8021
31793
30773
1357
28619
31600
13779
29352
11356
21018
15873
8659
762
28708
4982
21244
6698
27857
4089
23067
4629
21365
3608
29141
7132
11647
23325
13728
6957
28086
1342
1833
1556
8387
23060
25331
30483
1776
10575
26688
9588
31535
8103
6196
14302
19294
19990
4152
9511
26057
12612
17309
5993
32753
19779
30849
1368
6796
12668
3063
30162
1740
30953
16738
8632
20708
6789
8482
26621
13257
7681
10867
18428
31285
2233
23697
22031
28914
5862
23329
24157
20053
5397
12748
10739
13065
28120
31533
6679
10253
16315
28397
3544
15872
3961
6956
17898
12701
27248
19747
15025
14722
3411
27912
6300
24885
25375
20786
22196
5480
28752
19582
7029
17788
32340
31729
25564
15941
6976
6047
8385
8717
16834
19147
15975
8667
15702
22351
19026
23541
7869
2111
11096
931
21676
14281
8187
13878
15553
27743
30454
8521
16570
20761
13846
24135
21481
3412
9035
10029
25827
16288
25599
18577
6009
8153
9894
29924
23273
3219
2711
23796
12373
1979
14874
12724
13683
26236
27330
29504
18311
14432
14333
12572
21134
10680
3049
8124
8380
25917
2665
10058
15913
14583
12921
20387
17608
606
10686
11683
9368
9664
26209
13730
15390
5346
11038
5950
21778
10474
2456
1627
22873
21372
24304
5481
21555
27428
32405
1254
5046
5876
32606
11299
32379
7534
24278
24394
29079
6820
28375
30368
15052
24989
16730
23304
769
3323
1677
15305
15600
731
4390
20880
27679
28669
29943
21177
22545
32293
29635
31946
32701
18880
11345
22336
24895
23243
16318
5007
27086
9457
24855
11876
8686
21235
808
13869
27110
24909
6286
23259
23157
19479
6676
10982
7617
21545
18236
8594
21648
8066
21787
27250
23482
14571
32618
32298
1503
13015
12251
31864
7509
29070
12201
26486
16996
24714
6003
9241
31158
5921
29002
25598
32521
12389
16649
23654
12327
23113
26340
28287
9240
24581
4164
9445
17046
13243
10963
10856
28609
15194
3538
7696
8212
25795
19891
26718
26776
17706
28132
30165
24407
18367
25833
31417
24596
12174
9901
9239
2361
28836
10522
23045
1297
9332
5863
30507
29495
7545
9393
6530
1615
24092
15438
28764
10739
30423
29278
11173
17648
3995
31266
28776
27571
8303
2962
30356
5886
7515
28585
13313
13024
6532
9988
14510
6627
9624
24235
8269
20615
28012
10031
15617
5359
22756
8693
24422
5851
13332
6353
24530
27606
8868
13270
19674
5041
25209
16749
25368
8495
8593
17573
12844
23298
27439
15818
4865
26870
28729
24889
21330
24941
11998
12402
14956
19211
15739
10607
19253
26290
15552
53
26477
21937
13583
5800
14388
28728
25380
9891
32716
24592
14331
21064
14497
21384
4078
3733
9606
23731
25887
7224
14146
20688
277
677
27467
15370
29098
16741
2001
15714
17700
11185
22782
24297
20898
8767
21373
15922
3002
8028
16441
6407
12384
18747
21863
4699
17929
32397
24774
17280
14609
4433
26405
28058
5978
9198
23847
24404
12087
23679
23875
25297
5512
25198
32526
18406
22310
23108
13245
24198
22913
21439
19429
30077
11911
24102
2694
12641
24520
14041
26952
20422
29912
17964
29188
10930
14581
24181
20870
4177
1002
29028
1938
17129
2611
12179
22564
13583
30818
18014
25084
22044
24002
12277
32346
731
10809
18863
19975
28292
17267
9378
6036
6126
30012
17520
23270
7936
16686
16483
15859
3689
20877
31421
14022
28048
4975
25161
5833
11982
15392
29238
23363
19932
15812
25637
26400
12935
28478
18561
2545
11179
27473
30991
30771
5726
27397
6598
6356
1388
8013
7136
19443
32004
19942
30513
3816
5808
13698
3512
8580
8586
32038
28020
4249
4782
13009
25720
18877
23019
7518
6978
7244
28350
26027
10569
19372
10624
23291
22485
5845
15582
22169
1811
22800
25482
703
26985
10238
5680
2229
2311
4829
23980
27197
19391
26375
5498
2607
26902
7611
12909
10337
1691
22304
24996
21705
28279
1671
5051
7654
5190
13297
18494
32347
23589
30417
11619
19934
22540
3603
26616
14672
28511
14684
6042
1581
9407
14228
27432
9511
28198
3746
22903
22542
21299
118
21063
28403
17858
20813
31606
24717
26816
17200
20084
16860
14654
27326
10743
24843
19907
16684
11248
1947
8167
6026
26557
10174
5149
20296
19616
30977
13265
31736
20592
18478
19891
21077
12942
32369
28754
2181
27419
9145
29420
2971
6760
24673
132
11872
3246
16912
22838
13651
9728
18398
15816
25582
19069
31160
14721
28459
5834
3845
15934
31047
31936
26761
18114
31430
6241
24970
29518
15543
20753
15410
21617
18489
6915
11573
22562
28478
27889
19124
3340
21135
15888
25184
12329
2321
8259
31458
14482
19526
19086
1147
21910
19990
10190
31975
4873
7120
15784
2696
6110
12908
32704
21184
13049
10259
25387
3999
10814
3809
17958
10430
32750
29929
8
21354
8755
9593
11637
32261
14585
4000
3285
2730
1536
30190
32516
7440
2863
19323
75
32689
27436
25130
11664
25643
14377
20015
10697
742
9473
8911
30647
24055
19587
27751
7120
11076
781
2992
6781
10729
26206
22081
9861
26331
8101
8278
5065
13515
3037
5071
25139
23374
15965
30844
29929
16698
4523
20887
18886
5715
14994
29842
17674
16423
4468
32020
25936
3638
1505
16958
29633
31062
28775
12594
1160
29270
13996
12502
23429
994
30139
29397
2374
19366
9884
21991
21555
3767
28967
15699
16904
27950
8473
434
21897
30998
29032
24309
21617
13448
8660
937
10667
15124
2751
9594
14276
6755
9022
16118
12193
7707
11632
23188
16237
4867
32015
3829
11734
17768
3140
4201
13689
16063
21184
31669
13466
1675
4872
15892
1305
27265
4624
15995
4257
4586
27916
11297
29987
24650
387
5695
19843
27455
7077
12564
29329
1963
24286
27693
18490
12821
7339
15843
27392
22093
3501
18469
20903
14927
8444
14968
14129
4202
21949
5435
24845
29858
21239
12848
5516
22866
12706
13880
22164
10006
11521
20574
13464
5095
11570
27159
19911
30088
24580
11464
19844
4898
21512
137
23
14891
18923
26665
20130
6795
12290
24178
14166
11778
31783
6318
5606
11972
22468
21098
20540
24935
21037
1657
15212
13823
3379
14652
19686
1160
6134
14369
27631
26756
27642
29290
30546
32740
16509
20272
21330
4396
10248
9383
5092
23763
11333
13475
5915
7656
23568
21083
9188
32252
32720
5485
24819
59
26632
15907
14333
10204
2601
12021
31016
23996
24491
8015
21184
22853
15195
27540
28971
4245
2295
9826
23327
29660
11000
20248
24082
30726
27311
20885
7922
13467
11923
13123
8983
6371
27354
4437
25974
31821
70
21580
19479
3601
32066
15552
4553
26645
29997
11613
30740
18702
25078
22060
21871
14823
17385
9491
21427
8806
29640
8096
29392
4365
23326
2562
9150
14910
1744
32600
4023
29347
18421
24367
24484
10445
22247
13381
6101
8731
11418
30867
23540
32478
1581
23179
12092
18874
18111
26527
1254
5712
11140
16386
13540
29465
1560
14258
10450
12949
28947
2230
21802
20390
13021
31396
21175
28982
17092
9063
11340
20768
9291
9535
13493
2638
3269
3593
30958
4639
1827
15297
8851
24843
2571
27205
24216
3721
13354
20060
7226
25648
8906
25078
14389
11293
5799
17846
26680
16022
23294
23469
31382
4844
8936
32617
15934
22438
20710
32558
9965
21979
23741
14979
418
9184
19332
2544
19795
27428
28155
21511
3038
17751
22814
29601
8002
29906
19706
21354
1807
31795
32192
25248
4635
22855
29464
18199
22647
26414
29111
28801
4513
11193
9012
28908
6907
5143
28695
16012
17020
25777
16436
17083
10662
24658
5431
23102
21688
27275
13183
10954
14884
10582
19760
29126
26179
27129
25475
12371
1864
19757
21089
22666
30067
32384
14897
24580
2951
31480
15342
23456
25469
11001
15228
2176
19322
21352
7228
26197
1791
8721
11230
18141
12383
22854
12150
30378
20087
24265
18130
25380
29337
12781
6667
25041
29385
3319
1371
31956
5164
13770
14126
26804
14781
16836
29820
1887
27458
20707
30549
7279
18559
1068
7102
5803
15529
13133
20155
4817
1565
9601
29613
31635
26194
20916
13278
27359
3596
27112
27739
12387
6611
13783
11778
8529
12964
217
987
5471
9958
7945
29612
13587
3999
19875
27847
32061
21992
29361
6439
7109
11423
32743
17595
2470
21083
31947
20226
1595
12197
31769
23256
22458
9573
101
12432
29950
8090
5122
1602
31881
16462
6179
8806
7369
14026
3904
3234
20890
5894
26299
16609
6925
17763
964
6309
4455
19100
6010
24222
31341
9210
32338
16507
17375
25544
11965
4864
1859
13831
31493
7257
31459
7523
10872
22702
29721
31845
11721
27895
24266
16105
29363
15378
20017
14291
6879
21010
2782
1790
6664
6619
16894
7029
32605
4332
14812
9702
28199
28027
12200
3923
2475
27335
17016
18443
22610
12202
3980
729
25095
877
25558
12411
3553
17633
9913
20309
770
22443
25106
25447
4287
31712
2933
10877
25089
17362
29369
24741
32746
7209
31158
10470
26556
6709
31053
28207
14327
1154
30633
20622
14530
18861
5061
29346
17292
22903
18990
15187
19955
5144
30475
24512
7141
17366
14682
18809
23813
21717
7036
11503
14672
16177
9460
25641
4352
22346
14700
25016
29616
30815
26872
20460
4802
15711
5535
12360
13054
15355
4632
3892
24955
30208
7633
8178
28611
29924
25142
21715
31538
17310
21807
18347
927
15035
9450
1666
21823
21167
4316
6284
18885
28777
21506
20316
9422
24618
1133
14420
3965
29334
3069
16992
30562
28684
7789
27620
21665
22067
20623
3314
6992
5077
13529
4545
23584
14065
8481
14682
22592
16651
421
11413
3198
5575
23886
324
30640
14262
28470
32174
8274
18288
31079
12351
7536
30947
13542
12157
9927
29418
752
5694
28711
19746
17283
4120
21531
8185
29984
2586
4556
23303
464
23481
8739
21922
23909
31757
26670
19884
22786
5950
16581
18608
20445
6201
13677
2861
4420
31399
22140
6706
11230
31007
126
31531
32308
27546
4312
9723
12399
27176
19883
23883
31587
2018
1275
24865
24781
14880
10001
12212
14553
16364
24605
18559
14568
7606
29984
9620
22415
329
26633
24371
12771
8701
10014
11675
22004
28974
19358
15648
5783
12014
11173
2174
19561
14071
17231
11629
10256
6627
14624
28533
31172
22176
420
23812
4623
18462
26194
19134
8144
6986
29622
6420
12166
24896
4816
30744
12235
4540
20919
7567
7967
4562
8065
8520
18151
4832
32615
29613
10165
24000
30501
8856
31434
24130
15520
24680
27866
729
26315
339
30223
17556
9675
25342
29520
27472
18010
29258
25794
25133
1129
17265
30095
12350
28937
28755
12519
27013
28555
12554
2117
11294
3558
25284
3828
32186
15450
28882
3793
7503
10323
21500
23122
7438
16016
7192
32711
22678
6276
14299
16864
7015
22781
28398
31088
2969
15363
16964
17520
11470
24067
9900
9799
3941
32301
19874
32073
32752
16410
28779
29053
19176
12466
20833
16547
26784
4685
26507
2933
9592
13336
26736
2094
6739
22715
9261
15945
2379
28728
26566
12171
29347
10518
22970
4675
30204
7360
1242
209
21452
6952
1370
16997
8973
22959
3113
4361
3890
2377
11390
226
12895
6108
10164
27826
24537
8426
11095
2978
29372
20848
13695
5183
29932
17166
4956
4290
12877
4711
11795
18580
3127
13515
6600
25361
8484
20756
6908
10125
7340
8141
5658
32404
17332
5786
7500
6262
4322
25299
4243
23811
30036
30579
1047
2196
4497
12849
24764
6731
31423
23532
29429
30619
24599
2124
23517
26890
9367
6311
6276
21557
16630
26145
4998
22293
477
22296
29923
10370
30292
25535
9226
25077
8827
19976
12343
5778
19066
4296
4863
23398
27066
18966
298
9453
10838
9459
15808
7639
28876
1585
9062
23307
20473
141
22507
4333
31044
21535
24095
11740
32025
31988
31204
32255
28569
5369
6791
15426
17807
3354
16208
13467
32166
428
2647
23442
27098
11784
30106
32512
11565
17273
24141
29719
16795
10073
23153
26274
6735
23670
3240
11662
13847
7099
27208
18602
13846
24588
10158
27563
19641
26993
16085
14963
6380
31607
17447
6803
16781
23251
32146
15886
25888
20041
28639
19296
12741
9932
22079
18110
14696
4839
14375
8352
22072
16731
4446
3453
13146
5898
16469
2773
19934
31763
11958
13685
498
1087
26687
21751
30805
30364
5073
16520
2063
30823
708
238
24672
24367
19070
21449
3830
28216
7236
29720
13922
798
20303
19456
2253
30138
20771
29641
23271
12105
28700
8746
25377
15563
13386
29126
31004
24746
14975
8182
26977
26524
17829
10441
12626
17610
31317
25673
14177
14642
30886
2304
21375
2634
18499
14267
15319
3046
19137
29838
10685
347
10287
12568
19169
6629
27118
19464
21193
3142
14275
10720
16510
5552
27434
19194
11397
24549
27885
712
13072
4765
4342
13407
20086
5160
25697
14391
13793
15700
8662
20268
5190
1169
16406
18121
11163
25683
20179
12998
14404
184
5573
24527
10446
20587
10746
25480
32223
19656
28014
28109
26221
27969
11483
16190
27695
29184
20434
26875
17489
16845
20235
14764
6252
24371
25850
31685
23477
14558
11426
26888
117
22856
8878
30539
8633
14741
15550
25211
30026
15291
2815
6113
6623
4069
6142
26276
5522
2330
31422
6543
6289
9497
20232
24085
22550
19336
2050
7314
5529
2126
20739
9684
9796
17726
28838
23002
3751
18165
25117
11227
1709
28933
6344
10123
31182
5459
8710
23449
22407
21181
6476
19836
18439
18176
8820
23151
6444
6105
24151
10682
30637
5995
3485
5172
18585
2017
21972
9478
14080
16980
23744
6065
18927
17647
11762
30547
5794
27729
7836
17190
25334
23602
9124
15433
19485
23370
19959
16579
17813
9838
24864
22469
1115
32509
14361
21295
10844
30842
27745
10838
17964
18810
29518
29188
31482
9153
9637
5569
25796
22440
25960
13905
3271
18114
21999
20862
570
27070
23098
5912
27451
28047
19846
3897
8714
11211
10782
30157
12917
593
4724
28498
19347
20015
28784
31453
31157
3523
7944
17758
15514
28192
21009
16932
19938
18354
12373
11428
11205
20006
21477
22390
15365
30596
9393
27808
6945
24222
16725
791
27596
9390
27190
11651
15005
5691
8910
26179
18952
5948
32068
31921
23181
6784
17472
26535
17199
10317
30461
8514
28200
14408
19360
28645
3547
25236
11208
16513
7690
11326
24422
30228
1353
29401
22991
21104
27315
15205
23823
23614
5083
26742
26496
26178
24326
7058
8092
7137
11671
17882
12816
14048
21194
11244
22033
17006
23205
24841
27635
3941
15660
32115
27128
15821
20949
5145
2918
32674
5947
11126
30172
30934
8982
15799
18661
24730
20075
1052
19406
18394
29184
4512
11701
10502
18195
220
3043
9496
16459
14633
12892
4563
28399
3845
19123
15688
18518
17336
27939
2719
24479
10295
18396
19476
26530
26440
20635
32320
4389
15079
13437
18586
6484
4328
31253
26429
7275
25311
2492
25068
182
17725
4136
13395
3515
29115
28481
19343
950
20732
12591
31985
18245
18285
12728
23039
30053
18801
29129
1468
29597
31419
18770
28458
20601
23802
27479
5388
2106
20924
28741
14064
460
29580
23170
5997
22520
2654
18759
13226
17115
7982
19890
5151
13719
29411
5655
6816
1096
23673
25496
29079
9786
21087
32245
145
26713
8990
6565
2556
9192
8508
25637
22062
19830
18016
10896
4010
28686
4534
20080
13471
26799
9621
31955
16818
30203
26720
23458
31229
28723
11434
8495
28760
15715
9373
18957
13783
21978
9372
24868
20884
27869
31015
3588
26030
4509
21503
23930
9617
23654
5259
30817
376
31768
28539
15547
11057
14299
14763
27905
22560
14607
23114
27063
25735
12674
10299
10562
15365
12774
14011
25086
11100
17538
21829
6796
32631
8231
18098
5225
5547
1894
29605
17605
16701
10240
7206
20370
10788
3742
19597
14555
2321
706
6562
16471
25773
24318
26626
6974
13345
14692
17093
91
2780
28733
1373
14947
12688
28414
23745
13445
20606
16247
25548
13634
3828
15182
24287
15231
19476
29100
23246
12760
21718
5430
13050
27704
15185
1599
17082
9126
13110
19771
17920
25698
6045
6519
11577
8753
32260
6152
26740
26357
31380
14082
28103
20352
31143
10474
32494
19114
21128
15469
29238
20129
30585
23633
666
30849
26363
19373
27435
18981
16969
29269
20917
31292
11558
19865
17567
2719
23256
22831
20499
6370
27765
1133
28255
7464
1117
1979
22427
2876
13064
11849
29836
2526
8450
26621
30921
13403
6707
14256
26652
6753
24164
20889
2859
29200
23295
32265
5976
12372
12822
5209
3557
31603
12967
8737
5724
11234
9759
4779
22574
20317
5916
27304
6042
25142
30071
27681
6608
13038
15234
14000
5207
9218
30862
14319
11180
16391
25777
49
17708
21497
25030
20336
12339
977
3508
28295
27270
3413
18932
10401
1006
11572
23629
30962
25894
23122
3298
16549
32247
19297
25967
6421
7842
31409
30160
5695
126
7241
16835
3448
16866
14902
15342
13403
22853
27427
29220
11270
17316
22314
20196
19590
29221
32490
5154
17551
15097
30938
29514
24944
20870
6364
26243
4935
2502
13846
12081
369
27370
765
7613
17221
21828
11186
1688
4354
16227
11922
2173
261
20096
8969
2039
9536
19993
25254
1060
7399
19163
18549
10424
28268
21701
31369
16708
15790
11403
29144
29113
12910
24632
13388
22568
8962
6936
29974
31691
22349
11477
3910
11593
30702
3040
3736
15414
32184
22290
14993
9689
13666
6804
22475
8499
11136
23548
5006
11324
5298
12728
19871
32368
1564
27056
13405
1162
4630
807
26377
18832
7460
32738
4710
28943
32552
20621
15234
9896
17622
24666
11475
9931
9577
1003
14725
17603
148
20338
19219
4595
30908
6167
27925
2655
32100
9370
19289
27246
23017
20793
22068
4590
7279
10964
282
6232
26907
17743
20333
30293
3459
20792
9107
26754
26722
13481
1099
28528
31121
11120
19521
4336
11826
12910
30688
16013
15662
16957
1383
1369
10211
7446
6975
27373
13078
13297
26764
7083
27695
26349
29698
20038
3749
9459
19705
133
23991
11926
21188
28995
18013
62
1599
31675
23934
10118
6568
14338
3683
2018
12976
1237
3436
21125
4817
24213
25345
13698
6625
10128
8908
1585
22248
17794
8997
27348
6959
14428
18638
18298
17305
3651
15073
29220
11318
22748
4870
29223
534
1991
24041
20177
26459
19561
32748
12623
7570
27375
21017
24014
10820
7311
2906
18401
10695
26385
18924
17955
17498
3471
20753
10525
31090
32377
20229
14698
13646
25307
16180
24856
25809
13027
15530
1106
31633
29598
22731
19772
8236
514
19012
28447
29403
3889
2113
9414
8777
12796
9697
28200
17061
12710
486
20807
6901
28139
7858
8791
23726
2113
13935
5923
31106
12894
24461
10669
2938
17914
21873
3604
836
2518
14699
16315
4302
18429
24553
27048
31252
6474
32235
11818
21558
2602
19127
4543
21197
31907
27086
3380
8575
27542
12574
2830
31697
29505
8057
21545
30525
17159
5958
12191
13189
23668
12663
14827
25926
17276
15547
14159
28368
1027
15604
25971
31541
12451
32491
4174
20384
16041
5186
28233
18152
25440
19371
1954
11109
22163
31064
11535
25347
7757
9139
16805
8596
18403
26702
23543
5483
12852
11549
642
16934
19760
29155
1865
32203
29335
21994
18108
17431
15363
9719
19934
21522
31273
1661
11175
19431
12636
3601
29095
14067
16211
25630
10221
16924
3627
14298
14375
2660
30895
9080
5131
14781
17368
20384
6901
26144
20880
27420
721
26329
28859
19156
18491
5157
28280
17916
27109
9470
19620
8844
29497
7990
16801
9712
6720
3523
25941
7681
29891
29018
12149
30261
2224
7999
11011
11538
15294
603
789
15849
26196
29327
19673
21184
3496
5704
13014
21136
2340
595
25972
8113
