9
25
40
125
148
156
170
226
257
280
356
407
414
476
648
684
717
722
739
762
818
824
850
907
930
945
965
1018
1090
1133
1206
1278
1347
1357
1406
1411
1431
1437
1460
1480
1491
1523
1547
1555
1557
1575
1721
1843
1844
1969
1990
1997
2014
2062
2089
2107
2116
2148
2206
2218
2236
2252
2274
2319
2319
2330
2341
2344
2346
2363
2397
2418
2436
2441
2481
2544
2589
2653
2691
2751
2820
2903
2924
2978
2992
3051
3113
3157
3157
3182
3207
3210
3256
3290
3342
3422
3434
3595
3618
3769
3817
3828
3834
3854
3889
3896
3903
4021
4021
4046
4073
4149
4169
4205
4224
4238
4266
4268
4307
4385
4406
4413
4555
4561
4596
4643
4652
4668
4682
4753
4797
4818
4826
4835
4836
4837
4843
4853
4925
4925
4935
4945
5043
5053
5076
5096
5148
5150
5200
5231
5246
5260
5337
5342
5373
5396
5448
5456
5461
5492
5524
5552
5611
5622
5646
5658
5717
5753
5799
5831
5902
5910
5911
5937
5939
5966
5997
6034
6037
6066
6078
6096
6172
6173
6229
6455
6509
6511
6547
6564
6565
6579
6677
6696
6779
6781
6828
6873
6960
6994
7006
7037
7045
7089
7098
7187
7229
7272
7302
7304
7458
7488
7492
7537
7643
7666
7696
7740
7750
7762
7781
7826
7848
7887
7932
7957
7961
7966
7971
7978
8065
8079
8147
8168
8177
8243
8260
8264
8370
8453
8488
8497
8532
8563
8567
8586
8598
8618
8643
8672
8699
8706
8715
8822
8843
8870
8893
8905
8951
9045
9069
9096
9162
9193
9224
9325
9325
9366
9367
9373
9454
9520
9526
9532
9579
9626
9673
9718
9759
9781
9824
9878
9898
9918
9919
9927
9943
9945
10005
10007
10026
10028
10043
10060
10071
10145
10257
10268
10281
10287
10296
10303
10331
10354
10380
10417
10475
10533
10569
10583
10594
10605
10687
10689
10741
10861
10996
11015
11020
11065
11103
11128
11144
11155
11163
11207
11282
11322
11379
11398
11400
11413
11539
11569
11589
11593
11600
11658
11693
11696
11763
11769
11771
11812
11837
11878
11956
11963
12005
12028
12031
12058
12083
12088
12099
12139
12140
12180
12272
12276
12282
12298
12304
12392
12397
12404
12470
12474
12572
12576
12628
12632
12728
12738
12757
12841
12864
12977
12979
12982
13011
13027
13070
13070
13072
13132
13189
13190
13206
13271
13307
13323
13327
13347
13367
13403
13416
13424
13533
13604
13627
13722
13732
13797
13802
13809
13825
13834
13852
13854
13869
13884
13940
13953
13958
14044
14081
14169
14239
14318
14320
14342
14371
14469
14519
14531
14532
14582
14603
14621
14662
14686
14689
14742
14799
14803
14812
14854
14870
14873
14902
14963
14968
14994
14998
15032
15048
15077
15151
15158
15170
15175
15208
15262
15289
15290
15310
15351
15376
15406
15415
15419
15433
15456
15457
15576
15582
15623
15650
15701
15722
15734
15739
15806
15883
15909
15943
16018
16034
16039
16044
16049
16227
16265
16278
16322
16376
16442
16454
16462
16542
16583
16641
16646
16664
16704
16749
16777
16783
16797
16808
16881
16933
16937
16939
17029
17041
17114
17152
17214
17225
17252
17254
17265
17285
17288
17329
17331
17385
17415
17495
17505
17551
17562
17577
17625
17658
17663
17679
17745
17789
17821
17832
17857
17974
17976
18045
18046
18127
18134
18135
18207
18237
18250
18288
18317
18319
18356
18363
18377
18389
18400
18406
18460
18462
18477
18505
18529
18549
18603
18609
18628
18692
18789
18791
18798
18849
18883
18928
18944
18974
19017
19066
19134
19165
19196
19214
19217
19222
19240
19268
19280
19360
19457
19468
19470
19490
19497
19507
19543
19597
19598
19604
19753
19796
19804
19843
19897
19947
19967
20027
20049
20064
20082
20095
20102
20124
20132
20147
20175
20224
20233
20266
20294
20315
20337
20361
20388
20429
20450
20468
20594
20610
20633
20638
20697
20794
20840
20840
20864
20873
20889
20916
20984
20995
20996
21041
21168
21169
21187
21187
21221
21251
21310
21350
21411
21412
21502
21588
21602
21663
21710
21784
21919
21935
21940
21952
21989
22007
22008
22097
22110
22112
22173
22178
22202
22214
22242
22280
22285
22290
22306
22356
22392
22396
22399
22415
22485
22530
22534
22562
22617
22624
22630
22631
22683
22719
22825
22853
22864
22955
22987
23061
23077
23080
23161
23169
23230
23249
23259
23275
23299
23310
23316
23326
23328
23391
23420
23424
23473
23497
23516
23528
23543
23589
23595
23607
23613
23616
23656
23677
23708
23717
23737
23766
23767
23795
23850
23873
23882
23883
23908
23915
23960
24032
24043
24087
24103
24106
24124
24137
24202
24252
24299
24301
24335
24429
24431
24457
24470
24475
24479
24494
24617
24662
24663
24705
24826
24848
24903
24903
24917
24921
24927
24941
24978
24992
24994
25055
25074
25089
25184
25233
25260
25282
25290
25334
25347
25366
25386
25542
25553
25573
25591
25617
25657
25716
25717
25735
25851
25889
25891
25917
25933
25936
25982
26107
26118
26145
26169
26174
26214
26245
26260
26299
26316
26331
26345
26367
26368
26386
26476
26539
26696
26737
26745
26773
26777
26795
26809
26827
26898
26969
26971
26982
26985
27054
27073
27130
27220
27236
27260
27270
27313
27315
27342
27399
27421
27461
27509
27540
27543
27545
27562
27588
27606
27797
27842
27849
27870
27881
27926
27973
28125
28152
28160
28175
28228
28236
28249
28314
28373
28382
28426
28456
28477
28500
28511
28518
28530
28595
28616
28638
28672
28681
28682
28692
28720
28775
28779
28783
28807
28847
28922
28948
28998
29002
29003
29006
29034
29096
29204
29230
29235
29246
29310
29348
29441
29454
29578
29587
29616
29648
29729
29822
29843
29856
29912
29921
29990
30039
30145
30175
30216
30222
30256
30275
30291
30293
30360
30372
30377
30399
30443
30474
30519
30579
30610
30613
30617
30703
30716
30732
30735
30811
30847
30850
30870
30874
30904
30932
30997
31007
31057
31085
31090
31094
31111
31283
31338
31346
31422
31428
31446
31459
31530
31547
31569
31619
31680
31732
31781
31802
31826
31862
31869
31878
31887
31933
31962
31969
32036
32038
32050
32068
32135
32164
32176
32219
32229
32254
32257
32268
32294
32306
32387
32422
32428
32439
32455
32501
32534
32546
32560
32587
32589
32648
32676
32687
32762
