8
23
49
50
53
59
62
70
75
75
91
101
115
117
118
126
126
132
133
137
141
145
148
155
160
164
166
182
184
194
209
217
220
226
230
238
261
266
277
282
293
296
298
312
322
324
329
339
347
348
356
368
369
371
371
372
374
376
387
387
418
420
421
421
428
430
433
434
448
460
464
477
477
486
498
514
531
534
570
570
571
577
586
587
591
593
595
603
606
639
642
647
654
663
664
666
671
677
703
706
708
712
716
717
719
721
729
729
731
731
742
752
752
755
762
765
769
770
773
781
789
789
791
791
793
793
795
796
798
802
807
808
813
821
836
839
859
862
877
884
915
927
931
937
943
944
950
963
964
966
977
987
990
994
1002
1003
1006
1014
1020
1022
1027
1034
1047
1052
1060
1068
1087
1096
1099
1106
1115
1117
1129
1133
1133
1137
1147
1154
1158
1160
1160
1160
1162
1169
1172
1181
1184
1185
1194
1208
1237
1242
1254
1254
1254
1275
1278
1290
1297
1305
1326
1342
1353
1357
1359
1368
1369
1369
1370
1371
1373
1379
1383
1388
1413
1429
1435
1438
1447
1468
1469
1503
1505
1506
1526
1536
1556
1560
1564
1565
1565
1581
1581
1585
1585
1595
1595
1599
1599
1602
1604
1615
1625
1627
1633
1633
1633
1638
1645
1651
1656
1657
1657
1661
1666
1671
1671
1675
1677
1688
1691
1696
1697
1709
1714
1733
1737
1737
1739
1740
1743
1743
1744
1762
1767
1776
1785
1790
1791
1807
1811
1827
1833
1847
1859
1860
1864
1865
1875
1887
1894
1898
1910
1914
1914
1919
1926
1937
1938
1947
1954
1963
1979
1979
1985
1991
2001
2002
2009
2012
2017
2018
2018
2023
2039
2041
2050
2054
2063
2094
2106
2106
2111
2111
2113
2113
2116
2117
2124
2126
2146
2157
2161
2173
2174
2176
2181
2189
2193
2195
2196
2221
2224
2229
2230
2233
2241
2253
2259
2268
2272
2292
2295
2304
2311
2321
2321
2330
2340
2347
2361
2362
2374
2377
2379
2386
2389
2409
2423
2455
2456
2456
2470
2475
2477
2492
2502
2514
2518
2526
2544
2545
2546
2550
2556
2561
2562
2562
2571
2571
2575
2586
2586
2596
2601
2602
2607
2611
2632
2634
2638
2643
2647
2654
2655
2660
2661
2665
2682
2694
2696
2702
2702
2711
2719
2719
2730
2740
2751
2756
2772
2773
2780
2782
2815
2817
2830
2832
2833
2846
2855
2859
2861
2863
2876
2906
2915
2918
2933
2933
2935
2938
2950
2951
2951
2953
2962
2969
2971
2978
2991
2992
3002
3003
3037
3038
3040
3043
3046
3049
3063
3069
3090
3091
3093
3113
3127
3140
3142
3142
3155
3183
3198
3215
3219
3227
3232
3234
3240
3244
3246
3247
3255
3269
3271
3285
3298
3314
3319
3323
3331
3340
3341
3345
3354
3370
3373
3379
3380
3403
3405
3411
3412
3413
3413
3415
3421
3436
3446
3448
3450
3453
3459
3462
3471
3485
3496
3501
3508
3512
3515
3515
3520
3521
3523
3523
3538
3544
3547
3549
3553
3557
3558
3559
3565
3565
3566
3572
3587
3588
3593
3596
3601
3601
3603
3604
3608
3615
3627
3637
3638
3645
3651
3671
3676
3680
3683
3689
3692
3713
3721
3733
3736
3737
3742
3744
3746
3749
3749
3750
3751
3752
3756
3758
3767
3789
3792
3793
3809
3816
3817
3828
3828
3829
3830
3839
3845
3845
3887
3889
3890
3892
3894
3897
3899
3904
3904
3905
3910
3910
3919
3921
3923
3924
3939
3941
3941
3956
3961
3965
3980
3989
3995
3999
3999
4000
4010
4014
4019
4023
4027
4027
4069
4069
4078
4089
4096
4109
4110
4120
4125
4129
4136
4148
4152
4159
4164
4171
4174
4177
4197
4201
4202
4211
4243
4245
4249
4254
4255
4256
4257
4269
4287
4288
4290
4296
4302
4304
4308
4312
4312
4316
4322
4328
4329
4332
4333
4336
4342
4352
4354
4361
4365
4389
4390
4396
4408
4416
4420
4433
4437
4441
4446
4455
4468
4474
4479
4484
4488
4495
4497
4501
4509
4512
4513
4515
4523
4528
4534
4540
4543
4545
4548
4552
4553
4556
4562
4563
4586
4590
4593
4595
4623
4624
4629
4630
4632
4635
4639
4651
4667
4675
4675
4684
4685
4699
4703
4710
4711
4724
4762
4765
4766
4779
4781
4782
4802
4816
4817
4817
4829
4832
4839
4844
4859
4863
4864
4865
4867
4870
4872
4873
4890
4898
4910
4935
4937
4956
4975
4982
4992
4993
4998
5006
5007
5020
5025
5026
5034
5041
5046
5051
5061
5065
5071
5073
5077
5083
5092
5095
5122
5124
5128
5131
5143
5144
5145
5148
5149
5151
5154
5157
5160
5164
5166
5172
5183
5186
5190
5190
5192
5193
5207
5209
5225
5233
5259
5285
5298
5311
5329
5346
5359
5369
5370
5383
5388
5396
5397
5408
5428
5429
5430
5431
5435
5457
5459
5462
5471
5480
5481
5483
5485
5488
5498
5509
5512
5515
5516
5522
5529
5535
5539
5543
5547
5548
5552
5564
5569
5573
5575
5581
5595
5606
5646
5655
5658
5674
5680
5681
5691
5694
5695
5695
5701
5703
5704
5712
5715
5721
5724
5726
5731
5732
5742
5763
5775
5778
5780
5783
5786
5794
5799
5800
5800
5801
5803
5808
5825
5833
5834
5845
5851
5862
5863
5876
5886
5894
5898
5912
5915
5916
5921
5923
5947
5948
5950
5950
5956
5958
5959
5975
5976
5978
5978
5985
5993
5994
5995
5997
5998
6003
6009
6010
6012
6026
6036
6042
6042
6045
6047
6065
6071
6081
6101
6105
6108
6110
6113
6122
6124
6126
6134
6142
6152
6159
6166
6167
6169
6171
6179
6179
6193
6193
6196
6196
6199
6201
6212
6222
6222
6224
6230
6232
6241
6244
6252
6256
6257
6262
6274
6276
6276
6284
6286
6289
6300
6309
6311
6311
6317
6318
6326
6344
6346
6353
6356
6364
6370
6371
6374
6380
6403
6407
6420
6421
6439
6444
6455
6474
6476
6484
6495
6514
6515
6519
6528
6530
6531
6532
6539
6543
6547
6556
6562
6565
6568
6578
6597
6598
6600
6606
6608
6611
6611
6611
6619
6623
6625
6627
6627
6629
6633
6634
6639
6664
6667
6676
6679
6683
6698
6706
6707
6709
6720
6723
6723
6731
6735
6739
6743
6750
6752
6753
6755
6760
6770
6774
6777
6781
6783
6784
6789
6791
6795
6796
6796
6803
6804
6808
6816
6820
6822
6822
6867
6879
6885
6901
6901
6907
6907
6908
6909
6910
6914
6915
6916
6923
6925
6929
6929
6936
6936
6943
6945
6948
6949
6952
6956
6956
6957
6959
6970
6974
6975
6976
6978
6981
6986
6990
6992
7004
7015
7020
7029
7029
7036
7040
7043
7044
7053
7058
7064
7067
7077
7083
7099
7102
7109
7120
7120
7132
7136
7137
7140
7141
7161
7163
7169
7192
7196
7204
7206
7209
7222
7224
7226
7228
7236
7238
7241
7244
7257
7267
7275
7277
7279
7279
7281
7304
7311
7314
7322
7339
7340
7354
7360
7369
7391
7399
7417
7438
7440
7446
7459
7460
7464
7478
7485
7500
7503
7509
7514
7515
7516
7518
7519
7523
7534
7536
7545
7567
7570
7589
7605
7606
7606
7611
7613
7617
7632
7633
7635
7639
7648
7654
7656
7679
7681
7681
7687
7690
7696
7706
7707
7733
7743
7755
7757
7783
7789
7795
7799
7808
7810
7836
7842
7858
7864
7869
7882
7890
7892
7902
7922
7926
7936
7938
7939
7944
7945
7967
7982
7990
7999
8002
8013
8015
8015
8021
8028
8033
8057
8059
8062
8062
8065
8066
8072
8085
8090
8092
8096
8101
8103
8113
8113
8115
8124
8141
8144
8153
8162
8167
8169
8174
8178
8182
8185
8187
8187
8203
8212
8220
8231
8235
8236
8259
8269
8274
8278
8303
8316
8332
8340
8344
8352
8361
8361
8380
8385
8387
8421
8426
8444
8449
8450
8450
8459
8473
8481
8482
8484
8485
8495
8495
8499
8508
8514
8516
8518
8519
8520
8521
8529
8567
8575
8575
8580
8586
8586
8593
8594
8596
8632
8633
8659
8660
8662
8663
8667
8675
8685
8686
8689
8693
8696
8701
8710
8714
8717
8719
8721
8731
8732
8737
8739
8746
8753
8755
8767
8773
8777
8791
8799
8800
8802
8804
8806
8806
8820
8827
8841
8844
8844
8849
8851
8856
8859
8864
8868
8876
8878
8906
8908
8910
8911
8936
8941
8962
8969
8972
8973
8982
8983
8990
8997
9012
9022
9035
9062
9063
9080
9102
9107
9112
9124
9124
9126
9139
9145
9148
9150
9153
9174
9184
9185
9188
9192
9196
9198
9210
9218
9226
9226
9226
9232
9239
9240
9241
9254
9261
9267
9291
9332
9355
9367
9368
9370
9371
9372
9373
9378
9381
9383
9389
9390
9391
9393
9393
9399
9400
9407
9414
9417
9422
9435
9445
9450
9451
9453
9457
9459
9459
9460
9462
9470
9473
9478
9491
9496
9497
9497
9500
9511
9511
9513
9535
9536
9547
9573
9577
9581
9585
9588
9592
9593
9594
9595
9596
9599
9601
9606
9617
9620
9621
9624
9631
9637
9637
9664
9668
9675
9683
9684
9689
9697
9702
9704
9710
9712
9714
9719
9723
9728
9741
9745
9759
9764
9786
9789
9796
9799
9826
9838
9838
9845
9855
9861
9884
9891
9894
9895
9896
9900
9901
9913
9919
9927
9931
9932
9939
9958
9965
9988
9998
10001
10006
10014
10029
10031
10044
10056
10058
10073
10076
10085
10085
10111
10115
10118
10123
10125
10128
10149
10158
10164
10165
10174
10177
10188
10188
10190
10204
10211
10221
10238
10240
10240
10242
10248
10253
10256
10259
10271
10273
10282
10282
10287
10295
10299
10317
10323
10337
10340
10363
10367
10370
10391
10401
10401
10401
10421
10424
10430
10441
10445
10446
10447
10447
10450
10470
10474
10474
10478
10487
10502
10518
10522
10522
10525
10525
10558
10562
10562
10564
10569
10574
10575
10582
10595
10607
10612
10624
10662
10664
10667
10669
10680
10682
10685
10686
10695
10697
10720
10728
10729
10739
10739
10743
10746
10750
10782
10788
10795
10797
10802
10809
10814
10820
10825
10838
10838
10844
10856
10867
10871
10872
10877
10879
10880
10896
10930
10931
10940
10954
10954
10963
10964
10979
10982
10988
11000
11001
11011
11011
11014
11029
11038
11045
11049
11057
11073
11076
11095
11096
11100
11107
11109
11120
11126
11136
11140
11163
11173
11173
11175
11179
11180
11185
11186
11193
11193
11205
11208
11211
11218
11226
11227
11230
11230
11233
11234
11244
11248
11270
11272
11280
11293
11294
11297
11299
11305
11316
11318
11324
11326
11333
11340
11341
11345
11349
11352
11356
11367
11390
11397
11403
11405
11408
11413
11418
11422
11423
11426
11428
11430
11434
11434
11464
11470
11475
11477
11477
11483
11488
11498
11503
11516
11521
11525
11526
11532
11535
11538
11549
11558
11565
11570
11570
11572
11573
11577
11593
11608
11610
11613
11615
11619
11629
11632
11635
11637
11647
11651
11656
11657
11657
11662
11664
11671
11675
11683
11692
11701
11705
11705
11721
11733
11734
11740
11762
11778
11778
11784
11786
11788
11795
11814
11815
11818
11818
11826
11837
11849
11852
11854
11872
11876
11880
11881
11900
11911
11915
11922
11923
11923
11926
11936
11940
11958
11965
11972
11978
11979
11982
11998
12005
12014
12015
12016
12021
12025
12029
12042
12079
12081
12087
12092
12105
12108
12149
12150
12152
12157
12164
12166
12171
12174
12179
12185
12191
12193
12194
12197
12200
12201
12202
12203
12212
12235
12244
12251
12256
12262
12270
12274
12277
12278
12288
12290
12302
12317
12321
12324
12327
12329
12334
12339
12343
12350
12351
12360
12371
12372
12373
12373
12376
12383
12384
12387
12389
12399
12402
12411
12424
12429
12432
12451
12466
12480
12492
12502
12512
12519
12552
12554
12564
12568
12572
12574
12587
12591
12594
12612
12620
12623
12625
12626
12630
12636
12641
12653
12655
12658
12663
12668
12672
12674
12677
12688
12700
12701
12706
12710
12720
12724
12728
12728
12741
12747
12748
12751
12754
12760
12771
12774
12778
12781
12796
12799
12808
12813
12816
12821
12822
12826
12827
12839
12842
12844
12848
12849
12852
12866
12867
12877
12880
12892
12894
12895
12908
12909
12910
12910
12917
12921
12935
12938
12942
12949
12949
12957
12964
12967
12976
12995
12995
12998
13009
13009
13014
13015
13019
13021
13024
13027
13038
13041
13049
13050
13054
13064
13065
13065
13072
13078
13087
13098
13110
13113
13114
13123
13133
13146
13161
13162
13183
13189
13195
13218
13226
13237
13241
13243
13245
13255
13257
13258
13265
13270
13278
13287
13297
13297
13306
13313
13315
13332
13336
13345
13349
13354
13369
13374
13375
13381
13386
13387
13388
13395
13403
13403
13405
13407
13437
13445
13448
13456
13464
13466
13467
13467
13471
13475
13479
13480
13481
13493
13515
13515
13529
13540
13542
13559
13564
13579
13583
13583
13587
13614
13634
13646
13651
13656
13659
13661
13666
13677
13683
13685
13689
13695
13698
13698
13701
13719
13720
13722
13728
13730
13735
13739
13747
13748
13750
13758
13770
13771
13779
13783
13783
13787
13793
13800
13812
13823
13831
13838
13841
13846
13846
13846
13846
13847
13869
13878
13880
13884
13884
13905
13908
13908
13922
13929
13935
13947
13957
13973
13988
13996
13997
14000
14005
14010
14011
14015
14021
14022
14026
14028
14031
14041
14045
14048
14064
14065
14067
14071
14080
14082
14096
14105
14110
14112
14112
14126
14129
14141
14146
14148
14159
14166
14166
14167
14172
14177
14190
14193
14199
14228
14256
14258
14262
14265
14267
14275
14276
14276
14281
14291
14297
14298
14299
14299
14300
14302
14310
14313
14319
14327
14330
14331
14333
14333
14338
14342
14344
14361
14369
14373
14375
14375
14377
14388
14389
14390
14391
14404
14408
14420
14428
14432
14436
14462
14482
14497
14505
14510
14521
14530
14553
14555
14558
14560
14568
14571
14576
14581
14583
14585
14607
14609
14612
14624
14633
14642
14652
14654
14669
14672
14672
14682
14682
14684
14692
14696
14698
14699
14700
14721
14722
14725
14741
14742
14745
14756
14763
14764
14781
14781
14784
14784
14810
14811
14812
14823
14827
14832
14840
14863
14874
14880
14884
14891
14892
14897
14902
14910
14927
14938
14945
14947
14955
14956
14963
14968
14974
14975
14979
14986
14989
14993
14994
15000
15005
15023
15025
15026
15032
15035
15040
15051
15052
15054
15060
15073
15079
15081
15088
15097
15116
15124
15182
15185
15187
15189
15191
15194
15195
15205
15211
15212
15212
15228
15231
15234
15234
15272
15291
15294
15297
15301
15305
15316
15319
15327
15333
15337
15342
15342
15345
15355
15363
15363
15365
15365
15370
15374
15378
15383
15387
15390
15392
15407
15410
15414
15414
15426
15429
15433
15438
15438
15450
15469
15471
15500
15502
15512
15514
15520
15529
15530
15543
15547
15547
15550
15552
15552
15553
15563
15572
15579
15580
15582
15587
15595
15600
15604
15604
15605
15610
15617
15648
15660
15662
15688
15699
15700
15701
15702
15702
15711
15714
15715
15716
15739
15748
15768
15771
15781
15784
15790
15799
15808
15808
15812
15816
15818
15821
15829
15833
15840
15843
15849
15859
15871
15872
15872
15873
15886
15888
15892
15898
15902
15905
15906
15907
15913
15922
15934
15934
15941
15945
15959
15965
15975
15995
15997
16002
16004
16006
16009
16012
16013
16016
16021
16022
16024
16041
16063
16085
16105
16112
16114
16118
16133
16136
16147
16149
16157
16177
16180
16190
16191
16208
16211
16223
16227
16237
16247
16254
16272
16282
16283
16288
16291
16299
16315
16315
16318
16363
16364
16374
16386
16391
16406
16410
16414
16421
16423
16436
16441
16454
16459
16462
16469
16471
16479
16483
16505
16507
16509
16510
16513
16519
16520
16521
16526
16529
16543
16547
16549
16562
16570
16570
16579
16581
16587
16594
16598
16609
16612
16615
16630
16634
16636
16647
16649
16649
16651
16678
16680
16684
16686
16698
16701
16705
16706
16708
16725
16730
16731
16738
16741
16749
16757
16779
16781
16795
16797
16801
16805
16814
16817
16818
16834
16835
16836
16840
16845
16849
16860
16864
16866
16894
16904
16912
16924
16932
16934
16936
16941
16950
16957
16958
16960
16964
16969
16975
16980
16992
16996
16997
16998
17002
17006
17016
17020
17027
17046
17057
17061
17078
17082
17083
17092
17093
17113
17115
17119
17127
17129
17141
17151
17156
17159
17165
17166
17190
17190
17191
17193
17194
17199
17200
17212
17213
17218
17221
17228
17231
17260
17265
17267
17273
17276
17280
17283
17292
17300
17305
17309
17309
17310
17316
17329
17330
17332
17336
17357
17360
17362
17366
17368
17375
17385
17387
17425
17426
17431
17435
17447
17453
17459
17464
17468
17472
17489
17489
17495
17498
17503
17520
17520
17527
17538
17551
17551
17556
17567
17571
17573
17595
17603
17605
17608
17610
17622
17625
17633
17647
17648
17653
17674
17700
17703
17706
17708
17708
17723
17725
17726
17743
17744
17751
17758
17763
17768
17772
17775
17788
17794
17800
17807
17809
17813
17829
17841
17845
17846
17858
17866
17882
17898
17914
17916
17920
17928
17929
17935
17936
17945
17955
17958
17964
17964
17991
18010
18013
18014
18015
18016
18033
18036
18037
18041
18049
18050
18059
18061
18096
18098
18108
18110
18111
18114
18114
18121
18121
18125
18130
18137
18141
18148
18151
18152
18165
18171
18172
18176
18176
18193
18195
18199
18199
18207
18214
18231
18236
18245
18285
18288
18296
18298
18307
18311
18347
18354
18354
18367
18386
18394
18396
18398
18401
18403
18406
18410
18421
18428
18429
18439
18443
18462
18469
18470
18478
18489
18490
18491
18494
18497
18499
18518
18531
18532
18549
18551
18553
18559
18559
18561
18568
18575
18577
18580
18580
18585
18586
18592
18598
18602
18608
18612
18615
18617
18638
18642
18643
18645
18649
18654
18654
18661
18666
18669
18695
18702
18714
18737
18747
18749
18753
18756
18759
18770
18788
18801
18809
18810
18818
18821
18832
18849
18861
18863
18874
18874
18877
18880
18885
18886
18898
18923
18924
18927
18930
18930
18932
18952
18954
18957
18964
18966
18981
18981
18984
18987
18990
18998
19000
19012
19016
19026
19066
19069
19070
19086
19091
19100
19104
19114
19122
19123
19124
19126
19127
19134
19135
19137
19147
19156
19158
19163
19168
19169
19174
19176
19194
19211
19212
19219
19226
19232
19249
19253
19254
19265
19274
19284
19285
19289
19294
19296
19297
19307
19317
19322
19323
19330
19332
19336
19339
19340
19343
19347
19355
19358
19360
19366
19371
19372
19373
19391
19395
19398
19406
19408
19414
19419
19429
19431
19443
19455
19456
19464
19476
19476
19479
19479
19483
19485
19494
19507
19517
19521
19526
19527
19561
19561
19582
19587
19590
19597
19611
19616
19620
19641
19656
19673
19674
19686
19696
19705
19706
19719
19744
19746
19747
19747
19750
19751
19757
19760
19760
19771
19772
19774
19775
19779
19788
19795
19828
19828
19830
19833
19836
19843
19844
19846
19865
19871
19874
19875
19882
19882
19883
19884
19890
19891
19891
19901
19906
19907
19911
19932
19934
19934
19934
19936
19938
19940
19942
19955
19957
19959
19962
19963
19966
19975
19976
19981
19990
19990
19993
20006
20015
20015
20017
20020
20037
20038
20041
20053
20060
20075
20080
20084
20086
20087
20096
20108
20129
20130
20142
20149
20151
20155
20157
20176
20177
20179
20193
20194
20196
20226
20229
20232
20235
20235
20242
20248
20268
20272
20290
20296
20299
20303
20304
20307
20309
20316
20317
20321
20333
20336
20338
20352
20352
20356
20357
20361
20363
20367
20370
20381
20384
20384
20387
20390
20391
20397
20398
20413
20422
20425
20434
20445
20448
20460
20462
20473
20476
20499
20502
20504
20511
20540
20542
20544
20547
20562
20574
20587
20592
20594
20601
20606
20615
20621
20622
20623
20625
20635
20639
20656
20660
20688
20697
20707
20708
20710
20722
20732
20739
20743
20753
20753
20756
20756
20761
20768
20771
20786
20792
20793
20807
20808
20813
20826
20833
20835
20838
20847
20848
20850
20858
20862
20870
20870
20871
20877
20877
20877
20880
20880
20884
20885
20887
20889
20890
20898
20903
20903
20916
20917
20919
20924
20929
20949
20955
20996
21009
21010
21017
21018
21020
21037
21039
21063
21064
21077
21083
21083
21085
21087
21089
21098
21104
21110
21123
21125
21126
21128
21134
21135
21136
21159
21167
21175
21177
21181
21184
21184
21184
21184
21188
21193
21194
21197
21200
21235
21239
21244
21267
21295
21299
21322
21330
21330
21352
21353
21354
21354
21365
21365
21372
21373
21375
21383
21384
21389
21392
21401
21407
21427
21439
21449
21452
21471
21477
21481
21482
21497
21500
21503
21506
21507
21511
21512
21512
21520
21522
21531
21533
21535
21545
21545
21555
21555
21557
21558
21580
21587
21617
21617
21645
21647
21648
21663
21663
21665
21674
21676
21688
21688
21701
21705
21705
21715
21717
21717
21718
21731
21734
21738
21748
21749
21751
21778
21787
21790
21802
21807
21823
21823
21828
21829
21863
21871
21873
21897
21910
21910
21922
21925
21926
21937
21939
21944
21949
21972
21976
21978
21979
21991
21992
21994
21994
21999
21999
22004
22028
22031
22033
22036
22038
22044
22056
22060
22062
22067
22068
22069
22072
22079
22081
22092
22093
22098
22140
22147
22157
22163
22164
22168
22169
22173
22176
22196
22215
22229
22231
22247
22248
22250
22262
22264
22283
22286
22288
22290
22293
22294
22296
22304
22310
22310
22314
22336
22346
22349
22351
22354
22376
22388
22390
22392
22405
22407
22413
22415
22417
22427
22438
22440
22443
22458
22468
22469
22475
22485
22507
22520
22533
22534
22540
22542
22542
22545
22546
22549
22550
22560
22562
22563
22564
22568
22574
22592
22595
22606
22610
22629
22633
22647
22665
22665
22666
22668
22678
22696
22702
22715
22718
22731
22744
22748
22749
22756
22781
22782
22786
22800
22814
22828
22831
22838
22838
22845
22853
22853
22854
22855
22856
22856
22857
22866
22873
22891
22903
22903
22913
22958
22959
22963
22965
22970
22989
22991
22998
23002
23017
23019
23025
23039
23045
23055
23056
23060
23067
23083
23096
23098
23102
23108
23109
23113
23114
23122
23122
23138
23151
23153
23157
23170
23179
23180
23181
23188
23201
23205
23223
23243
23246
23251
23256
23256
23259
23260
23266
23270
23270
23271
23273
23281
23284
23291
23294
23295
23298
23303
23304
23307
23313
23316
23320
23325
23326
23327
23328
23329
23360
23363
23370
23374
23382
23388
23398
23408
23425
23427
23429
23435
23441
23442
23449
23456
23458
23469
23477
23481
23482
23517
23527
23532
23540
23541
23543
23548
23555
23563
23568
23584
23589
23602
23614
23619
23626
23629
23633
23638
23651
23654
23654
23655
23657
23658
23664
23668
23670
23673
23679
23680
23684
23697
23714
23726
23731
23741
23744
23745
23751
23763
23766
23796
23802
23811
23812
23813
23822
23823
23824
23838
23847
23867
23875
23878
23883
23886
23909
23909
23930
23934
23938
23970
23980
23991
23996
23998
24000
24002
24014
24041
24055
24067
24074
24082
24085
24092
24094
24095
24102
24119
24130
24135
24141
24151
24157
24164
24178
24181
24190
24193
24198
24203
24213
24216
24221
24222
24222
24229
24235
24253
24257
24265
24266
24278
24279
24286
24287
24291
24297
24304
24305
24309
24318
24326
24342
24354
24360
24367
24367
24371
24371
24376
24394
24404
24407
24422
24422
24461
24479
24484
24488
24491
24512
24513
24518
24518
24520
24527
24530
24537
24549
24553
24580
24580
24581
24588
24592
24596
24599
24605
24607
24616
24617
24618
24632
24641
24650
24658
24666
24672
24673
24680
24714
24717
24730
24741
24745
24746
24764
24774
24781
24801
24815
24819
24823
24841
24843
24843
24845
24845
24849
24855
24856
24864
24865
24868
24873
24877
24885
24889
24895
24896
24899
24909
24914
24920
24929
24935
24941
24944
24955
24963
24965
24970
24989
24996
24996
25010
25011
25016
25030
25038
25041
25068
25071
25077
25078
25078
25084
25084
25086
25089
25095
25106
25117
25130
25133
25139
25142
25142
25146
25146
25159
25161
25170
25184
25198
25198
25206
25209
25211
25219
25236
25236
25248
25254
25255
25279
25284
25292
25296
25297
25299
25300
25307
25311
25313
25331
25334
25342
25345
25347
25361
25361
25368
25375
25377
25380
25380
25387
25388
25404
25440
25447
25469
25475
25480
25482
25484
25493
25496
25503
25535
25544
25548
25558
25564
25573
25582
25598
25599
25600
25609
25624
25630
25637
25637
25641
25643
25648
25660
25673
25683
25697
25698
25707
25720
25735
25773
25776
25777
25777
25790
25794
25795
25796
25796
25809
25817
25827
25827
25833
25836
25850
25887
25888
25890
25894
25902
25917
25921
25924
25926
25936
25941
25958
25959
25960
25962
25967
25967
25970
25971
25972
25974
25977
26018
26027
26029
26030
26030
26038
26047
26057
26070
26082
26120
26129
26130
26143
26144
26145
26178
26179
26179
26194
26194
26196
26197
26206
26209
26221
26224
26236
26243
26248
26250
26265
26274
26276
26281
26290
26292
26299
26304
26315
26329
26329
26331
26340
26349
26357
26363
26371
26375
26377
26385
26394
26400
26405
26409
26414
26414
26429
26440
26459
26461
26477
26486
26496
26507
26514
26515
26524
26527
26530
26535
26548
26551
26556
26557
26565
26566
26584
26607
26616
26621
26621
26621
26624
26626
26631
26632
26633
26645
26652
26657
26665
26669
26670
26680
26684
26687
26688
26702
26713
26718
26720
26722
26736
26740
26742
26752
26754
26756
26761
26763
26764
26767
26776
26776
26784
26799
26801
26804
26816
26866
26868
26870
26872
26875
26885
26888
26890
26902
26907
26924
26952
26977
26985
26993
26999
27009
27013
27048
27056
27063
27066
27070
27086
27086
27098
27106
27107
27109
27110
27112
27118
27128
27129
27139
27142
27159
27160
27176
27181
27190
27191
27197
27205
27208
27214
27233
27236
27246
27248
27250
27251
27264
27265
27270
27275
27292
27304
27310
27311
27315
27323
27326
27330
27335
27348
27354
27358
27359
27370
27373
27375
27392
27392
27397
27419
27420
27422
27427
27428
27428
27428
27432
27434
27435
27436
27439
27445
27451
27455
27458
27465
27467
27472
27473
27473
27479
27485
27486
27491
27509
27511
27523
27524
27540
27542
27546
27551
27563
27571
27579
27583
27596
27602
27605
27606
27616
27619
27620
27631
27632
27635
27636
27642
27646
27675
27676
27679
27681
27685
27693
27695
27695
27697
27704
27704
27729
27729
27733
27734
27739
27743
27745
27751
27753
27761
27765
27765
27766
27768
27776
27782
27801
27805
27808
27818
27824
27826
27830
27834
27835
27843
27847
27854
27857
27866
27866
27869
27871
27885
27885
27889
27895
27905
27912
27916
27916
27925
27937
27939
27945
27950
27969
27974
27987
27995
28012
28014
28014
28020
28020
28022
28027
28047
28048
28058
28070
28071
28086
28102
28103
28109
28120
28132
28139
28155
28184
28192
28198
28199
28200
28200
28200
28207
28208
28216
28227
28233
28248
28255
28255
28263
28268
28279
28280
28287
28292
28295
28328
28347
28350
28352
28354
28368
28371
28375
28382
28397
28398
28399
28403
28412
28414
28417
28420
28431
28447
28458
28459
28466
28470
28478
28478
28481
28488
28488
28491
28498
28504
28511
28527
28528
28530
28533
28536
28539
28541
28542
28543
28555
28556
28569
28581
28585
28588
28609
28611
28619
28628
28639
28645
28669
28684
28686
28695
28695
28700
28708
28711
28713
28720
28723
28728
28728
28729
28731
28733
28735
28736
28741
28752
28754
28755
28756
28760
28764
28775
28776
28777
28779
28779
28784
28801
28812
28831
28836
28838
28859
28871
28876
28882
28908
28914
28930
28933
28937
28943
28947
28956
28959
28967
28971
28974
28979
28982
28982
28985
28986
28995
29002
29013
29018
29026
29028
29032
29042
29053
29055
29056
29058
29063
29070
29079
29079
29095
29098
29100
29103
29111
29113
29115
29126
29126
29129
29141
29144
29155
29175
29178
29181
29181
29184
29184
29188
29188
29193
29200
29210
29219
29220
29220
29221
29223
29235
29238
29238
29251
29254
29258
29259
29262
29269
29270
29271
29278
29290
29319
29327
29328
29329
29334
29335
29337
29346
29347
29347
29352
29361
29363
29365
29369
29372
29385
29388
29388
29392
29397
29401
29403
29404
29411
29414
29418
29420
29429
29430
29444
29464
29465
29484
29493
29495
29497
29504
29505
29506
29514
29514
29518
29518
29520
29562
29580
29589
29597
29598
29601
29605
29612
29613
29613
29616
29620
29622
29633
29635
29640
29641
29651
29660
29661
29663
29668
29671
29672
29675
29697
29698
29719
29720
29721
29728
29732
29733
29742
29751
29766
29783
29788
29820
29836
29838
29842
29848
29858
29891
29906
29912
29912
29923
29924
29924
29929
29929
29932
29943
29950
29956
29974
29974
29984
29984
29987
29997
30012
30021
30026
30036
30045
30045
30053
30057
30061
30067
30071
30073
30077
30085
30088
30095
30099
30103
30105
30106
30117
30127
30131
30138
30139
30153
30156
30156
30157
30160
30162
30165
30172
30174
30180
30190
30190
30203
30204
30208
30221
30223
30228
30228
30261
30267
30292
30293
30328
30334
30356
30364
30368
30368
30373
30378
30384
30392
30404
30408
30410
30411
30417
30423
30445
30451
30454
30460
30461
30473
30475
30483
30495
30501
30507
30513
30514
30525
30539
30546
30546
30547
30549
30562
30565
30579
30582
30585
30596
30617
30619
30627
30633
30634
30637
30640
30647
30688
30702
30722
30726
30740
30744
30771
30773
30784
30805
30813
30815
30815
30817
30818
30820
30823
30842
30844
30849
30849
30851
30856
30862
30865
30867
30877
30886
30895
30905
30908
30916
30921
30932
30933
30934
30937
30938
30947
30953
30958
30962
30977
30977
30991
30998
31004
31007
31009
31015
31016
31044
31047
31053
31054
31062
31064
31074
31079
31083
31088
31090
31104
31106
31115
31121
31133
31143
31157
31158
31158
31160
31172
31182
31203
31204
31229
31231
31235
31245
31252
31253
31254
31266
31270
31273
31285
31292
31295
31310
31317
31319
31320
31334
31341
31369
31380
31381
31382
31390
31394
31396
31399
31409
31409
31412
31417
31419
31421
31422
31423
31423
31430
31434
31453
31458
31458
31459
31464
31468
31480
31482
31493
31508
31512
31523
31531
31533
31535
31538
31541
31566
31587
31600
31603
31606
31607
31611
31617
31633
31635
31652
31669
31675
31681
31685
31686
31691
31697
31712
31719
31721
31729
31733
31736
31739
31757
31762
31763
31768
31769
31783
31793
31795
31818
31821
31844
31845
31864
31878
31881
31883
31892
31907
31918
31919
31921
31921
31936
31945
31946
31947
31948
31955
31956
31961
31966
31970
31975
31985
31986
31988
31996
32000
32004
32006
32015
32020
32021
32022
32024
32025
32038
32048
32053
32061
32062
32066
32068
32072
32073
32080
32085
32088
32100
32115
32123
32131
32135
32146
32164
32166
32174
32175
32184
32184
32184
32186
32192
32200
32203
32219
32223
32227
32234
32235
32245
32247
32251
32252
32255
32260
32261
32265
32267
32292
32293
32298
32301
32308
32320
32338
32340
32346
32347
32355
32368
32369
32374
32377
32379
32380
32384
32391
32397
32404
32405
32436
32465
32477
32478
32490
32491
32494
32509
32512
32516
32521
32526
32528
32546
32552
32557
32558
32562
32571
32578
32579
32582
32587
32600
32605
32606
32615
32617
32618
32631
32641
32674
32682
32686
32689
32691
32701
32704
32711
32716
32720
32738
32740
32743
32746
32748
32750
32752
32753
32753
32760
