1
3
4
7
10
11
12
12
13
13
14
19
21
25
27
51
55
55
55
58
64
76
81
82
85
86
88
93
99
100
104
106
106
107
117
118
118
119
119
120
121
124
124
127
128
128
148
157
158
160
163
165
168
169
172
174
176
188
193
196
197
202
209
209
218
220
220
222
225
226
228
231
234
235
237
238
245
256
256
263
265
266
267
271
283
284
288
291
293
296
297
298
305
305
306
312
314
316
318
322
326
326
329
337
342
348
351
351
351
356
357
376
378
380
382
393
396
396
403
406
407
410
411
418
420
432
438
446
446
452
454
455
472
473
478
482
483
484
492
493
494
496
502
505
507
510
510
511
511
511
513
517
517
518
523
528
535
542
542
543
546
553
562
565
571
572
573
574
577
583
583
588
594
602
603
605
606
607
608
611
617
620
620
626
629
633
633
638
639
641
642
645
646
652
657
660
665
665
667
668
670
675
675
681
689
690
692
693
697
701
704
705
706
706
716
719
720
727
734
734
736
737
738
743
744
750
767
768
773
777
779
782
783
783
788
788
788
795
797
799
802
810
820
824
825
826
827
834
836
839
841
842
842
843
843
843
843
844
850
861
861
861
862
868
868
868
872
874
880
883
885
885
891
908
909
910
910
911
913
914
916
917
917
917
917
919
929
940
945
952
954
956
958
959
961
963
969
971
976
977
978
978
987
991
992
992
995
996
998
1001
1002
1006
1009
1011
1017
1023
1028
1029
1035
1039
1046
1064
1067
1069
1074
1075
1082
1084
1092
1094
1106
1108
1112
1113
1115
1128
1132
1132
1133
1136
1146
1154
1159
1164
1166
1167
1167
1167
1168
1170
1171
1171
1173
1179
1183
1184
1187
1188
1192
1195
1200
1205
1207
1213
1213
1214
1219
1222
1226
1231
1235
1237
1241
1245
1249
1255
1256
1258
1260
1260
1260
1265
1271
1272
1275
1280
1281
1281
1296
1299
1300
1303
1308
1308
1313
1314
1315
1318
1318
1318
1321
1322
1327
1327
1330
1332
1332
1333
1338
1351
1353
1353
1362
1362
1363
1366
1379
1380
1382
1385
1386
1397
1398
1399
1400
1404
1407
1410
1410
1412
1412
1418
1421
1423
1426
1427
1428
1430
1430
1432
1436
1437
1442
1446
1446
1447
1449
1454
1454
1457
1457
1458
1458
1461
1461
1465
1465
1468
1475
1476
1477
1478
1483
1485
1497
1498
1498
1502
1503
1506
1509
1511
1512
1516
1517
1518
1521
1521
1531
1533
1534
1547
1550
1551
1552
1555
1558
1560
1562
1566
1567
1571
1574
1578
1578
1585
1589
1592
1594
1596
1597
1599
1604
1609
1617
1618
1620
1620
1621
1622
1623
1623
1630
1630
1633
1638
1647
1651
1655
1656
1658
1663
1666
1667
1670
1670
1674
1674
1679
1680
1683
1695
1696
1698
1699
1703
1707
1709
1710
1715
1716
1719
1724
1728
1730
1735
1742
1750
1752
1757
1767
1769
1770
1773
1774
1790
1803
1804
1815
1815
1816
1819
1827
1829
1832
1833
1835
1844
1846
1849
1852
1854
1858
1864
1870
1874
1877
1879
1882
1883
1890
1891
1894
1899
1905
1906
1907
1909
1910
1916
1918
1918
1918
1921
1921
1923
1923
1925
1925
1927
1929
1931
1936
1936
1938
1938
1939
1941
1950
1953
1954
1956
1956
1957
1963
1963
1965
1965
1969
1970
1972
1973
1973
1974
1976
1990
1992
1997
1998
2000
2005
2005
2010
2011
2011
2013
2014
2014
2014
2015
2015
2018
2020
2023
2023
2027
2029
2030
2038
2038
2039
2039
2045
2047
2049
2050
2053
2054
2056
2057
2059
2061
2063
2070
2071
2073
2075
2080
2081
2084
2087
2088
2089
2091
2092
2100
2100
2104
2105
2107
2108
2113
2113
2122
2123
2124
2124
2129
2129
2131
2134
2137
2138
2138
2139
2140
2142
2147
2148
2152
2152
2153
2154
2158
2159
2165
2168
2181
2188
2188
2189
2191
2191
2194
2200
2206
2210
2213
2213
2216
2219
2230
2235
2238
2238
2246
2258
2259
2263
2274
2278
2279
2281
2283
2288
2288
2292
2293
2294
2296
2300
2301
2303
2306
2307
2310
2311
2313
2329
2330
2332
2332
2334
2336
2339
2342
2344
2345
2353
2358
2359
2366
2371
2379
2380
2382
2386
2387
2388
2389
2390
2391
2396
2404
2405
2406
2413
2413
2418
2423
2432
2436
2437
2457
2457
2466
2473
2476
2485
2487
2488
2491
2495
2496
2502
2506
2509
2509
2511
2522
2531
2541
2549
2552
2562
2572
2572
2573
2575
2580
2581
2582
2589
2590
2591
2592
2593
2595
2597
2600
2601
2604
2604
2619
2622
2631
2635
2635
2638
2640
2640
2640
2645
2649
2650
2655
2656
2662
2667
2671
2678
2679
2687
2691
2697
2700
2700
2704
2705
2709
2710
2711
2712
2714
2719
2735
2740
2741
2742
2742
2747
2753
2754
2760
2762
2767
2767
2768
2768
2781
2784
2790
2796
2797
2798
2799
2799
2803
2813
2822
2837
2838
2842
2844
2855
2857
2859
2860
2863
2865
2865
2866
2868
2872
2877
2880
2881
2888
2897
2899
2906
2911
2914
2915
2915
2923
2923
2924
2925
2929
2943
2950
2955
2962
2969
2970
2971
2979
2979
2980
2980
2982
2985
2989
2990
2991
2993
2998
3000
3005
3006
3008
3011
3013
3016
3016
3023
3023
3026
3039
3041
3041
3047
3047
3048
3052
3054
3059
3059
3060
3063
3063
3066
3068
3071
3075
3076
3078
3079
3085
3086
3095
3098
3101
3105
3107
3114
3117
3125
3133
3134
3135
3136
3147
3151
3153
3157
3158
3159
3165
3166
3168
3171
3171
3179
3179
3180
3181
3184
3190
3193
3193
3196
3197
3199
3201
3201
3210
3210
3214
3215
3219
3219
3220
3221
3222
3227
3229
3230
3232
3238
3239
3240
3242
3246
3248
3250
3258
3259
3259
3262
3266
3270
3273
3290
3292
3294
3306
3307
3308
3309
3315
3319
3321
3324
3330
3330
3334
3334
3335
3336
3337
3340
3347
3348
3350
3351
3352
3353
3355
3356
3358
3358
3361
3371
3374
3375
3378
3387
3394
3407
3419
3420
3425
3426
3428
3428
3434
3436
3437
3440
3441
3443
3447
3448
3449
3450
3452
3458
3464
3467
3469
3476
3477
3477
3487
3491
3495
3501
3501
3502
3508
3509
3511
3515
3516
3517
3520
3520
3524
3526
3529
3531
3531
3532
3534
3535
3542
3543
3545
3548
3551
3560
3563
3572
3573
3573
3576
3583
3585
3588
3588
3594
3595
3596
3601
3609
3612
3612
3612
3614
3614
3617
3618
3626
3631
3632
3637
3641
3646
3651
3660
3662
3664
3669
3670
3671
3675
3682
3684
3690
3691
3698
3700
3703
3705
3707
3707
3711
3713
3718
3720
3721
3733
3736
3741
3756
3762
3763
3764
3766
3771
3776
3779
3796
3798
3805
3809
3809
3811
3813
3817
3818
3820
3822
3822
3827
3831
3834
3835
3836
3852
3852
3853
3853
3859
3860
3861
3863
3866
3873
3885
3891
3893
3896
3909
3909
3912
3912
3918
3926
3929
3936
3937
3949
3954
3957
3958
3960
3963
3966
3971
3972
3977
3979
3987
3987
3989
3990
3996
4004
4010
4019
4020
4027
4032
4034
4034
4038
4041
4043
4044
4055
4061
4061
4066
4077
4085
4086
4089
4089
4099
4102
4110
4112
4116
4125
4127
4129
4130
4134
4135
4138
4144
4153
4155
4158
4161
4168
4170
4172
4173
4183
4188
4192
4194
4203
4203
4212
4213
4215
4216
4217
4228
4232
4238
4238
4244
4250
4250
4250
4251
4252
4257
4259
4267
4277
4278
4279
4283
4285
4285
4320
4322
4324
4332
4332
4337
4339
4339
4340
4342
4346
4347
4347
4353
4355
4355
4356
4357
4359
4366
4372
4374
4374
4375
4377
4378
4379
4381
4382
4383
4385
4385
4386
4391
4392
4396
4399
4400
4400
4403
4405
4405
4413
4413
4414
4427
4440
4443
4444
4447
4450
4453
4453
4457
4459
4460
4466
4474
4481
4484
4484
4485
4489
4489
4490
4497
4499
4504
4506
4522
4526
4528
4531
4532
4534
4535
4538
4539
4541
4542
4545
4547
4559
4561
4563
4578
4581
4590
4591
4597
4598
4599
4614
4618
4618
4634
4635
4636
4636
4637
4638
4639
4643
4648
4651
4653
4658
4658
4659
4663
4665
4670
4674
4676
4676
4679
4689
4691
4691
4694
4698
4699
4704
4704
4709
4712
4712
4718
4721
4723
4725
4733
4738
4743
4745
4748
4748
4748
4749
4752
4757
4760
4763
4768
4774
4777
4786
4795
4797
4799
4799
4802
4804
4805
4807
4807
4807
4812
4813
4818
4819
4819
4825
4831
4835
4838
4842
4846
4847
4851
4854
4856
4859
4867
4867
4871
4872
4873
4879
4884
4887
4888
4888
4889
4891
4894
4898
4901
4905
4906
4911
4913
4913
4915
4921
4922
4923
4923
4929
4930
4941
4944
4945
4950
4956
4956
4960
4960
4962
4965
4966
4966
4968
4979
4984
4989
4992
4994
4997
5010
5011
5011
5013
5014
5014
5016
5016
5018
5022
5023
5027
5028
5036
5043
5046
5047
5050
5051
5052
5056
5056
5061
5064
5065
5065
5067
5069
5070
5071
5073
5073
5075
5076
5079
5079
5088
5089
5090
5094
5094
5103
5104
5104
5115
5117
5121
5125
5125
5131
5136
5140
5144
5144
5149
5154
5155
5155
5157
5157
5171
5175
5178
5179
5180
5187
5189
5193
5195
5196
5197
5204
5204
5209
5215
5219
5220
5230
5233
5235
5240
5242
5242
5246
5255
5268
5273
5280
5283
5287
5288
5289
5290
5291
5292
5297
5302
5313
5314
5316
5325
5326
5334
5334
5340
5341
5346
5349
5362
5366
5368
5383
5397
5397
5408
5408
5410
5420
5421
5423
5429
5439
5444
5448
5458
5458
5461
5464
5487
5491
5498
5498
5499
5500
5502
5517
5518
5521
5525
5525
5527
5528
5528
5529
5530
5540
5540
5541
5547
5547
5551
5551
5559
5563
5563
5564
5569
5576
5577
5580
5581
5582
5583
5587
5588
5591
5592
5596
5599
5599
5602
5602
5603
5606
5613
5615
5615
5615
5616
5618
5618
5622
5623
5625
5625
5636
5637
5639
5644
5644
5648
5650
5651
5659
5675
5676
5684
5685
5685
5686
5687
5691
5691
5692
5692
5693
5700
5703
5706
5709
5710
5717
5717
5719
5724
5727
5728
5729
5732
5738
5741
5742
5754
5755
5756
5764
5765
5766
5766
5769
5770
5772
5776
5780
5783
5784
5786
5788
5788
5791
5791
5792
5797
5803
5803
5804
5809
5809
5810
5813
5819
5819
5829
5830
5835
5838
5838
5839
5840
5840
5842
5843
5845
5847
5848
5852
5855
5859
5865
5870
5870
5877
5878
5878
5884
5885
5887
5890
5894
5895
5895
5896
5898
5899
5901
5909
5912
5913
5919
5921
5925
5927
5934
5934
5938
5951
5953
5953
5954
5955
5961
5963
5967
5969
5984
5987
5992
5995
5996
5999
5999
6006
6007
6011
6015
6031
6031
6037
6038
6039
6043
6044
6049
6051
6055
6056
6057
6066
6067
6070
6071
6078
6080
6082
6082
6084
6087
6089
6091
6092
6097
6099
6100
6102
6102
6103
6103
6104
6106
6107
6108
6110
6114
6116
6117
6118
6118
6120
6122
6124
6125
6129
6132
6133
6137
6140
6144
6146
6147
6151
6152
6154
6154
6155
6160
6162
6167
6168
6169
6175
6178
6183
6183
6186
6189
6201
6202
6206
6209
6223
6225
6226
6229
6232
6233
6252
6252
6252
6253
6256
6266
6271
6273
6281
6281
6286
6288
6288
6293
6297
6307
6312
6330
6334
6339
6345
6353
6355
6356
6362
6362
6363
6364
6365
6366
6368
6373
6375
6382
6383
6385
6391
6391
6392
6396
6396
6398
6402
6403
6404
6405
6406
6412
6414
6416
6425
6429
6433
6436
6438
6440
6446
6450
6450
6452
6457
6459
6462
6462
6470
6475
6475
6475
6482
6483
6486
6488
6492
6493
6493
6494
6496
6497
6507
6525
6530
6531
6537
6547
6550
6553
6559
6559
6562
6567
6567
6569
6570
6574
6575
6579
6588
6590
6596
6602
6603
6605
6607
6609
6610
6615
6620
6626
6628
6634
6635
6635
6635
6642
6643
6644
6645
6646
6648
6649
6651
6652
6654
6655
6658
6661
6667
6671
6673
6677
6680
6690
6690
6694
6696
6696
6708
6709
6709
6717
6718
6721
6723
6731
6731
6734
6734
6736
6737
6738
6739
6741
6742
6744
6749
6750
6751
6752
6757
6757
6760
6766
6771
6776
6777
6779
6782
6802
6802
6803
6820
6828
6832
6839
6844
6849
6849
6854
6856
6858
6858
6860
6863
6868
6869
6869
6876
6877
6879
6880
6883
6885
6885
6886
6906
6909
6913
6914
6915
6921
6921
6925
6928
6933
6934
6938
6939
6943
6948
6949
6950
6952
6954
6960
6964
6965
6966
6975
6976
6978
6978
6981
6981
6982
6985
6987
6991
6995
6995
6996
6998
6998
7001
7011
7015
7019
7024
7025
7026
7027
7029
7033
7041
7042
7042
7048
7050
7050
7051
7055
7058
7067
7070
7071
7076
7081
7084
7096
7096
7097
7097
7099
7102
7107
7109
7109
7111
7115
7117
7117
7121
7121
7125
7126
7131
7135
7136
7143
7145
7149
7150
7153
7154
7162
7176
7179
7181
7186
7187
7188
7189
7193
7197
7199
7200
7205
7210
7211
7218
7224
7224
7225
7229
7233
7235
7236
7236
7236
7238
7239
7239
7242
7249
7250
7252
7253
7253
7266
7270
7271
7275
7275
7276
7277
7277
7277
7282
7282
7283
7289
7290
7295
7300
7301
7302
7305
7313
7315
7319
7320
7323
7325
7327
7328
7331
7331
7334
7334
7334
7339
7342
7345
7347
7353
7368
7368
7369
7372
7379
7379
7381
7391
7394
7395
7396
7398
7400
7403
7405
7407
7409
7411
7413
7419
7420
7425
7426
7435
7435
7439
7439
7444
7447
7456
7457
7459
7460
7469
7481
7484
7487
7488
7488
7492
7493
7494
7506
7510
7511
7519
7522
7530
7531
7535
7538
7540
7560
7563
7567
7571
7573
7576
7577
7583
7588
7589
7592
7597
7602
7602
7621
7622
7623
7623
7627
7627
7632
7640
7643
7643
7648
7654
7655
7661
7663
7663
7664
7675
7685
7694
7699
7700
7705
7705
7714
7716
7718
7735
7739
7746
7747
7757
7760
7762
7764
7767
7767
7770
7773
7780
7784
7787
7790
7794
7798
7799
7807
7808
7824
7825
7836
7839
7841
7844
7846
7847
7851
7859
7862
7863
7869
7872
7874
7885
7888
7891
7892
7894
7895
7903
7903
7903
7910
7913
7919
7919
7920
7922
7922
7924
7924
7928
7928
7931
7935
7938
7944
7946
7951
7955
7956
7957
7958
7966
7971
7975
7981
7983
7986
7986
7987
8002
8002
8012
8018
8022
8024
8029
8030
8031
8033
8036
8040
8044
8044
8046
8049
8049
8056
8062
8065
8065
8065
8070
8074
8076
8077
8078
8078
8079
8086
8086
8089
8090
8091
8096
8097
8098
8100
8100
8112
8117
8118
8121
8125
8134
8138
8144
8159
8165
8174
8175
8176
8179
8182
8183
8184
8185
8187
8194
8196
8196
8203
8205
8208
8209
8212
8219
8221
8222
8231
8232
8236
8237
8237
8240
8241
8241
8246
8255
8257
8261
8262
8274
8274
8275
8276
8278
8283
8287
8294
8298
8300
8301
8302
8303
8310
8312
8316
8317
8321
8328
8329
8331
8332
8333
8342
8343
8348
8348
8350
8351
8351
8356
8359
8368
8369
8371
8372
8374
8374
8377
8377
8379
8387
8392
8394
8396
8396
8399
8400
8407
8408
8408
8422
8424
8425
8426
8428
8432
8434
8434
8446
8455
8461
8469
8471
8473
8481
8484
8485
8486
8486
8488
8496
8498
8502
8502
8503
8509
8517
8521
8528
8530
8534
8536
8537
8537
8539
8539
8544
8544
8545
8546
8550
8551
8551
8554
8554
8557
8558
8559
8571
8575
8577
8578
8581
8584
8586
8588
8592
8605
8614
8616
8616
8618
8624
8628
8631
8632
8633
8634
8634
8642
8645
8645
8646
8647
8649
8649
8655
8655
8656
8657
8658
8658
8661
8668
8668
8672
8675
8677
8678
8679
8681
8685
8691
8695
8695
8695
8695
8704
8713
8713
8717
8720
8722
8724
8728
8729
8737
8739
8740
8742
8743
8745
8747
8749
8749
8750
8751
8755
8757
8757
8758
8759
8766
8768
8771
8771
8773
8773
8778
8779
8781
8782
8785
8787
8788
8789
8793
8803
8806
8807
8810
8811
8812
8816
8818
8821
8830
8831
8834
8836
8839
8841
8841
8844
8846
8849
8865
8865
8870
8870
8871
8876
8877
8880
8882
8890
8906
8914
8920
8922
8923
8927
8929
8934
8934
8935
8935
8936
8944
8945
8947
8954
8962
8962
8966
8968
8971
8972
8980
8981
8981
8983
8988
8992
8997
9001
9007
9007
9008
9016
9018
9018
9019
9024
9028
9030
9033
9035
9036
9037
9041
9049
9065
9066
9067
9069
9072
9085
9086
9092
9098
9105
9114
9116
9117
9130
9134
9140
9144
9150
9151
9151
9157
9157
9161
9166
9168
9174
9176
9176
9182
9183
9189
9196
9197
9204
9206
9206
9207
9214
9215
9216
9218
9220
9222
9223
9225
9226
9227
9229
9229
9234
9238
9240
9242
9245
9249
9256
9256
9257
9259
9261
9270
9272
9275
9275
9280
9281
9286
9289
9290
9291
9291
9291
9292
9292
9294
9304
9305
9305
9309
9315
9318
9318
9324
9327
9329
9337
9338
9339
9339
9341
9341
9345
9347
9354
9354
9354
9358
9361
9366
9368
9376
9380
9386
9387
9389
9393
9396
9400
9400
9401
9403
9404
9408
9418
9420
9424
9426
9432
9443
9451
9451
9455
9471
9474
9480
9484
9485
9488
9488
9491
9494
9497
9498
9499
9505
9512
9513
9520
9521
9526
9539
9541
9547
9547
9548
9550
9550
9551
9557
9564
9564
9565
9565
9565
9566
9569
9573
9574
9576
9578
9579
9579
9579
9580
9580
9595
9596
9596
9598
9602
9605
9606
9612
9617
9617
9618
9619
9624
9633
9634
9636
9639
9643
9645
9652
9655
9657
9660
9660
9661
9662
9665
9668
9670
9672
9674
9675
9675
9677
9685
9687
9689
9693
9696
9697
9698
9701
9706
9714
9729
9734
9737
9741
9746
9751
9754
9757
9758
9759
9763
9763
9764
9765
9766
9767
9772
9773
9777
9786
9786
9801
9803
9803
9812
9815
9817
9822
9823
9825
9826
9832
9832
9835
9835
9838
9848
9852
9868
9869
9874
9877
9877
9878
9882
9886
9888
9899
9901
9902
9904
9905
9905
9906
9906
9914
9918
9918
9922
9922
9925
9928
9936
9938
9940
9941
9944
9949
9953
9963
9966
9966
9967
9968
9977
9978
9982
9986
9987
9988
9995
9998
10003
10007
10022
10023
10023
10025
10029
10032
10035
10039
10042
10045
10048
10054
10058
10066
10067
10071
10073
10083
10086
10089
10091
10091
10091
10104
10104
10104
10107
10108
10116
10128
10128
10135
10143
10143
10147
10148
10149
10153
10155
10158
10158
10159
10161
10166
10170
10179
10183
10185
10185
10188
10194
10197
10197
10206
10207
10211
10213
10216
10221
10221
10221
10226
10227
10235
10242
10249
10258
10258
10261
10262
10262
10267
10269
10270
10273
10274
10282
10283
10285
10286
10287
10294
10295
10297
10304
10305
10309
10313
10316
10317
10321
10323
10325
10339
10344
10349
10351
10352
10356
10361
10361
10369
10376
10378
10381
10385
10386
10386
10387
10389
10394
10405
10407
10420
10421
10423
10424
10425
10430
10431
10437
10446
10448
10449
10450
10457
10463
10464
10465
10468
10471
10477
10480
10480
10485
10485
10485
10491
10498
10500
10501
10503
10509
10511
10512
10514
10514
10522
10525
10528
10532
10535
10537
10545
10545
10555
10558
10558
10560
10563
10565
10567
10570
10572
10577
10584
10585
10586
10587
10588
10590
10590
10595
10598
10602
10603
10608
10611
10613
10614
10625
10627
10627
10630
10636
10636
10637
10639
10647
10647
10649
10655
10655
10659
10672
10673
10683
10683
10689
10691
10697
10707
10711
10713
10714
10715
10719
10719
10724
10727
10729
10730
10730
10735
10739
10747
10750
10750
10753
10766
10769
10774
10776
10776
10780
10780
10784
10784
10787
10793
10799
10802
10807
10815
10819
10821
10824
10827
10828
10832
10839
10841
10848
10849
10851
10851
10852
10852
10855
10856
10858
10869
10874
10874
10877
10880
10883
10887
10888
10891
10893
10896
10897
10900
10904
10905
10907
10908
10913
10917
10918
10921
10928
10928
10928
10933
10941
10947
10947
10952
10952
10953
10956
10957
10959
10966
10972
10972
10986
10997
11002
11009
11011
11016
11017
11030
11034
11034
11037
11039
11041
11046
11053
11054
11061
11067
11067
11072
11078
11085
11088
11095
11103
11105
11107
11108
11110
11111
11114
11115
11121
11122
11124
11127
11129
11129
11133
11135
11136
11137
11141
11142
11147
11148
11152
11157
11157
11160
11161
11163
11163
11165
11169
11169
11171
11172
11177
11177
11181
11189
11189
11192
11192
11193
11196
11198
11199
11200
11206
11206
11208
11209
11218
11222
11224
11227
11232
11234
11236
11238
11241
11241
11242
11247
11251
11251
11255
11255
11260
11262
11262
11267
11268
11274
11274
11278
11280
11282
11284
11299
11316
11321
11321
11326
11326
11332
11342
11347
11351
11352
11354
11357
11358
11361
11365
11365
11365
11367
11367
11368
11374
11377
11381
11384
11384
11387
11391
11397
11397
11397
11406
11410
11411
11416
11427
11427
11428
11428
11429
11432
11433
11443
11444
11455
11457
11459
11461
11464
11464
11468
11475
11477
11489
11491
11494
11495
11502
11506
11507
11508
11510
11515
11518
11522
11527
11538
11539
11539
11545
11561
11565
11566
11574
11578
11580
11580
11581
11586
11589
11593
11593
11600
11606
11610
11613
11613
11614
11619
11619
11620
11631
11633
11634
11635
11647
11650
11653
11658
11669
11670
11672
11672
11673
11675
11681
11683
11683
11685
11686
11686
11689
11692
11695
11697
11707
11707
11710
11710
11718
11726
11726
11733
11734
11736
11737
11748
11752
11755
11760
11763
11767
11771
11773
11774
11774
11777
11781
11782
11782
11785
11785
11786
11787
11787
11790
11794
11794
11795
11796
11797
11797
11799
11801
11805
11808
11818
11821
11824
11826
11835
11835
11846
11857
11867
11869
11875
11883
11885
11885
11886
11890
11892
11892
11893
11897
11898
11899
11899
11902
11903
11911
11911
11915
11915
11917
11922
11924
11926
11927
11929
11931
11931
11938
11948
11954
11967
11967
11968
11976
11980
11981
11986
11988
11995
11997
12002
12011
12017
12018
12018
12020
12024
12027
12033
12036
12041
12052
12060
12064
12067
12070
12073
12077
12079
12080
12086
12093
12095
12101
12114
12117
12120
12122
12124
12133
12136
12137
12139
12155
12159
12172
12175
12175
12179
12184
12184
12188
12189
12190
12191
12195
12195
12199
12200
12201
12202
12212
12213
12215
12219
12223
12226
12232
12237
12250
12255
12255
12264
12266
12266
12268
12275
12286
12287
12297
12302
12307
12307
12307
12309
12317
12318
12325
12328
12330
12336
12336
12339
12346
12348
12349
12353
12357
12360
12363
12364
12367
12370
12374
12374
12375
12377
12377
12380
12386
12392
12398
12399
12403
12403
12409
12410
12411
12412
12420
12421
12435
12437
12440
12447
12447
12450
12452
12453
12463
12466
12466
12471
12473
12478
12479
12479
12481
12484
12484
12486
12487
12489
12490
12492
12495
12497
12499
12506
12507
12511
12513
12515
12516
12518
12519
12538
12544
12544
12549
12551
12554
12555
12556
12557
12568
12573
12574
12574
12574
12584
12588
12591
12595
12597
12610
12612
12612
12614
12618
12619
12623
12624
12626
12626
12627
12631
12636
12638
12641
12642
12642
12643
12643
12646
12646
12647
12652
12657
12662
12668
12669
12671
12672
12674
12675
12680
12682
12682
12683
12683
12690
12692
12700
12701
12706
12706
12709
12710
12721
12723
12724
12725
12729
12729
12739
12740
12741
12744
12749
12749
12760
12761
12763
12765
12766
12773
12775
12777
12777
12780
12781
12785
12790
12795
12796
12801
12801
12804
12812
12812
12816
12818
12819
12821
12823
12825
12828
12830
12830
12833
12834
12843
12855
12862
12872
12877
12878
12881
12882
12890
12891
12896
12899
12900
12905
12907
12907
12907
12907
12910
12912
12914
12915
12916
12919
12920
12927
12928
12933
12938
12940
12941
12941
12942
12943
12945
12946
12957
12961
12965
12968
12969
12971
12972
12973
12975
12975
12977
12979
12983
12991
12993
13002
13004
13005
13008
13010
13010
13019
13020
13023
13027
13027
13027
13029
13037
13038
13038
13038
13047
13059
13060
13061
13062
13064
13067
13071
13071
13077
13079
13086
13089
13098
13099
13103
13104
13104
13104
13105
13106
13121
13122
13123
13127
13127
13128
13128
13128
13130
13140
13142
13143
13147
13154
13161
13163
13169
13170
13172
13175
13177
13179
13179
13179
13180
13181
13185
13185
13190
13193
13198
13199
13200
13205
13205
13207
13208
13209
13211
13216
13220
13223
13224
13227
13235
13237
13245
13245
13250
13250
13250
13251
13256
13259
13260
13261
13262
13263
13270
13271
13287
13289
13293
13294
13296
13296
13298
13306
13308
13308
13322
13326
13326
13330
13337
13338
13340
13353
13356
13362
13365
13368
13371
13371
13372
13376
13381
13385
13386
13390
13391
13395
13395
13402
13403
13405
13408
13411
13420
13421
13424
13425
13428
13430
13432
13433
13442
13444
13448
13449
13450
13450
13452
13454
13464
13467
13478
13483
13493
13496
13498
13500
13500
13509
13515
13515
13523
13524
13525
13527
13529
13529
13531
13531
13532
13532
13542
13545
13547
13547
13550
13556
13556
13557
13566
13568
13572
13572
13578
13578
13585
13590
13592
13593
13594
13597
13597
13601
13604
13606
13607
13610
13614
13619
13625
13625
13629
13636
13636
13637
13638
13644
13649
13652
13653
13659
13667
13669
13672
13676
13683
13683
13685
13685
13687
13693
13693
13694
13698
13704
13706
13715
13716
13719
13720
13720
13720
13722
13722
13748
13748
13751
13753
13753
13756
13759
13760
13760
13761
13764
13775
13779
13780
13783
13784
13787
13790
13790
13794
13797
13799
13801
13806
13807
13807
13809
13810
13813
13817
13821
13822
13824
13824
13827
13833
13834
13835
13839
13840
13844
13845
13850
13858
13859
13859
13861
13861
13862
13862
13864
13870
13877
13882
13886
13887
13887
13890
13897
13898
13903
13912
13912
13913
13915
13917
13918
13923
13923
13924
13925
13927
13937
13941
13942
13942
13947
13951
13951
13953
13957
13964
13966
13975
13991
13994
13996
13998
14000
14002
14003
14004
14005
14006
14010
14014
14016
14017
14018
14019
14044
14055
14057
14058
14060
14064
14070
14071
14074
14075
14079
14081
14081
14082
14085
14088
14090
14094
14099
14102
14102
14109
14110
14112
14112
14114
14114
14117
14119
14120
14129
14130
14141
14145
14153
14157
14160
14161
14161
14166
14168
14171
14172
14173
14175
14179
14199
14199
14201
14203
14210
14213
14224
14225
14226
14226
14228
14230
14242
14244
14244
14245
14250
14253
14255
14258
14262
14264
14265
14267
14269
14270
14273
14276
14276
14284
14291
14291
14296
14297
14300
14303
14303
14305
14308
14309
14315
14321
14326
14326
14327
14328
14328
14335
14340
14341
14342
14347
14351
14351
14359
14364
14367
14368
14373
14373
14374
14375
14378
14381
14387
14390
14406
14406
14413
14413
14413
14419
14424
14426
14428
14442
14443
14445
14451
14456
14456
14457
14457
14465
14470
14471
14472
14473
14474
14479
14482
14486
14495
14496
14506
14506
14511
14514
14516
14519
14520
14523
14528
14528
14532
14534
14538
14547
14551
14554
14555
14566
14567
14568
14570
14575
14576
14578
14578
14580
14586
14588
14589
14592
14596
14600
14602
14609
14612
14614
14616
14618
14622
14622
14626
14630
14631
14633
14651
14653
14659
14659
14661
14666
14667
14674
14678
14679
14685
14689
14689
14702
14704
14706
14711
14716
14717
14722
14722
14724
14725
14734
14738
14740
14742
14744
14750
14764
14764
14770
14770
14771
14772
14773
14775
14777
14777
14780
14783
14793
14799
14800
14806
14806
14813
14817
14818
14829
14834
14841
14851
14851
14857
14860
14866
14871
14874
14875
14876
14877
14880
14881
14883
14886
14889
14889
14894
14895
14895
14900
14904
14913
14915
14918
14919
14919
14920
14921
14922
14925
14925
14930
14935
14936
14937
14937
14946
14947
14950
14951
14952
14953
14957
14959
14960
14962
14966
14968
14971
14973
14973
14976
14979
14982
14987
14988
14992
14997
14998
15000
15003
15005
15006
15008
15013
15021
15022
15028
15030
15031
15032
15036
15037
15038
15038
15045
15050
15051
15056
15061
15062
15065
15071
15072
15073
15073
15074
15075
15076
15077
15081
15083
15085
15091
15092
15094
15094
15101
15107
15109
15110
15112
15132
15134
15137
15138
15142
15145
15157
15160
15162
15162
15167
15170
15176
15180
15181
15181
15182
15183
15183
15188
15190
15197
15199
15199
15206
15207
15212
15213
15218
15218
15218
15220
15221
15222
15224
15230
15231
15238
15241
15245
15247
15250
15255
15256
15262
15263
15265
15266
15270
15276
15279
15283
15285
15289
15297
15299
15301
15310
15310
15310
15310
15317
15318
15318
15319
15320
15322
15322
15324
15327
15328
15330
15333
15344
15345
15352
15358
15361
15365
15366
15369
15370
15374
15376
15378
15379
15380
15381
15388
15389
15389
15401
15407
15411
15414
15416
15418
15418
15423
15428
15428
15444
15445
15450
15454
15457
15457
15458
15460
15460
15461
15467
15467
15468
15468
15472
15473
15474
15480
15483
15487
15488
15489
15489
15498
15503
15503
15505
15509
15517
15523
15523
15524
15529
15533
15533
15534
15540
15542
15543
15546
15548
15551
15555
15556
15557
15560
15561
15581
15588
15590
15590
15599
15602
15603
15604
15609
15618
15622
15628
15629
15630
15634
15638
15640
15640
15648
15651
15657
15657
15661
15667
15669
15673
15678
15679
15680
15687
15688
15689
15691
15691
15698
15698
15702
15704
15705
15706
15717
15720
15720
15727
15731
15733
15734
15736
15736
15738
15745
15747
15748
15750
15751
15754
15755
15758
15761
15762
15764
15765
15769
15772
15774
15778
15780
15783
15791
15792
15792
15796
15803
15804
15805
15805
15808
15810
15810
15811
15812
15814
15817
15823
15824
15827
15839
15855
15859
15861
15865
15868
15879
15880
15880
15882
15883
15886
15888
15888
15888
15891
15897
15898
15909
15913
15914
15916
15916
15918
15920
15923
15925
15935
15935
15937
15937
15937
15938
15938
15942
15944
15947
15951
15956
15957
15959
15962
15963
15963
15966
15967
15969
15973
15978
15979
15984
15985
15990
16000
16007
16013
16018
16019
16026
16030
16032
16034
16039
16040
16042
16044
16046
16047
16049
16049
16052
16052
16053
16053
16063
16066
16067
16073
16077
16078
16079
16083
16084
16085
16085
16088
16091
16091
16093
16094
16101
16105
16107
16109
16111
16111
16113
16113
16120
16131
16136
16144
16149
16155
16159
16160
16161
16164
16164
16166
16176
16177
16183
16186
16187
16190
16191
16192
16192
16195
16198
16199
16204
16208
16209
16210
16214
16217
16218
16226
16230
16243
16246
16247
16249
16251
16259
16273
16277
16280
16281
16282
16288
16297
16303
16306
16309
16311
16312
16318
16318
16330
16330
16331
16333
16337
16338
16339
16342
16347
16353
16356
16356
16364
16380
16388
16389
16389
16411
16419
16422
16424
16428
16431
16433
16434
16435
16441
16450
16451
16454
16458
16459
16464
16465
16472
16472
16478
16483
16484
16484
16489
16494
16500
16501
16503
16505
16512
16512
16513
16523
16526
16528
16532
16541
16543
16543
16547
16550
16550
16556
16563
16565
16568
16570
16572
16573
16574
16590
16590
16595
16596
16599
16599
16599
16601
16604
16608
16611
16611
16612
16615
16617
16622
16625
16629
16631
16633
16636
16638
16646
16648
16649
16650
16651
16651
16653
16660
16664
16667
16670
16671
16677
16679
16679
16684
16686
16687
16687
16689
16693
16693
16698
16702
16702
16703
16704
16705
16706
16710
16721
16723
16724
16725
16725
16726
16732
16737
16737
16738
16747
16763
16764
16765
16774
16775
16782
16783
16783
16784
16785
16787
16787
16791
16794
16798
16800
16801
16803
16809
16812
16821
16823
16823
16824
16826
16827
16829
16829
16833
16834
16838
16840
16841
16849
16849
16850
16854
16858
16860
16863
16864
16865
16868
16870
16871
16882
16883
16883
16884
16897
16898
16899
16899
16904
16917
16925
16927
16939
16939
16940
16946
16947
16948
16948
16954
16959
16960
16962
16964
16968
16971
16971
16972
16980
16984
16987
16994
16994
16998
16998
17001
17005
17015
17018
17023
17025
17033
17035
17038
17040
17041
17060
17069
17070
17073
17074
17078
17080
17089
17089
17091
17095
17101
17101
17103
17110
17118
17130
17131
17134
17135
17139
17146
17147
17147
17150
17167
17168
17169
17177
17177
17179
17181
17186
17186
17186
17188
17189
17190
17197
17200
17207
17221
17222
17222
17223
17228
17235
17238
17240
17242
17245
17246
17247
17257
17258
17259
17267
17269
17270
17280
17281
17282
17284
17288
17297
17298
17299
17300
17300
17318
17320
17325
17334
17334
17335
17337
17337
17340
17343
17345
17346
17350
17351
17352
17356
17359
17360
17366
17367
17369
17371
17372
17373
17377
17385
17387
17393
17403
17409
17411
17415
17416
17417
17418
17422
17424
17428
17429
17431
17431
17433
17436
17440
17443
17454
17456
17457
17457
17459
17463
17464
17469
17471
17472
17472
17473
17474
17479
17480
17480
17488
17489
17491
17491
17492
17504
17508
17521
17522
17530
17532
17535
17536
17541
17543
17545
17546
17548
17549
17549
17550
17550
17553
17554
17556
17558
17558
17559
17560
17567
17570
17572
17573
17574
17576
17577
17577
17585
17585
17587
17587
17596
17598
17599
17603
17604
17605
17605
17615
17620
17625
17628
17634
17642
17642
17652
17653
17656
17660
17667
17668
17670
17670
17671
17673
17676
17679
17682
17683
17686
17692
17695
17696
17699
17699
17705
17709
17713
17715
17718
17719
17725
17730
17738
17744
17750
17754
17769
17772
17777
17779
17780
17792
17793
17820
17824
17828
17833
17835
17841
17846
17854
17863
17863
17872
17875
17877
17884
17896
17897
17897
17904
17905
17906
17913
17923
17929
17935
17941
17942
17957
17958
17962
17965
17967
17970
17976
17982
17987
17988
17989
17994
18001
18001
18009
18013
18016
18020
18020
18021
18028
18033
18034
18051
18054
18056
18059
18060
18061
18063
18069
18069
18073
18076
18081
18084
18085
18088
18088
18089
18091
18091
18098
18108
18111
18114
18114
18117
18117
18118
18118
18120
18124
18131
18135
18157
18157
18158
18159
18162
18164
18167
18169
18174
18176
18178
18179
18180
18182
18183
18192
18198
18202
18203
18204
18207
18214
18223
18228
18232
18242
18244
18248
18250
18251
18259
18276
18282
18283
18287
18289
18291
18295
18296
18311
18315
18316
18318
18321
18321
18328
18329
18332
18332
18333
18340
18343
18349
18352
18353
18354
18356
18360
18367
18373
18376
18378
18379
18379
18384
18391
18396
18400
18411
18412
18416
18418
18425
18426
18433
18433
18434
18437
18448
18449
18449
18450
18454
18467
18473
18473
18480
18484
18492
18492
18499
18500
18504
18508
18508
18508
18509
18511
18518
18521
18522
18522
18523
18525
18526
18529
18531
18533
18534
18536
18543
18544
18545
18548
18555
18557
18558
18558
18580
18581
18586
18586
18594
18595
18596
18604
18607
18610
18611
18612
18612
18613
18615
18617
18623
18624
18625
18638
18641
18642
18643
18643
18645
18650
18653
18654
18658
18665
18667
18667
18670
18670
18678
18680
18683
18692
18696
18697
18697
18699
18703
18703
18704
18705
18710
18715
18723
18730
18734
18735
18744
18749
18756
18758
18763
18768
18772
18773
18774
18776
18783
18787
18790
18791
18792
18795
18800
18806
18810
18812
18821
18823
18829
18833
18834
18842
18843
18850
18852
18858
18859
18861
18862
18864
18864
18866
18876
18877
18878
18879
18879
18882
18887
18893
18894
18895
18895
18896
18898
18900
18905
18908
18912
18919
18919
18925
18927
18930
18946
18947
18954
18955
18957
18959
18965
18966
18967
18971
18975
18976
18985
18994
18995
18997
19002
19004
19004
19013
19014
19015
19023
19025
19030
19034
19036
19041
19043
19046
19047
19047
19048
19053
19053
19054
19055
19058
19060
19061
19065
19069
19071
19075
19077
19081
19084
19086
19088
19088
19091
19092
19095
19096
19098
19099
19101
19101
19102
19103
19104
19106
19108
19115
19116
19118
19121
19123
19126
19129
19130
19134
19136
19141
19141
19143
19148
19149
19150
19152
19154
19157
19159
19160
19167
19167
19169
19171
19176
19176
19184
19187
19191
19194
19196
19208
19211
19211
19212
19216
19220
19224
19227
19229
19230
19231
19236
19236
19244
19261
19264
19266
19267
19267
19267
19273
19282
19286
19286
19286
19290
19290
19298
19305
19306
19311
19314
19318
19318
19325
19325
19331
19331
19332
19333
19335
19337
19340
19342
19349
19356
19367
19367
19368
19373
19380
19380
19381
19384
19384
19390
19394
19394
19395
19409
19414
19417
19418
19422
19424
19427
19432
19434
19437
19444
19445
19446
19447
19459
19460
19465
19468
19474
19475
19485
19487
19488
19490
19491
19504
19505
19506
19509
19521
19521
19525
19541
19544
19548
19554
19563
19566
19573
19591
19593
19593
19598
19600
19602
19604
19605
19611
19615
19617
19618
19620
19621
19627
19629
19629
19631
19632
19633
19636
19638
19638
19640
19641
19663
19667
19667
19691
19696
19725
19728
19731
19737
19738
19741
19742
19745
19748
19752
19766
19769
19776
19779
19780
19781
19785
19788
19791
19792
19793
19797
19800
19812
19813
19819
19820
19824
19824
19835
19837
19838
19841
19843
19843
19843
19848
19851
19851
19853
19860
19861
19866
19866
19873
19873
19885
19892
19897
19913
19913
19916
19918
19927
19930
19932
19935
19939
19947
19949
19967
19973
19978
19979
19980
19982
19982
19990
19991
19991
20002
20019
20032
20033
20045
20048
20049
20050
20054
20054
20055
20062
20063
20067
20070
20072
20073
20074
20077
20078
20081
20085
20088
20102
20104
20104
20107
20109
20111
20114
20114
20118
20124
20125
20125
20127
20129
20136
20137
20143
20144
20147
20148
20153
20158
20159
20168
20171
20174
20175
20178
20186
20190
20194
20198
20199
20206
20214
20224
20227
20230
20231
20231
20231
20236
20238
20239
20241
20247
20250
20256
20259
20263
20263
20264
20268
20271
20273
20278
20282
20290
20290
20291
20301
20320
20325
20340
20341
20343
20344
20351
20353
20353
20355
20357
20366
20368
20372
20372
20373
20381
20386
20388
20393
20394
20394
20398
20399
20400
20412
20416
20416
20417
20417
20417
20419
20425
20428
20428
20435
20436
20437
20438
20438
20440
20442
20443
20446
20457
20469
20479
20481
20483
20486
20488
20492
20495
20496
20502
20504
20513
20513
20520
20520
20521
20522
20523
20523
20524
20525
20527
20529
20532
20535
20535
20540
20544
20546
20547
20549
20553
20557
20559
20562
20563
20564
20564
20566
20568
20574
20575
20579
20580
20582
20591
20594
20594
20595
20600
20605
20608
20610
20612
20621
20625
20628
20632
20633
20633
20633
20634
20634
20635
20637
20640
20642
20644
20646
20647
20649
20652
20656
20663
20663
20664
20666
20672
20677
20680
20681
20682
20688
20692
20694
20695
20703
20724
20725
20728
20729
20729
20730
20741
20743
20743
20743
20746
20753
20755
20760
20761
20764
20764
20767
20768
20770
20773
20773
20775
20776
20783
20783
20785
20786
20789
20792
20794
20794
20796
20796
20797
20803
20803
20806
20813
20816
20817
20819
20835
20836
20837
20846
20854
20855
20855
20856
20857
20862
20862
20862
20866
20868
20871
20874
20884
20887
20891
20892
20896
20901
20908
20910
20910
20912
20921
20925
20926
20931
20932
20936
20937
20945
20954
20956
20959
20963
20963
20965
20968
20976
20977
20978
20981
20984
20988
20992
20995
20996
20999
21010
21011
21013
21017
21022
21026
21029
21032
21032
21039
21039
21041
21044
21048
21062
21063
21065
21066
21069
21076
21077
21087
21090
21097
21098
21098
21104
21112
21116
21118
21118
21130
21130
21138
21142
21143
21147
21152
21152
21155
21156
21156
21157
21159
21160
21161
21165
21169
21171
21175
21178
21183
21187
21189
21201
21202
21208
21213
21214
21220
21220
21220
21224
21224
21236
21237
21241
21245
21246
21247
21248
21251
21251
21253
21254
21261
21265
21266
21267
21267
21281
21283
21284
21287
21295
21296
21298
21299
21300
21302
21310
21311
21314
21315
21318
21319
21321
21323
21326
21327
21328
21334
21340
21346
21347
21352
21354
21359
21360
21361
21362
21362
21365
21368
21371
21372
21372
21373
21374
21374
21375
21375
21377
21377
21380
21386
21387
21394
21399
21402
21404
21415
21424
21425
21428
21437
21438
21443
21444
21446
21446
21452
21454
21457
21458
21459
21462
21462
21463
21464
21464
21466
21467
21467
21470
21476
21479
21480
21482
21498
21502
21504
21507
21511
21511
21513
21523
21523
21525
21536
21538
21538
21542
21545
21546
21547
21550
21550
21556
21567
21572
21574
21582
21583
21590
21592
21593
21597
21602
21605
21606
21610
21611
21614
21616
21622
21626
21626
21629
21630
21633
21640
21644
21655
21661
21661
21663
21667
21671
21673
21677
21678
21683
21684
21687
21690
21693
21693
21696
21700
21701
21702
21707
21719
21720
21721
21729
21729
21729
21731
21731
21733
21735
21737
21738
21742
21744
21749
21751
21756
21758
21761
21768
21770
21775
21776
21784
21788
21791
21793
21796
21797
21798
21800
21803
21805
21810
21816
21819
21819
21821
21821
21824
21829
21831
21832
21835
21838
21841
21851
21851
21851
21854
21854
21860
21868
21872
21876
21884
21886
21887
21887
21890
21891
21895
21896
21907
21908
21909
21917
21918
21926
21930
21931
21935
21940
21941
21941
21947
21951
21955
21964
21968
21970
21974
21976
21978
21982
21985
21986
21986
21992
21995
21996
21999
22000
22001
22002
22005
22010
22011
22014
22019
22020
22024
22033
22035
22036
22036
22038
22043
22046
22049
22051
22057
22058
22062
22063
22065
22072
22072
22074
22075
22081
22086
22089
22093
22096
22114
22114
22115
22123
22123
22130
22133
22134
22138
22141
22142
22143
22144
22149
22149
22150
22158
22158
22179
22181
22181
22184
22184
22189
22189
22189
22191
22191
22192
22194
22199
22199
22207
22226
22230
22230
22231
22232
22237
22239
22240
22241
22243
22245
22251
22251
22255
22258
22260
22261
22271
22273
22275
22284
22295
22296
22299
22300
22302
22317
22324
22325
22327
22329
22329
22330
22330
22332
22332
22334
22342
22343
22345
22347
22347
22347
22355
22362
22363
22363
22369
22370
22377
22377
22378
22378
22394
22399
22400
22404
22405
22408
22409
22410
22411
22416
22420
22422
22426
22431
22431
22434
22436
22447
22451
22458
22477
22493
22501
22502
22507
22512
22520
22522
22528
22536
22543
22553
22555
22565
22577
22578
22585
22585
22587
22588
22589
22593
22596
22603
22605
22611
22618
22631
22633
22633
22633
22647
22652
22657
22659
22662
22663
22669
22670
22671
22672
22682
22682
22683
22685
22686
22688
22688
22689
22692
22700
22704
22707
22707
22712
22712
22741
22742
22745
22745
22751
22756
22757
22758
22758
22762
22764
22764
22768
22769
22778
22779
22783
22783
22784
22791
22792
22795
22800
22802
22808
22808
22812
22817
22820
22827
22828
22833
22837
22838
22842
22842
22844
22844
22847
22856
22860
22866
22868
22872
22873
22887
22892
22892
22896
22901
22902
22903
22903
22906
22906
22910
22914
22914
22916
22917
22920
22922
22923
22923
22923
22927
22927
22931
22931
22932
22935
22948
22952
22960
22972
22981
22986
22988
22990
22993
23011
23019
23020
23020
23025
23030
23036
23042
23045
23045
23050
23057
23058
23064
23064
23065
23066
23070
23072
23075
23077
23079
23082
23086
23088
23090
23097
23104
23107
23112
23116
23116
23124
23125
23128
23137
23141
23146
23164
23166
23167
23168
23168
23170
23171
23172
23182
23184
23185
23188
23192
23215
23220
23221
23222
23228
23231
23232
23239
23239
23247
23248
23248
23249
23253
23254
23256
23257
23259
23266
23267
23267
23268
23270
23271
23294
23297
23300
23306
23315
23319
23319
23324
23329
23331
23335
23337
23346
23347
23352
23352
23353
23354
23355
23357
23359
23361
23362
23363
23363
23365
23365
23368
23372
23374
23379
23382
23382
23391
23393
23397
23399
23399
23399
23399
23403
23407
23412
23413
23414
23423
23427
23430
23430
23430
23435
23436
23438
23439
23452
23457
23459
23464
23466
23467
23468
23472
23479
23480
23484
23490
23490
23491
23500
23502
23503
23504
23506
23507
23510
23511
23514
23517
23522
23523
23525
23525
23526
23528
23529
23531
23531
23531
23533
23534
23536
23537
23541
23545
23554
23555
23557
23559
23561
23567
23568
23572
23572
23574
23578
23582
23583
23585
23588
23596
23597
23599
23600
23602
23606
23606
23606
23608
23611
23612
23612
23622
23625
23629
23629
23630
23632
23632
23637
23638
23649
23650
23651
23651
23655
23655
23658
23661
23666
23676
23683
23688
23689
23691
23696
23699
23707
23710
23710
23711
23711
23714
23714
23715
23715
23718
23719
23720
23724
23725
23728
23730
23732
23735
23735
23740
23752
23753
23764
23773
23776
23784
23790
23793
23794
23797
23801
23802
23814
23816
23819
23824
23831
23832
23836
23836
23838
23841
23841
23842
23844
23848
23848
23853
23855
23857
23857
23861
23862
23865
23867
23875
23878
23879
23880
23883
23886
23889
23891
23894
23895
23899
23902
23903
23903
23907
23909
23909
23916
23917
23919
23921
23923
23924
23927
23929
23930
23934
23936
23941
23941
23954
23955
23960
23963
23964
23966
23972
23973
23981
23982
23986
23989
23996
23998
24006
24007
24011
24014
24016
24017
24025
24034
24034
24038
24042
24043
24050
24052
24057
24058
24061
24067
24068
24069
24070
24084
24088
24089
24089
24091
24096
24104
24107
24109
24111
24114
24122
24128
24132
24135
24136
24144
24144
24147
24151
24159
24160
24172
24177
24178
24178
24178
24178
24181
24182
24187
24187
24208
24208
24213
24217
24217
24224
24226
24234
24239
24241
24248
24256
24257
24263
24264
24265
24266
24267
24269
24271
24273
24274
24276
24278
24280
24284
24285
24289
24290
24291
24291
24293
24294
24295
24295
24302
24307
24312
24312
24313
24313
24313
24316
24318
24319
24320
24322
24325
24331
24333
24335
24351
24353
24354
24355
24356
24360
24362
24362
24364
24364
24368
24369
24380
24386
24392
24395
24396
24396
24400
24401
24402
24403
24405
24412
24412
24425
24425
24427
24433
24433
24437
24439
24439
24443
24444
24445
24448
24448
24449
24457
24460
24466
24467
24470
24474
24477
24479
24482
24494
24499
24499
24500
24501
24503
24504
24506
24506
24509
24512
24518
24519
24522
24525
24529
24532
24533
24534
24543
24546
24551
24555
24556
24559
24560
24564
24564
24564
24566
24569
24572
24578
24581
24582
24582
24591
24592
24592
24593
24596
24596
24599
24608
24608
24610
24614
24614
24614
24618
24621
24624
24628
24629
24629
24630
24634
24638
24640
24641
24642
24646
24656
24662
24672
24672
24674
24676
24678
24682
24695
24702
24709
24713
24715
24719
24721
24727
24729
24734
24737
24737
24740
24742
24743
24748
24773
24775
24776
24781
24786
24789
24798
24800
24803
24806
24806
24808
24809
24811
24813
24816
24817
24817
24822
24822
24823
24830
24832
24841
24843
24854
24856
24856
24858
24868
24870
24877
24881
24887
24887
24890
24897
24912
24915
24918
24920
24921
24922
24923
24925
24928
24929
24929
24931
24934
24937
24939
24944
24944
24945
24954
24957
24959
24962
24964
24965
24965
24965
24965
24967
24967
24967
24967
24968
24970
24976
24979
24983
24984
25007
25013
25014
25017
25017
25025
25026
25030
25031
25032
25032
25034
25036
25040
25042
25046
25055
25058
25059
25059
25065
25073
25088
25089
25093
25095
25097
25099
25106
25107
25111
25115
25118
25121
25125
25129
25138
25139
25142
25144
25147
25150
25151
25155
25168
25168
25169
25171
25174
25175
25178
25181
25183
25185
25187
25187
25191
25195
25196
25196
25197
25197
25204
25210
25214
25215
25216
25220
25222
25223
25225
25229
25230
25231
25231
25232
25233
25237
25241
25243
25247
25250
25252
25256
25267
25277
25278
25281
25287
25290
25294
25295
25298
25300
25301
25305
25312
25319
25324
25339
25348
25351
25351
25353
25354
25357
25358
25360
25368
25373
25379
25381
25383
25383
25386
25386
25387
25389
25393
25395
25397
25398
25405
25409
25411
25412
25417
25423
25430
25431
25432
25436
25442
25444
25449
25449
25450
25452
25452
25455
25458
25461
25462
25467
25472
25473
25475
25477
25481
25484
25488
25494
25494
25496
25499
25499
25502
25504
25505
25510
25514
25515
25517
25518
25519
25530
25533
25535
25537
25538
25540
25546
25548
25550
25552
25553
25554
25557
25561
25562
25564
25564
25566
25571
25572
25574
25581
25586
25587
25594
25613
25616
25618
25627
25629
25641
25641
25644
25651
25652
25656
25659
25660
25668
25678
25683
25692
25693
25701
25702
25706
25711
25716
25720
25722
25726
25727
25727
25735
25741
25743
25747
25747
25748
25751
25756
25757
25759
25759
25763
25764
25769
25771
25774
25785
25786
25787
25788
25792
25794
25801
25802
25804
25808
25808
25811
25814
25819
25819
25821
25822
25823
25828
25830
25832
25835
25843
25846
25849
25853
25855
25856
25863
25868
25874
25877
25877
25884
25890
25894
25897
25903
25906
25907
25911
25918
25921
25922
25924
25924
25928
25928
25935
25937
25942
25943
25945
25947
25952
25965
25967
25971
25973
25975
25976
25978
25979
25986
25990
25992
25992
25994
26000
26004
26005
26013
26022
26029
26040
26042
26042
26044
26049
26050
26050
26056
26059
26063
26066
26066
26067
26067
26072
26073
26074
26078
26078
26080
26081
26087
26089
26094
26098
26099
26102
26102
26112
26115
26117
26120
26120
26126
26127
26130
26137
26137
26137
26142
26149
26151
26152
26156
26163
26169
26170
26179
26180
26183
26185
26185
26187
26188
26189
26197
26199
26201
26201
26202
26206
26208
26210
26212
26214
26218
26219
26220
26229
26235
26235
26237
26237
26250
26257
26260
26274
26275
26275
26281
26286
26289
26295
26300
26300
26302
26304
26305
26314
26316
26318
26319
26319
26320
26322
26331
26340
26342
26352
26353
26359
26362
26376
26379
26382
26383
26385
26389
26389
26393
26394
26401
26404
26405
26405
26411
26414
26425
26429
26429
26431
26440
26453
26455
26466
26467
26473
26478
26480
26482
26483
26483
26488
26492
26493
26497
26500
26503
26503
26506
26507
26510
26515
26515
26521
26523
26542
26544
26548
26550
26553
26561
26565
26573
26578
26582
26587
26594
26596
26597
26599
26607
26611
26612
26621
26624
26627
26627
26635
26636
26638
26642
26651
26659
26661
26663
26665
26667
26675
26677
26684
26690
26697
26697
26698
26699
26702
26702
26707
26708
26710
26712
26721
26728
26730
26736
26743
26745
26746
26747
26751
26758
26774
26775
26780
26782
26783
26785
26790
26795
26797
26798
26799
26818
26819
26821
26822
26824
26829
26832
26836
26840
26841
26843
26845
26851
26853
26856
26867
26867
26868
26869
26873
26874
26874
26882
26891
26892
26895
26895
26904
26905
26907
26907
26908
26914
26914
26918
26922
26928
26934
26936
26941
26943
26950
26952
26954
26954
26960
26964
26964
26971
26974
26976
26976
26982
26983
26985
26986
26986
26988
26991
26991
26993
26996
26996
27006
27006
27013
27016
27022
27023
27025
27026
27029
27030
27033
27033
27042
27046
27049
27049
27049
27049
27050
27051
27053
27059
27061
27063
27064
27064
27070
27074
27081
27101
27102
27106
27110
27112
27114
27118
27121
27122
27125
27127
27128
27130
27130
27130
27131
27132
27135
27137
27147
27159
27163
27167
27169
27177
27187
27198
27204
27205
27212
27215
27217
27223
27229
27230
27231
27237
27238
27241
27242
27247
27247
27248
27255
27257
27257
27259
27259
27261
27262
27264
27268
27272
27280
27282
27288
27292
27293
27294
27295
27304
27304
27304
27304
27313
27317
27319
27322
27323
27332
27338
27347
27350
27360
27367
27370
27375
27377
27379
27381
27382
27386
27386
27387
27391
27411
27413
27417
27420
27424
27428
27432
27441
27443
27445
27447
27448
27451
27451
27452
27453
27456
27457
27459
27470
27479
27483
27486
27498
27498
27501
27501
27502
27502
27507
27509
27510
27510
27512
27524
27526
27527
27528
27531
27541
27543
27544
27546
27546
27554
27555
27558
27561
27563
27566
27579
27582
27585
27585
27587
27589
27592
27592
27594
27594
27598
27601
27608
27609
27610
27612
27612
27613
27617
27619
27623
27628
27629
27632
27645
27648
27653
27654
27655
27655
27665
27668
27670
27672
27673
27674
27681
27684
27686
27687
27687
27689
27690
27692
27695
27697
27698
27702
27708
27713
27717
27720
27723
27725
27726
27729
27731
27737
27738
27739
27743
27743
27753
27757
27759
27761
27763
27766
27767
27768
27778
27781
27785
27785
27787
27787
27795
27796
27804
27805
27807
27814
27816
27819
27820
27826
27830
27830
27833
27836
27841
27844
27854
27864
27865
27869
27886
27886
27886
27888
27889
27900
27905
27907
27911
27913
27915
27915
27917
27923
27925
27926
27930
27933
27933
27933
27940
27943
27948
27951
27953
27957
27960
27961
27962
27964
27968
27969
27973
27978
27979
27979
27985
27990
27999
27999
28004
28007
28020
28020
28025
28025
28027
28030
28031
28034
28035
28040
28040
28045
28051
28056
28063
28071
28076
28077
28084
28084
28093
28093
28093
28098
28098
28102
28103
28106
28107
28112
28115
28118
28125
28126
28128
28131
28134
28135
28136
28139
28143
28146
28146
28155
28163
28171
28174
28175
28180
28183
28188
28188
28192
28193
28196
28198
28199
28202
28207
28212
28212
28218
28219
28221
28223
28224
28227
28231
28234
28235
28239
28243
28244
28244
28244
28244
28245
28248
28249
28252
28257
28258
28259
28264
28265
28269
28269
28271
28271
28275
28276
28277
28277
28278
28278
28299
28301
28313
28315
28317
28318
28321
28321
28322
28324
28327
28331
28335
28338
28347
28355
28357
28362
28364
28364
28365
28368
28369
28370
28376
28384
28388
28391
28399
28403
28404
28413
28414
28417
28420
28423
28427
28430
28430
28435
28436
28440
28446
28453
28455
28459
28461
28464
28468
28476
28491
28498
28500
28501
28506
28515
28518
28519
28520
28522
28525
28525
28534
28535
28537
28540
28542
28544
28546
28548
28557
28558
28564
28567
28568
28569
28574
28575
28575
28576
28578
28579
28584
28585
28588
28594
28600
28608
28610
28623
28625
28629
28630
28650
28665
28690
28692
28693
28695
28699
28701
28703
28705
28706
28708
28710
28711
28714
28715
28721
28725
28727
28727
28729
28730
28731
28732
28734
28744
28748
28751
28751
28752
28754
28755
28756
28761
28761
28761
28765
28767
28770
28780
28788
28791
28791
28792
28792
28793
28796
28797
28797
28799
28804
28809
28810
28813
28823
28824
28827
28828
28829
28834
28834
28836
28839
28847
28848
28855
28857
28866
28872
28877
28881
28882
28887
28890
28895
28899
28900
28903
28905
28909
28910
28912
28916
28917
28920
28921
28921
28926
28927
28930
28932
28932
28937
28944
28944
28945
28949
28951
28953
28958
28959
28960
28963
28973
28973
28974
28974
28981
28985
28991
28993
28994
28998
29001
29001
29004
29006
29010
29015
29015
29016
29021
29023
29024
29028
29031
29038
29042
29043
29043
29047
29047
29050
29052
29054
29055
29055
29056
29059
29060
29060
29060
29066
29072
29074
29075
29078
29083
29085
29086
29090
29096
29097
29099
29100
29106
29113
29114
29114
29117
29118
29125
29131
29141
29141
29143
29143
29146
29148
29150
29156
29161
29167
29172
29176
29180
29181
29184
29185
29192
29196
29196
29197
29198
29199
29199
29208
29210
29221
29230
29233
29234
29236
29236
29238
29239
29241
29252
29255
29258
29260
29267
29273
29274
29277
29281
29282
29293
29295
29297
29297
29299
29300
29303
29308
29311
29314
29317
29318
29320
29322
29322
29324
29327
29333
29335
29337
29341
29341
29342
29342
29343
29344
29353
29358
29362
29362
29370
29371
29378
29379
29382
29389
29390
29398
29398
29411
29417
29419
29422
29429
29429
29432
29433
29435
29436
29436
29439
29442
29444
29448
29452
29455
29455
29465
29470
29472
29474
29475
29481
29484
29487
29487
29493
29515
29515
29516
29519
29519
29522
29525
29528
29528
29531
29532
29533
29536
29537
29542
29544
29547
29549
29550
29563
29566
29567
29567
29567
29580
29583
29586
29588
29592
29595
29602
29603
29605
29606
29608
29610
29610
29611
29612
29612
29613
29614
29624
29627
29628
29634
29634
29636
29641
29645
29645
29650
29652
29654
29654
29656
29659
29660
29661
29664
29669
29674
29681
29687
29691
29698
29701
29703
29713
29716
29717
29718
29721
29721
29722
29724
29739
29745
29746
29750
29752
29760
29760
29766
29768
29768
29769
29776
29778
29786
29792
29792
29792
29794
29802
29809
29810
29811
29811
29811
29811
29815
29817
29817
29819
29821
29821
29822
29824
29824
29831
29833
29841
29843
29844
29845
29848
29852
29854
29860
29861
29866
29866
29866
29867
29867
29869
29871
29871
29877
29879
29880
29880
29884
29885
29887
29891
29895
29901
29902
29905
29908
29912
29916
29917
29919
29924
29932
29942
29944
29957
29958
29961
29963
29967
29971
29975
29985
29990
29994
30011
30012
30019
30020
30021
30027
30034
30034
30048
30050
30050
30053
30055
30055
30062
30063
30067
30071
30073
30076
30076
30077
30084
30092
30092
30094
30098
30101
30104
30105
30105
30106
30113
30114
30115
30118
30127
30131
30133
30135
30137
30144
30144
30145
30145
30148
30152
30153
30153
30156
30161
30166
30167
30169
30184
30187
30187
30192
30193
30197
30199
30200
30201
30205
30205
30206
30207
30209
30212
30213
30214
30214
30215
30217
30217
30236
30239
30241
30241
30243
30250
30250
30253
30260
30261
30265
30273
30275
30276
30278
30281
30283
30283
30288
30289
30290
30291
30295
30300
30307
30309
30309
30310
30313
30319
30322
30324
30330
30332
30332
30337
30342
30343
30344
30346
30347
30352
30355
30355
30356
30357
30365
30371
30378
30378
30379
30385
30386
30393
30394
30394
30394
30402
30404
30407
30408
30414
30415
30416
30419
30422
30423
30426
30429
30432
30435
30441
30444
30445
30445
30448
30449
30451
30451
30462
30464
30468
30476
30477
30482
30482
30487
30492
30494
30494
30495
30495
30496
30499
30500
30502
30505
30510
30513
30514
30520
30521
30522
30524
30524
30526
30530
30536
30538
30539
30539
30540
30541
30541
30543
30548
30548
30560
30561
30562
30563
30568
30576
30578
30579
30581
30583
30590
30592
30596
30600
30606
30607
30616
30617
30619
30619
30620
30622
30627
30628
30629
30629
30633
30642
30643
30643
30643
30644
30645
30650
30652
30652
30653
30655
30659
30660
30662
30664
30664
30665
30667
30669
30670
30672
30676
30676
30679
30682
30682
30685
30686
30689
30691
30697
30703
30704
30705
30706
30711
30711
30713
30716
30718
30720
30720
30725
30726
30727
30729
30729
30732
30734
30741
30744
30747
30752
30753
30754
30759
30762
30769
30773
30775
30777
30779
30779
30780
30782
30789
30789
30795
30800
30804
30805
30805
30806
30809
30818
30819
30822
30824
30825
30826
30836
30842
30844
30848
30849
30850
30854
30855
30861
30862
30870
30876
30886
30889
30893
30897
30899
30908
30908
30915
30916
30917
30931
30931
30932
30935
30945
30949
30950
30952
30953
30957
30958
30962
30967
30968
30973
30978
30984
30984
30986
30986
30992
30994
30998
31005
31010
31012
31014
31019
31020
31020
31024
31031
31047
31047
31055
31056
31064
31066
31068
31071
31078
31088
31091
31104
31105
31113
31114
31114
31122
31124
31126
31126
31128
31129
31130
31131
31131
31132
31132
31132
31135
31136
31143
31144
31146
31153
31156
31157
31159
31160
31160
31161
31166
31168
31177
31178
31182
31183
31183
31188
31190
31191
31196
31197
31200
31212
31220
31227
31229
31229
31232
31239
31242
31242
31243
31244
31245
31250
31254
31258
31259
31259
31259
31265
31265
31266
31272
31275
31277
31285
31299
31305
31318
31318
31322
31324
31330
31349
31350
31353
31355
31358
31359
31361
31365
31366
31366
31370
31370
31373
31375
31377
31380
31383
31400
31404
31411
31414
31415
31417
31420
31423
31424
31425
31430
31435
31442
31442
31444
31444
31446
31448
31448
31449
31453
31455
31457
31458
31461
31473
31474
31489
31489
31505
31508
31510
31514
31517
31518
31518
31528
31531
31534
31537
31540
31542
31543
31544
31546
31547
31548
31554
31557
31558
31558
31559
31565
31567
31573
31574
31575
31580
31582
31583
31584
31584
31589
31590
31590
31592
31601
31602
31603
31604
31608
31609
31616
31620
31620
31621
31622
31633
31634
31641
31647
31650
31652
31667
31674
31678
31678
31678
31678
31681
31683
31686
31687
31689
31696
31700
31703
31703
31713
31714
31717
31719
31723
31723
31728
31731
31732
31737
31738
31739
31749
31754
31760
31762
31768
31770
31776
31777
31782
31784
31784
31786
31794
31795
31797
31798
31803
31810
31811
31811
31813
31813
31823
31827
31828
31832
31839
31844
31852
31855
31855
31857
31864
31866
31868
31872
31880
31888
31890
31896
31899
31901
31901
31909
31909
31911
31914
31915
31917
31917
31918
31920
31920
31921
31923
31923
31931
31932
31933
31938
31939
31942
31949
31950
31952
31954
31961
31963
31969
31972
31972
31975
31976
31978
31978
31987
31989
31990
31993
31993
31995
31996
31996
31999
32003
32013
32013
32017
32017
32019
32019
32026
32028
32036
32045
32047
32050
32056
32060
32064
32064
32078
32085
32094
32095
32095
32099
32103
32104
32105
32106
32106
32110
32112
32115
32115
32122
32123
32124
32128
32130
32131
32136
32138
32139
32143
32143
32144
32146
32146
32147
32151
32153
32153
32160
32161
32162
32166
32167
32170
32171
32171
32171
32171
32175
32178
32181
32189
32193
32195
32196
32200
32201
32202
32204
32206
32207
32207
32215
32215
32221
32227
32238
32241
32241
32242
32246
32247
32251
32258
32283
32287
32290
32295
32296
32305
32305
32307
32307
32311
32311
32324
32327
32330
32337
32344
32353
32359
32362
32369
32370
32373
32376
32377
32379
32381
32384
32384
32391
32392
32395
32396
32402
32404
32404
32416
32421
32423
32424
32426
32426
32430
32437
32451
32454
32457
32468
32469
32474
32475
32476
32476
32478
32478
32479
32480
32488
32496
32499
32500
32503
32509
32511
32514
32514
32515
32515
32516
32517
32522
32525
32526
32529
32530
32531
32535
32538
32541
32549
32551
32553
32554
32565
32568
32570
32571
32580
32587
32590
32591
32601
32605
32607
32611
32611
32611
32616
32618
32618
32622
32622
32627
32628
32633
32636
32638
32640
32641
32642
32650
32654
32659
32662
32664
32667
32668
32669
32671
32675
32676
32678
32693
32700
32706
32712
32712
32715
32715
32719
32725
32728
32730
32736
32738
32738
32740
32747
32748
32751
32754
32754
32756
32758
32763
32764
32764
